T,RGRFx,RGRFy,RGRFz,RGRTx,RGRTy,RGRTz,LGRFx,LGRFy,LGRFz,LGRTx,LGRTy,LGRTz
0,-6.99997,200.95243,7.00037,-6.99997,-1.43211,-6.99999,-7,486.32254,6.99999,-6.99997,-1.43212,-6.99999
0.02,-6.99998,196.24395,7.00042,-6.99997,-1.25503,-6.99999,-7,491.0385,7,-6.99997,-1.25503,-6.99999
0.04,-6.99999,191.61712,7.00043,-6.99998,-1.08072,-7,-7,495.6724,7.00002,-6.99998,-1.0807,-7
0.06,-7.00002,187.19485,7.0004,-6.99999,-0.91395,-7,-7,500.10103,7.00005,-6.99999,-0.9139,-7
0.08,-7.00005,183.07298,7.0003,-7.00001,-0.75871,-7.00001,-7,504.22828,7.00009,-7.00001,-0.75863,-7.00001
0.1,-7.00009,179.31446,7.00011,-7.00004,-0.618,-7.00001,-7,507.99105,7.00015,-7.00004,-0.61789,-7.00001
0.12,-7.00015,175.94755,6.99979,-7.00008,-0.49381,-7.00002,-7,511.36098,7.00021,-7.00008,-0.49365,-7.00002
0.14,-7.00023,172.96742,6.99933,-7.00014,-0.38707,-7.00004,-7,514.3429,7.00028,-7.00014,-0.38687,-7.00004
0.16,-7.00031,170.34039,6.99868,-7.00021,-0.29784,-7.00005,-7,516.97057,7.00036,-7.00021,-0.2976,-7.00005
0.18,-7.00041,168.00988,6.99785,-7.00029,-0.22542,-7.00007,-7.00001,519.30072,7.00043,-7.00029,-0.22513,-7.00007
0.2,-7.0005,165.90327,6.99681,-7.00038,-0.16852,-7.00009,-7.00001,521.40615,7.0005,-7.00038,-0.16818,-7.00009
0.22,-7.00059,163.93892,6.9956,-7.00048,-0.12547,-7.00011,-7.00001,523.36872,7.00053,-7.00048,-0.12511,-7.00011
0.24,-7.00065,162.03247,6.99426,-7.00057,-0.09438,-7.00012,-7.00001,525.27302,7.00052,-7.00057,-0.094,-7.00012
0.26,-7.00067,160.10208,6.99288,-7.00064,-0.0733,-7.00013,-7.00001,527.20111,7.00043,-7.00064,-0.07293,-7.00013
0.28,-7.0006,158.07227,6.99163,-7.00067,-0.06035,-7.00013,-7.00001,529.22871,7.00024,-7.00067,-0.06001,-7.00013
0.3,-7.00043,155.87631,6.99073,-7.00063,-0.05381,-7.00011,-7.00001,531.42273,6.99992,-7.00063,-0.0535,-7.00011
0.32,-7.00011,153.45746,6.99048,-7.00049,-0.05217,-7.00007,-7.00001,533.84009,6.99942,-7.00049,-0.05191,-7.00007
0.34,-6.99959,150.7692,6.99129,-7.00021,-0.05417,-6.99999,-7,536.52748,6.99872,-7.00021,-0.05399,-6.99999
0.36,-6.99884,147.77484,6.99363,-6.99975,-0.05885,-6.99987,-6.99999,539.52171,6.99778,-6.99975,-0.05875,-6.99987
0.38,-6.99781,144.44665,6.99809,-6.99906,-0.06548,-6.9997,-6.99998,542.85064,6.9966,-6.99906,-0.06549,-6.9997
0.4,-6.99648,140.76469,7.00527,-6.9981,-0.07359,-6.99947,-6.99996,546.53432,6.99519,-6.9981,-0.07374,-6.99947
0.42,-6.99484,136.71548,7.01582,-6.99685,-0.0829,-6.99917,-6.99993,550.58632,6.99358,-6.99685,-0.0832,-6.99917
0.44,-6.99294,132.29043,7.03028,-6.99529,-0.09324,-6.99882,-6.9999,555.01535,6.99189,-6.99529,-0.09373,-6.99882
0.46,-6.99085,127.48415,7.04903,-6.99345,-0.10452,-6.99842,-6.99986,559.82688,6.99026,-6.99345,-0.10522,-6.99842
0.48,-6.98875,122.29288,7.07212,-6.99139,-0.11663,-6.998,-6.99982,565.02479,6.98894,-6.99139,-0.11755,-6.998
0.5,-6.98688,116.71306,7.0991,-6.98927,-0.12935,-6.99758,-6.99978,570.61276,6.98827,-6.98927,-0.1305,-6.99758
0.52,-6.98561,110.74049,7.12875,-6.98731,-0.14236,-6.99724,-6.99975,576.59511,6.98869,-6.98731,-0.14371,-6.99724
0.54,-6.98542,104.37047,7.15886,-6.98584,-0.15517,-6.99705,-6.99972,582.97667,6.99077,-6.98584,-0.15665,-6.99705
0.56,-6.98697,97.59914,7.1859,-6.98531,-0.16716,-6.99712,-6.99971,589.76146,6.99516,-6.98531,-0.16868,-6.99712
0.58,-6.99101,90.42662,7.20478,-6.98634,-0.17775,-6.9976,-6.99974,596.9495,7.00261,-6.98634,-0.17914,-6.9976
0.6,-6.99843,82.86199,7.20857,-6.98965,-0.18651,-6.99864,-6.99982,604.53181,7.0139,-6.98965,-0.18753,-6.99864
0.62,-7.0102,74.9303,7.18834,-6.9961,-0.19345,-7.00044,-6.99996,612.48344,7.02977,-6.9961,-0.19375,-7.00044
0.64,-7.02728,66.68097,7.13322,-7.00666,-0.19926,-7.00319,-7.00018,620.75497,7.05078,-7.00666,-0.19842,-7.00319
0.66,-7.05049,58.19656,7.03059,-7.02228,-0.20569,-7.00707,-7.0005,629.26371,7.07718,-7.02228,-0.20319,-7.00707
0.68,-7.08035,49.60046,6.86665,-7.04385,-0.21572,-7.01224,-7.00095,637.88597,7.10867,-7.04385,-0.21094,-7.01224
0.7,-7.11685,41.06166,6.62711,-7.07199,-0.23372,-7.01877,-7.00152,646.45218,7.14416,-7.07199,-0.226,-7.01877
0.72,-7.15912,32.79378,6.29794,-7.10685,-0.26533,-7.02659,-7.00222,654.74783,7.18144,-7.10685,-0.25398,-7.02659
0.74,-7.20511,25.04173,5.86658,-7.14781,-0.31681,-7.03547,-7.00304,662.52669,7.21683,-7.14782,-0.30124,-7.03547
0.76,-7.25111,18.04689,5.32453,-7.19317,-0.39381,-7.04486,-7.00394,669.54561,7.24485,-7.19317,-0.37361,-7.04486
0.78,-7.29139,11.99224,4.67116,-7.2397,-0.49946,-7.05388,-7.00484,675.61929,7.25787,-7.2397,-0.47458,-7.05388
0.8,-7.31769,6.95764,3.91691,-7.28222,-0.6328,-7.0612,-7.00564,680.6651,7.24587,-7.28222,-0.60374,-7.0612
0.82,-7.31891,2.91716,3.08386,-7.31317,-0.7886,-7.06496,-7.00618,684.70573,7.19635,-7.31317,-0.75665,-7.06496
0.84,-7.28087,0,2.2041,-7.3222,-0.95824,-7.06267,-7.00625,687.83682,7.09454,-7.3222,-0.9258,-7.06267
0.86,-7.18637,0,1.31726,-7.29592,-1.13087,-7.05125,-7.00557,690.18794,6.92396,-7.29592,-1.10174,-7.05125
0.88,-7.01569,0,0.4679,-7.21788,-1.29437,-7.02703,-7.00382,691.89075,6.66751,-7.21788,-1.27403,-7.02703
0.9,-6.74759,0,-0.29757,-7.06891,-1.43618,-6.98588,-7.00061,693.05509,6.30928,-7.0689,-1.43211,-6.98588
0.92,-6.36118,0,-0.93488,-6.828,-1.5442,-6.92349,-6.99553,693.75161,5.83725,-6.82799,-1.56602,-6.92349
0.94,-5.83871,0,-1.40705,-6.47392,-1.60781,-6.83579,-6.98817,694.00013,5.24689,-6.4739,-1.66725,-6.83579
0.96,-5.16953,0,-1.69122,-5.98773,-1.61908,-6.71962,-6.97818,693.76294,4.54599,-5.98771,-1.72975,-6.71962
0.98,-4.35541,0,-1.78727,-5.35645,-1.57449,-6.5736,-6.96533,692.94291,3.76052,-5.35642,-1.75117,-6.5736
1,-3.41598,0,-1.72374,-4.57766,-1.47652,-6.39934,-6.94964,691.38674,2.93716,-4.57762,-1.73399,-6.39934
1.02,-2.39019,0,-1.55038,-3.66329,-1.3338,-6.20286,-6.93148,688.89431,2.13341,-3.66324,-1.685,-6.20286
1.04,-1.33077,1.72336,-1.31904,-2.63965,-1.15949,-5.99636,-6.91175,685.2357,1.3991,-2.6396,-1.61284,-5.99636
1.06,-0.29353,7.0118,-1.07024,-1.54253,-0.9689,-5.80009,-6.89204,680.17752,0.76667,-1.54248,-1.52476,-5.80009
1.08,0.6749,14.11817,-0.83131,-0.40957,-0.7775,-5.64437,-6.87483,673.51842,0.25393,-0.40952,-1.42359,-5.64437
1.1,1.54529,23.2372,-0.61874,0.7259,-0.59904,-5.56697,-6.86333,665.13283,-0.13051,0.72594,-1.30671,-5.56697
1.12,2.30114,34.42795,-0.44052,1.83419,-0.44368,-5.59689,-6.85847,655.03333,-0.38681,1.83422,-1.17077,-5.59689
1.14,2.92443,47.55279,-0.29823,2.88271,-0.31725,-5.73302,-6.85185,643.42412,-0.52746,2.88272,-1.0196,-5.73302
1.16,3.3901,62.31404,-0.18883,3.83423,-0.22218,-5.94376,-6.82221,630.65315,-0.57654,3.83423,-0.86521,-5.94376
1.18,3.67323,78.39363,-0.10612,4.65332,-0.15963,-6.18792,-6.74093,617.05676,-0.56174,4.6533,-0.7208,-6.18792
1.2,3.75519,95.57021,-0.04183,5.31196,-0.13103,-6.43035,-6.57931,602.82245,-0.50713,5.31192,-0.59542,-6.43035
1.22,3.62375,113.75368,0.01344,5.79028,-0.13877,-6.64408,-6.31164,587.9295,-0.43134,5.79023,-0.49346,-6.64408
1.24,3.27256,132.97789,0.06958,6.07586,-0.18627,-6.808,-5.91697,572.12726,-0.34799,6.07581,-0.41576,-6.808
1.26,2.7025,153.37624,0.13632,6.1636,-0.27788,-6.90486,-5.38195,554.92753,-0.2664,6.16353,-0.3606,-6.90486
1.28,1.92521,175.13766,0.22264,6.05604,-0.41829,-6.91966,-4.7048,535.61601,-0.19239,6.05596,-0.32438,-6.91966
1.3,0.96853,198.43928,0.33607,5.76418,-0.61168,-6.83879,-3.90075,513.29003,-0.12906,5.76411,-0.30232,-6.83879
1.32,-0.11727,223.35152,0.48175,5.30833,-0.86039,-6.6499,-3.00753,486.93259,-0.07752,5.30826,-0.28895,-6.6499
1.34,-1.25758,249.71113,0.66127,4.71863,-1.16332,-6.34283,-2.0862,455.53416,-0.03752,4.71856,-0.27869,-6.34283
1.36,-2.36086,276.95962,0.8712,4.03479,-1.51398,-5.91154,-1.21234,418.2748,-0.00798,4.03473,-0.26659,-5.91154
1.38,-3.33452,303.94674,1.10133,3.30429,-1.89811,-5.35719,-0.45855,374.77828,0.01263,3.30423,-0.24906,-5.35719
1.4,-4.10189,328.7029,1.33255,2.57831,-2.29064,-4.69257,0.12401,325.44811,0.02594,2.57826,-0.22449,-4.69257
1.42,-4.61273,348.18947,1.53469,1.90448,-2.65205,-3.9475,0.51736,271.89118,0.03349,1.90444,-0.19347,-3.9475
1.44,-4.84498,358.36092,1.66871,1.31774,-2.92856,-3.17106,0.73688,217.10853,0.03661,1.31771,-0.15859,-3.17106
1.46,-4.80189,355.20848,1.70134,0.83519,-3.06516,-2.42117,0.81935,164.79314,0.03627,0.83516,-0.12354,-2.42117
1.48,-4.50976,336.52968,1.6243,0.45861,-3.02779,-1.74573,0.80642,118.00136,0.03314,0.45859,-0.09173,-1.74573
1.5,-4.01829,303.21289,1.45786,0.18025,-2.81875,-1.17229,0.73432,78.41635,0.02749,0.18023,-0.06557,-1.17229
1.52,-3.3988,259.3016,1.23705,-0.01276,-2.47677,-0.71034,0.63145,46.49764,0.01931,-0.01277,-0.04652,-0.71034
1.54,-2.73128,210.58502,0.9964,-0.13552,-2.0613,-0.357,0.51896,21.87713,0.00829,-0.13552,-0.03535,-0.357
1.56,-2.08375,162.42354,0.76201,-0.20336,-1.62924,-0.10171,0.41172,3.68214,-0.00604,-0.20337,-0.03232,-0.10171
1.58,-1.50106,118.48706,0.55047,-0.23054,-1.22126,0.07019,0.31933,0,-0.02421,-0.23054,-0.03728,0.07019
1.6,-1.00676,80.78985,0.37057,-0.22945,-0.86149,0.1748,0.24719,0,-0.04668,-0.22945,-0.04974,0.1748
1.62,-0.60887,50.12256,0.22543,-0.21032,-0.56155,0.22785,0.19737,0,-0.07365,-0.21032,-0.06878,0.22785
1.64,-0.30477,26.42753,0.11423,-0.18115,-0.32407,0.24357,0.16935,0,-0.10482,-0.18115,-0.09295,0.24357
1.66,-0.08525,9.10767,0.03374,-0.14789,-0.14572,0.23409,0.16051,0,-0.13912,-0.14789,-0.12007,0.23409
1.68,0.06239,0,-0.0206,-0.11468,-0.01964,0.2092,0.16644,0,-0.17443,-0.11468,-0.14703,0.2092
1.7,0.15206,0,-0.05379,-0.08417,0.06281,0.17643,0.18101,0,-0.20722,-0.08417,-0.16951,0.17643
1.72,0.19736,0,-0.07076,-0.05784,0.11064,0.14124,0.19642,0,-0.2322,-0.05784,-0.18172,0.14124
1.74,0.21056,0,-0.07595,-0.03631,0.13242,0.10733,0.203,0,-0.24204,-0.0363,-0.17622,0.10733
1.76,0.20211,0,-0.07319,-0.01958,0.13576,0.07695,0.18917,0,-0.22717,-0.01958,-0.14385,0.07695
1.78,0.18045,0,-0.06553,-0.00728,0.12699,0.05129,0.14141,0,-0.17569,-0.00728,-0.07378,0.05129
1.8,0.15207,0,-0.05536,0.0012,0.11117,0.03071,0.04446,0,-0.07359,0.0012,0.04606,0.03071
1.82,0.12165,0,-0.04439,0.00654,0.09209,0.01505,-0.11812,8.405,0.09462,0.00654,0.22823,0.01505
1.84,0.09236,0,-0.03378,0.00943,0.07245,0.00379,-0.36287,33.71338,0.34487,0.00943,0.48452,0.00379
1.86,0.06616,0,-0.02427,0.01054,0.05404,-0.00373,-0.70473,68.25173,0.69171,0.01054,0.82405,-0.00373
1.88,0.04404,0,-0.01622,0.0104,0.03789,-0.00826,-1.15453,113.11286,1.14575,0.0104,1.25063,-0.00826
1.9,0.02632,0,-0.00975,0.00947,0.02449,-0.0105,-1.71543,168.65084,1.71007,0.00947,1.75936,-0.0105
1.92,0.01284,0,-0.00482,0.00812,0.01393,-0.01109,-2.37842,234.02787,2.37569,0.00812,2.33234,-0.01109
1.94,0.00316,0,-0.00127,0.0066,0.00603,-0.01058,-3.11674,306.65964,3.11591,0.0066,2.93364,-0.01058
1.96,-0.0033,0.16173,0.00111,0.00509,0.00049,-0.0094,-3.88369,382.00265,3.88415,0.00509,3.50812,-0.0094
1.98,-0.00718,0.4816,0.00254,0.00372,-0.00311,-0.00789,-4.6231,454.57502,4.62434,0.00372,3.99326,-0.00789
2,-0.00909,0.64805,0.00326,0.00254,-0.00517,-0.00629,-5.28826,519.81915,5.28991,0.00254,4.34002,-0.00629
2.02,-0.00958,0.70273,0.00346,0.00158,-0.00607,-0.00476,-5.85237,575.12337,5.85415,0.00158,4.52483,-0.00476
2.04,-0.00913,0.68134,0.00331,0.00083,-0.00616,-0.00339,-6.30636,619.61106,6.30807,0.00083,4.54759,-0.00339
2.06,-0.00811,0.61288,0.00295,0.00029,-0.00573,-0.00224,-6.65324,653.5888,6.65478,0.00029,4.42415,-0.00224
2.08,-0.0068,0.51974,0.00248,-8e-05,-0.00499,-0.00133,-6.90357,678.09742,6.90487,-8e-05,4.17919,-0.00133
2.1,-0.00541,0.41825,0.00198,-0.00031,-0.00411,-0.00063,-7.07186,694.5651,7.07291,-0.00031,3.84072,-0.00063
2.12,-0.00409,0.31958,0.0015,-0.00044,-0.00322,-0.00014,-7.17402,704.55372,7.17482,-0.00044,3.43626,-0.00014
2.14,-0.00291,0.23066,0.00107,-0.00048,-0.00239,0.00019,-7.22556,709.58547,7.22614,-0.00048,2.99053,0.00019
2.16,-0.00193,0.15516,0.00071,-0.00047,-0.00167,0.00039,-7.2405,711.03483,7.24088,-0.00047,2.52426,0.00039
2.18,-0.00114,0.09435,0.00042,-0.00043,-0.00107,0.00048,-7.23076,710.07116,7.23099,-0.00043,2.05383,0.00048
2.2,-0.00054,0.04788,0.0002,-0.00036,-0.0006,0.0005,-7.20598,707.63833,7.20609,-0.00036,1.59141,0.0005
2.22,-0.00012,0.01437,4e-05,-0.00029,-0.00025,0.00048,-7.17354,704.45981,7.17358,-0.00029,1.14556,0.00048
2.24,0.00016,0,-7e-05,-0.00023,-1e-05,0.00042,-7.13882,701.05961,7.13879,-0.00023,0.72182,0.00042
2.26,0.00033,0,-0.00013,-0.00016,0.00014,0.00035,-7.10541,697.7917,7.10535,-0.00016,0.32345,0.00035
2.28,0.0004,0,-0.00017,-0.00011,0.00023,0.00028,-7.07554,694.87256,7.07546,-0.00011,-0.04798,0.00028
2.3,0.00042,0,-0.00018,-7e-05,0.00026,0.00021,-7.05035,692.41307,7.05027,-7e-05,-0.39209,0.00021
2.32,0.00039,0,-0.00017,-4e-05,0.00026,0.00015,-7.03019,690.4474,7.03011,-4e-05,-0.70928,0.00015
2.34,0.00034,0,-0.00015,-1e-05,0.00024,0.0001,-7.01488,688.95768,7.01481,-1e-05,-1.00049,0.0001
2.36,0.00028,0,-0.00013,0,0.0002,6e-05,-7.00391,687.89396,7.00385,0,-1.26699,6e-05
2.38,0.00022,0,-0.00011,1e-05,0.00017,3e-05,-6.99662,687.18956,6.99657,1e-05,-1.51029,3e-05
2.4,0.00017,0,-8e-05,2e-05,0.00013,0,-6.99226,686.77221,6.99222,2e-05,-1.73203,0
2.42,0.00013,0,-4e-05,2e-05,0.00011,-1e-05,-6.99011,686.57153,6.99008,2e-05,-1.93398,-1e-05
2.44,0.00011,0,-1e-05,2e-05,0.0001,-2e-05,-6.98953,686.52378,6.98951,2e-05,-2.11793,-2e-05
2.46,0.0001,0,4e-05,2e-05,0.0001,-2e-05,-6.98996,686.57418,6.98995,2e-05,-2.2857,-2e-05
2.48,0.00012,0,9e-05,2e-05,0.00012,-2e-05,-6.99094,686.67782,6.99093,2e-05,-2.43901,-2e-05
2.5,0.00015,0,0.00014,1e-05,0.00016,-2e-05,-6.99211,686.79942,6.99211,1e-05,-2.57946,-2e-05
2.52,0.0002,0,0.00021,1e-05,0.00021,-2e-05,-6.99321,686.91254,6.99321,1e-05,-2.7084,-2e-05
2.54,0.00026,0,0.00028,1e-05,0.00027,-2e-05,-6.99404,686.99855,6.99404,1e-05,-2.82682,-2e-05
2.56,0.00033,0,0.00035,0,0.00034,-1e-05,-6.99449,687.04565,6.99449,0,-2.93528,-1e-05
2.58,0.0004,0,0.00042,0,0.0004,-1e-05,-6.99449,687.04808,6.99449,0,-3.03381,-1e-05
2.6,0.00045,0,0.00048,0,0.00046,-1e-05,-6.99404,687.00575,6.99404,0,-3.12179,-1e-05
2.62,0.00048,0,0.0005,0,0.00049,-0,-6.99321,686.92421,6.99321,0,-3.19792,-0
2.64,0.00047,0,0.00048,-0,0.00047,-0,-6.99211,686.81508,6.99211,-0,-3.2602,-0
2.66,0.00038,0,0.00039,-0,0.00038,-0,-6.99093,686.69682,6.99093,-0,-3.30592,-0
2.68,0.00019,0,0.0002,-0,0.00019,-0,-6.98995,686.59572,6.98995,-0,-3.33171,-0
2.7,-0.00013,0.01247,-0.00012,-0,-0.00013,0,-6.98951,686.54694,6.98951,-0,-3.33359,0
2.72,-0.00061,0.05985,-0.00061,-0,-0.00061,0,-6.99008,686.59532,6.99008,-0,-3.30709,0
2.74,-0.00129,0.12639,-0.00129,-0,-0.00129,0,-6.99222,686.79557,6.99222,-0,-3.24733,0
2.76,-0.00219,0.21443,-0.00219,-0,-0.00219,0,-6.99657,687.21144,6.99657,-0,-3.14912,0
2.78,-0.00332,0.32492,-0.00332,-0,-0.00332,0,-7.00386,687.91329,7.00386,-0,-3.00718,0
2.8,-0.00466,0.45657,-0.00467,-0,-0.00466,0,-7.01481,688.97343,7.01481,-0,-2.81624,0
2.82,-0.00618,0.60469,-0.00618,-0,-0.00618,0,-7.03011,690.45856,7.03011,-0,-2.57128,0
2.84,-0.00776,0.75991,-0.00776,-0,-0.00776,0,-7.05027,692.41862,7.05027,-0,-2.26784,0
2.86,-0.00926,0.90676,-0.00926,-0,-0.00926,0,-7.07547,694.8714,7.07547,-0,-1.90238,0
2.88,-0.01044,1.02215,-0.01044,-0,-0.01044,0,-7.10535,697.78254,7.10535,-0,-1.47274,0
2.9,-0.01096,1.07403,-0.01097,-0,-0.01096,0,-7.13879,701.04085,7.13879,-0,-0.97871,0
2.92,-0.01041,1.02038,-0.01041,0,-0.01041,0,-7.17358,704.42932,7.17358,0,-0.42281,0
2.94,-0.00825,0.80892,-0.00825,0,-0.00825,0,-7.20609,707.59319,7.20609,0,0.18896,0
2.96,-0.00384,0.37787,-0.00384,0,-0.00384,0,-7.23099,710.00745,7.23099,0,0.84623,0
2.98,0.00351,0,0.00351,0,0.00351,-0,-7.24087,710.94736,7.24087,0,1.53343,-0
3,0.01454,0,0.01454,0,0.01454,-0,-7.22613,709.46756,7.22613,0,2.22915,-0
3.02,0.02991,0,0.02991,0,0.02991,-0,-7.1748,704.39709,7.1748,0,2.90591,-0
3.04,0.05012,0,0.05013,0,0.05012,-0,-7.07289,694.35991,7.07289,0,3.53053,-0
3.06,0.07537,0,0.07537,0,0.07537,-0,-6.90484,677.8325,6.90484,0,4.06553,-0
3.08,0.1053,0,0.1053,0,0.1053,-0,-6.65474,653.25226,6.65474,0,4.47184,-0
3.1,0.13877,0,0.13877,0,0.13877,-0,-6.30803,619.19124,6.30803,0,4.71325,-0
3.12,0.17357,0,0.17357,0,0.17357,-0,-5.8541,574.61035,5.8541,0,4.76265,-0
3.14,0.2061,0,0.2061,0,0.2061,-0,-5.28986,519.20681,5.28986,0,4.60866,-0
3.16,0.231,0,0.23101,0,0.231,-0,-4.62429,453.86383,4.62429,0,4.26093,-0
3.18,0.2409,0,0.2409,0,0.2409,-0,-3.88411,381.20305,3.88411,0,3.75379,-0
3.2,0.22615,0,0.22615,-0,0.22615,-0,-3.11589,305.79632,3.11589,-0,3.1455,-0
3.22,0.17483,0,0.17483,-0,0.17483,-0,-2.37571,233.14546,2.37571,-0,2.5055,-0
3.24,0.07291,0,0.07291,-0,0.07291,-0,-1.71014,167.82134,1.71014,-0,1.89377,-0
3.26,-0.09514,9.26722,-0.09514,-0,-0.09514,0,-1.1459,112.44395,1.1459,-0,1.3493,0
3.28,-0.34524,33.74372,-0.34524,-0,-0.34524,0,-0.69196,67.89456,0.69196,-0,0.89171,0
3.3,-0.69196,67.68104,-0.69196,-0,-0.69196,0,-0.34524,33.86853,0.34524,-0,0.5266,0
3.32,-1.14589,112.11887,-1.1459,-0,-1.14589,0,-0.09514,9.32512,0.09514,-0,0.25013,0
3.34,-1.71014,167.36303,-1.71015,-0,-1.71014,0,0.0729,0,-0.0729,-0,0.05272,0
3.36,-2.37571,232.53682,-2.37572,-0,-2.37571,0,0.17483,0,-0.17483,-0,-0.07812,0
3.38,-3.11589,305.02952,-3.11591,-0,-3.11589,0,0.22615,0,-0.22615,-0,-0.15576,0
3.4,-3.88411,380.28445,-3.88414,-0,-3.88411,0,0.2409,0,-0.2409,-0,-0.19304,0
3.42,-4.62429,452.81549,-4.62433,-0,-4.62429,0,0.231,0,-0.231,-0,-0.20145,0
3.44,-5.28986,518.06242,-5.2899,-0,-5.28986,0,0.2061,0,-0.2061,-0,-0.19065,0
3.46,-5.85411,573.40841,-5.85415,0,-5.85411,0,0.17357,0,-0.17357,0,-0.16841,0
3.48,-6.30804,617.96932,-6.30809,0,-6.30804,0,0.13877,0,-0.13877,0,-0.14062,0
3.5,-6.65476,652.0433,-6.65481,0,-6.65476,0,0.1053,0,-0.1053,0,-0.1115,0
3.52,-6.90486,676.66284,-6.9049,0,-6.90486,0,0.07537,0,-0.07537,0,-0.08387,0
3.54,-7.07291,693.24854,-7.07293,0,-7.07291,0,0.05012,0,-0.05012,0,-0.05941,0
3.56,-7.17483,703.35587,-7.17482,0,-7.17483,0,0.02991,0,-0.02991,0,-0.03895,0
3.58,-7.22615,708.50197,-7.22609,0,-7.22615,0,0.01454,0,-0.01454,0,-0.0227,0
3.6,-7.2409,710.05761,-7.24077,0,-7.2409,0,0.00351,0,-0.00351,0,-0.01045,0
3.62,-7.231,709.1897,-7.23078,0,-7.231,0,-0.00384,0.37758,0.00384,0,-0.00176,0
3.64,-7.2061,706.84076,-7.20577,0,-7.2061,0,-0.00825,0.81,0.00825,0,0.00396,0
3.66,-7.17357,703.73376,-7.1731,0,-7.17357,0,-0.01041,1.02227,0.01041,0,0.00731,0
3.68,-7.13877,700.3929,-7.13814,0,-7.13877,0,-0.01096,1.07629,0.01096,0,0.00887,0
3.7,-7.1053,697.17282,-7.10451,-0,-7.1053,-0,-0.01044,1.02447,0.01044,-0,0.00916,-0
3.72,-7.07537,694.29103,-7.07442,-0,-7.07537,-0,-0.00926,0.90893,0.00926,-0,0.00861,-0
3.74,-7.05012,691.85961,-7.04905,-0,-7.05012,-0,-0.00776,0.76182,0.00776,-0,0.00756,-0
3.76,-7.02991,689.9141,-7.02877,-0,-7.0299,-0,-0.00618,0.60627,0.00618,-0,0.00628,-0
3.78,-7.01454,688.43811,-7.01344,-0,-7.01453,-0,-0.00466,0.4578,0.00466,-0,0.00496,-0
3.8,-7.00351,687.38329,-7.00263,-0,-7.00351,-0,-0.00332,0.3258,0.00332,-0,0.00371,-0
3.82,-6.99616,686.68469,-6.99571,-0,-6.99616,-0,-0.00219,0.21498,0.00219,-0,0.00261,-0
3.84,-6.99175,686.27197,-6.99204,-0,-6.99175,-0,-0.00129,0.12663,0.00129,-0,0.0017,-0
3.86,-6.98959,686.07698,-6.99098,-0,-6.98958,-0,-0.00061,0.05979,0.00061,-0,0.00098,-0
3.88,-6.98903,686.03848,-6.99199,-0,-6.98903,-0,-0.00012,0.01212,0.00012,-0,0.00043,-0
3.9,-6.98956,686.10454,-6.99457,-0,-6.98956,-0,0.0002,0,-0.0002,-0,5e-05,-0
3.92,-6.99074,686.23341,-6.99832,-0,-6.99074,-0,0.00039,0,-0.00039,-0,-0.0002,-0
3.94,-6.99224,686.39322,-7.00289,-0,-6.99223,-0,0.00048,0,-0.00048,-0,-0.00034,-0
3.96,-6.99382,686.56095,-7.00792,-0,-6.99382,-0,0.0005,0,-0.0005,-0,-0.00041,-0
3.98,-6.99533,686.72111,-7.01304,0,-6.99533,0,0.00047,0,-0.00047,0,-0.00042,0
4,-6.99668,686.86429,-7.0178,0,-6.99668,0,0.00042,0,-0.00042,0,-0.00039,0
4.02,-6.99781,686.98569,-7.0216,0,-6.9978,0,0.00035,0,-0.00035,0,-0.00034,0
4.04,-6.99871,687.08385,-7.02369,0,-6.9987,0,0.00027,0,-0.00027,0,-0.00028,0
4.06,-6.99939,687.15959,-7.02309,0,-6.99939,0,0.00021,0,-0.00021,0,-0.00022,0
4.08,-6.99988,687.21507,-7.01861,0,-6.99987,0,0.00015,0,-0.00015,0,-0.00016,0
4.1,-7.0002,687.25318,-7.00885,0,-7.00019,0,0.0001,0,-0.0001,0,-0.00012,0
4.12,-7.00039,687.27703,-6.99223,0,-7.00038,0,6e-05,0,-6e-05,0,-7e-05,0
4.14,-7.00048,687.28964,-6.96713,0,-7.00048,0,3e-05,0,-3e-05,0,-4e-05,0
4.16,-7.0005,687.29373,-6.93205,0,-7.0005,0,0,0,-0,0,-2e-05,0
4.18,-7.00047,687.29166,-6.88586,0,-7.00047,0,-1e-05,0.00091,1e-05,0,-0,0
4.2,-7.00042,687.28535,-6.82819,0,-7.00041,0,-2e-05,0.0017,2e-05,0,1e-05,0
4.22,-7.00035,687.27634,-6.75986,0,-7.00034,0,-2e-05,0.00207,2e-05,0,2e-05,0
4.24,-7.00028,687.26582,-6.68337,0,-7.00027,0,-2e-05,0.00214,2e-05,0,2e-05,0
4.26,-7.00021,687.25464,-6.60309,-0,-7.0002,-0,-2e-05,0.00202,2e-05,-0,2e-05,-0
4.28,-7.00015,687.24344,-6.52475,-0,-7.00014,-0,-2e-05,0.0018,2e-05,-0,2e-05,-0
4.3,-7.0001,687.23261,-6.45447,-0,-7.00009,-0,-2e-05,0.00155,2e-05,-0,1e-05,-0
4.32,-7.00006,687.22239,-6.39782,-0,-7.00005,-0,-1e-05,0.00132,1e-05,-0,1e-05,-0
4.34,-7.00003,687.21288,-6.35901,-0,-7.00001,-0,-1e-05,0.00114,1e-05,-0,1e-05,-0
4.36,-7,687.20407,-6.34055,-1e-05,-6.99999,-1e-05,-1e-05,0.00103,1e-05,-1e-05,1e-05,-1e-05
4.38,-6.99999,687.19587,-6.34316,-1e-05,-6.99997,-1e-05,-1e-05,0.00101,1e-05,-1e-05,1e-05,-1e-05
4.4,-6.99998,687.1882,-6.36597,-1e-05,-6.99996,-1e-05,-1e-05,0.00108,1e-05,-1e-05,1e-05,-1e-05
4.42,-6.99997,687.18093,-6.40676,-1e-05,-6.99995,-1e-05,-2e-05,0.00121,1e-05,-1e-05,1e-05,-1e-05
4.44,-6.99997,687.17399,-6.46236,-1e-05,-6.99995,-1e-05,-2e-05,0.0014,2e-05,-1e-05,1e-05,-1e-05
4.46,-6.99997,687.16731,-6.52886,-1e-05,-6.99995,-1e-05,-2e-05,0.0016,2e-05,-1e-05,1e-05,-1e-05
4.48,-6.99997,687.16088,-6.6019,-1e-05,-6.99995,-1e-05,-2e-05,0.00177,2e-05,-1e-05,2e-05,-1e-05
4.5,-6.99997,687.15472,-6.6769,-1e-05,-6.99996,-1e-05,-2e-05,0.00184,2e-05,-1e-05,2e-05,-1e-05
4.52,-6.99997,687.14886,-6.74944,0,-6.99997,0,-2e-05,0.00172,2e-05,0,2e-05,0
4.54,-6.99997,687.14338,-6.81568,1e-05,-6.99998,1e-05,-1e-05,0.00132,2e-05,1e-05,2e-05,1e-05
4.56,-6.99997,687.13836,-6.87293,3e-05,-7,3e-05,0,0.00052,1e-05,3e-05,1e-05,3e-05
4.58,-6.99997,687.13391,-6.91986,5e-05,-7.00003,5e-05,3e-05,0,-1e-05,5e-05,1e-05,5e-05
4.6,-6.99998,687.13012,-6.95642,7e-05,-7.00007,7e-05,6e-05,0,-3e-05,7e-05,-0,7e-05
4.62,-6.99999,687.12709,-6.98339,0.00011,-7.00012,0.00011,0.0001,0,-6e-05,0.00011,-2e-05,0.00011
4.64,-7,687.12488,-7.00206,0.00014,-7.00019,0.00014,0.00015,0,-0.0001,0.00014,-5e-05,0.00014
4.66,-7.00003,687.12349,-7.0139,0.00018,-7.00026,0.00018,0.00021,0,-0.00015,0.00018,-8e-05,0.00018
4.68,-7.00006,687.12282,-7.02043,0.00022,-7.00034,0.00022,0.00027,0,-0.0002,0.00022,-0.00012,0.00022
4.7,-7.0001,687.12263,-7.02302,0.00025,-7.00042,0.00025,0.00035,0,-0.00027,0.00025,-0.00017,0.00025
4.72,-7.00015,687.1225,-7.02288,0.00027,-7.0005,0.00027,0.00042,0,-0.00034,0.00027,-0.00023,0.00027
4.74,-7.00021,687.12175,-7.02099,0.00027,-7.00055,0.00027,0.00047,0,-0.00041,0.00027,-0.00029,0.00027
4.76,-7.00027,687.11937,-7.01812,0.00022,-7.00057,0.00022,0.0005,0,-0.00046,0.00022,-0.00035,0.00022
4.78,-7.00035,687.11401,-7.01481,0.00013,-7.00052,0.00013,0.00048,0,-0.00048,0.00013,-0.00039,0.00013
4.8,-7.00041,687.10392,-7.01144,-3e-05,-7.00038,-3e-05,0.00039,0,-0.00046,-3e-05,-0.00041,-3e-05
4.82,-7.00047,687.08693,-7.00824,-0.00027,-7.00012,-0.00027,0.0002,0,-0.00037,-0.00027,-0.0004,-0.00027
4.84,-7.0005,687.0605,-7.00531,-0.00062,-6.99969,-0.00062,-0.00012,0,-0.00017,-0.00062,-0.00032,-0.00062
4.86,-7.00048,687.02184,-7.00268,-0.00109,-6.99906,-0.00109,-0.00061,0.01946,0.00015,-0.00109,-0.00015,-0.00109
4.88,-7.00039,686.96807,-7.00033,-0.00168,-6.9982,-0.00168,-0.00129,0.06476,0.00063,-0.00168,0.00012,-0.00168
4.9,-7.0002,686.89659,-6.99819,-0.00239,-6.99707,-0.00239,-0.00219,0.12728,0.0013,-0.00239,0.00053,-0.00239
4.92,-6.99988,686.80547,-6.9962,-0.0032,-6.99569,-0.0032,-0.00332,0.20883,0.00219,-0.0032,0.00111,-0.0032
4.94,-6.99939,686.69414,-6.99432,-0.00406,-6.99407,-0.00406,-0.00466,0.30982,0.0033,-0.00406,0.00187,-0.00406
4.96,-6.99872,686.56416,-6.99253,-0.00489,-6.99229,-0.00489,-0.00618,0.42848,0.00461,-0.00489,0.00282,-0.00489
4.98,-6.99782,686.42023,-6.9909,-0.00558,-6.99047,-0.00558,-0.00776,0.55982,0.00609,-0.00558,0.00394,-0.00558
5,-6.99669,686.27131,-6.98953,-0.00595,-6.98884,-0.00595,-0.00926,0.69449,0.00762,-0.00595,0.00521,-0.00595
5.02,-6.99535,686.1319,-6.98865,-0.00579,-6.98769,-0.00579,-0.01044,0.81748,0.00906,-0.00579,0.00652,-0.00579
5.04,-6.99384,686.02331,-6.98857,-0.00481,-6.98743,-0.00481,-0.01096,0.90685,0.01017,-0.00481,0.00776,-0.00481
5.06,-6.99226,685.97474,-6.98971,-0.00267,-6.98861,-0.00267,-0.01041,0.93261,0.01062,-0.00267,0.00871,-0.00267
5.08,-6.99076,686.02403,-6.99262,0.00099,-6.99187,0.00099,-0.00825,0.85595,0.01,0.00099,0.00911,0.00099
5.1,-6.98958,686.21773,-6.99793,0.00657,-6.99798,0.00657,-0.00384,0.62922,0.00777,0.00657,0.00859,0.00657
5.12,-6.98905,686.6101,-7.00632,0.01446,-7.00775,0.01446,0.00351,0.19689,0.00333,0.01446,0.00671,0.01446
5.14,-6.9896,687.26058,-7.01849,0.02494,-7.02201,0.02494,0.01454,0,-0.00401,0.02494,0.00293,0.02494
5.16,-6.99175,688.22919,-7.03506,0.03816,-7.0415,0.03816,0.02991,0,-0.01495,0.03816,-0.00333,0.03816
5.18,-6.99613,689.56926,-7.05644,0.05399,-7.06668,0.05399,0.05012,0,-0.03014,0.05399,-0.01268,0.05399
5.2,-7.00345,691.31695,-7.08265,0.07192,-7.09759,0.07192,0.07537,0,-0.05005,0.07192,-0.02566,0.07192
5.22,-7.01444,693.47705,-7.11314,0.09086,-7.13356,0.09086,0.1053,0,-0.07483,0.09086,-0.0427,0.09086
5.24,-7.02976,696.00469,-7.14648,0.10901,-7.17291,0.10901,0.13877,0,-0.10408,0.10901,-0.0639,0.10901
5.26,-7.04992,698.78315,-7.18011,0.12366,-7.21262,0.12366,0.17357,0,-0.13666,0.12366,-0.08896,0.12366
5.28,-7.0751,701.5981,-7.21,0.131,-7.2479,0.131,0.2061,0,-0.17034,0.131,-0.11689,0.131
5.3,-7.10495,704.10981,-7.23029,0.12605,-7.27186,0.12605,0.231,0,-0.20151,0.12605,-0.1458,0.12605
5.32,-7.13835,705.82536,-7.23308,0.10254,-7.27516,0.10254,0.2409,0,-0.22488,0.10254,-0.17261,0.10254
5.34,-7.1731,706.07465,-7.20826,0.05305,-7.24584,0.05305,0.22615,0,-0.23315,0.05305,-0.1928,0.05305
5.36,-7.2056,703.99503,-7.14347,-0.03078,-7.16934,-0.03078,0.17483,0,-0.21684,-0.03078,-0.20012,-0.03078
5.38,-7.23052,698.53161,-7.02449,-0.15762,-7.02884,-0.15762,0.07291,0,-0.16424,-0.15762,-0.18648,-0.15762
5.4,-7.24051,688.46172,-6.83592,-0.33565,-6.80616,-0.33565,-0.09514,0,-0.06166,-0.33565,-0.14184,-0.33565
5.42,-7.22595,672.45413,-6.56245,-0.57119,-6.48324,-0.57119,-0.34524,12.71819,0.106,-0.57119,-0.05448,-0.57119
5.44,-7.17495,649.17505,-6.19086,-0.86691,-6.04447,-0.86691,-0.69196,35.97194,0.35415,-0.86691,0.08857,-0.86691
5.46,-7.07352,617.45367,-5.71284,-1.21941,-5.48002,-1.21941,-1.14589,67.72365,0.69671,-1.21941,0.3005,-1.21941
5.48,-6.90615,576.52001,-5.12873,-1.61629,-4.7903,-1.61629,-1.71014,108.74832,1.14355,-1.61629,0.59332,-1.61629
5.5,-6.65695,526.32552,-4.45236,-2.03265,-3.99168,-2.03265,-2.37571,159.09284,1.69704,-2.03265,0.97557,-2.03265
5.52,-6.31136,467.9527,-3.71689,-2.42725,-3.12327,-2.42725,-3.11589,217.66297,2.34749,-2.42725,1.44937,-2.42725
5.54,-5.85877,403.85399,-2.97505,-2.74288,-2.24923,-2.74288,-3.88411,281.98294,3.06887,-2.74288,2.00777,-2.74288
5.56,-5.29604,337.38268,-2.2826,-2.92033,-1.44469,-2.92033,-4.62429,348.67039,3.81906,-2.92033,2.63486,-2.92033
5.58,-4.63206,271.82541,-1.67484,-2.92192,-0.76987,-2.92192,-5.28986,414.41524,4.54807,-2.92192,3.30811,-2.92192
5.6,-3.89337,209.9232,-1.16263,-2.74748,-0.25396,-2.74748,-5.85411,476.4659,5.21157,-2.74748,3.99848,-2.74748
5.62,-3.12633,153.99077,-0.74527,-2.43437,0.10436,-2.43437,-6.30804,532.50952,5.78079,-2.43437,4.66993,-2.43437
5.64,-2.38667,105.85105,-0.4188,-2.04143,0.32694,-2.04143,-6.65476,580.73238,6.24379,-2.04143,5.28547,-2.04143
5.66,-1.72055,66.47374,-0.17586,-1.62541,0.44336,-1.62541,-6.90486,620.1751,6.60149,-1.62541,5.81792,-1.62541
5.68,-1.15414,35.86474,-0.00534,-1.22705,0.48212,-1.22705,-7.07291,650.83962,6.86292,-1.22705,6.25506,-1.22705
5.7,-0.6958,13.31697,0.10599,-0.87063,0.46764,-0.87063,-7.17483,673.43805,7.0416,-0.87063,6.597,-0.87063
5.72,-0.34173,0,0.17172,-0.56788,0.41974,-0.56788,-7.22615,689.08183,7.15287,-0.56788,6.85186,-0.56788
5.74,-0.08061,0,0.20459,-0.3215,0.35374,-0.3215,-7.2409,699.04983,7.21195,-0.3215,7.03224,-0.3215
5.76,0.10281,0,0.21581,-0.12819,0.28079,-0.12819,-7.231,704.62553,7.23283,-0.12819,7.15261,-0.12819
5.78,0.22495,0,0.21459,0.01885,0.20855,0.01885,-7.2061,706.9911,7.22754,0.01885,7.2274,0.01885
5.8,0.30152,0,0.20809,0.12795,0.14181,0.12795,-7.17357,707.16623,7.20588,0.12795,7.26976,0.12795
5.82,0.34619,0,0.20128,0.20743,0.08327,0.20743,-7.13877,705.97978,7.17548,0.20743,7.29071,0.20743
5.84,0.36977,0,0.19708,0.26447,0.03416,0.26447,-7.1053,704.06458,7.14191,0.26447,7.29863,0.26447
5.86,0.37967,0,0.19635,0.3043,-0.00521,0.3043,-7.07537,701.86663,7.10901,0.3043,7.29909,0.3043
5.88,0.37967,0,0.19796,0.32955,-0.03489,0.32955,-7.05012,699.66266,7.07917,0.32955,7.29466,0.32955
5.9,0.36977,0,0.19879,0.33987,-0.05493,0.33987,-7.02991,697.58123,7.05369,0.33987,7.28494,0.33987
5.92,0.34619,0,0.19371,0.33166,-0.06509,0.33166,-7.01454,695.62465,7.03305,0.33166,7.26657,0.33166
5.94,0.30152,0,0.17567,0.29801,-0.06461,0.29801,-7.00351,693.69019,7.01713,0.29801,7.2334,0.29801
5.96,0.22495,0,0.13568,0.22879,-0.05215,0.22879,-6.99616,691.59057,7.0055,0.22879,7.17664,0.22879
5.98,0.10281,0,0.06312,0.11106,-0.02577,0.11106,-6.99175,689.07462,6.99751,0.11106,7.08529,0.11106
6,-0.08061,1.45973,-0.05382,-0.07019,0.01694,-0.07019,-6.98959,685.8498,6.99244,-0.07019,6.94674,-0.07019
6.02,-0.34173,5.72337,-0.22738,-0.33077,0.07854,-0.33077,-6.98904,681.60921,6.98959,-0.33077,6.74777,-0.33077
6.04,-0.6958,11.29141,-0.46897,-0.68537,0.16134,-0.68537,-6.98956,676.06572,6.98831,-0.68537,6.47598,-0.68537
6.06,-1.15414,18.38778,-0.78737,-1.14488,0.26676,-1.14488,-6.99074,668.99612,6.98806,-1.14488,6.12188,-1.14488
6.08,-1.72055,27.11506,-1.18625,-1.71279,0.39446,-1.71279,-6.99224,660.2982,6.9884,-1.71279,5.68168,-1.71279
6.1,-2.38667,37.38262,-1.66096,-2.38049,0.54132,-2.38049,-6.99382,650.06241,6.98902,-2.38049,5.16084,-2.38049
6.12,-3.12632,48.81924,-2.19452,-3.12166,0.70016,-3.12166,-6.99534,638.65896,6.98972,-3.12166,4.57852,-3.12166
6.14,-3.89336,60.73846,-2.75584,-3.89004,0.85944,-3.89004,-6.99668,626.77242,6.9904,-3.89004,3.96941,-3.89004
6.16,-4.63204,72.29504,-3.30613,-4.62985,1.00624,-4.62985,-6.99781,615.2457,6.99108,-4.62985,3.37641,-4.62985
6.18,-5.29602,82.77456,-3.81151,-5.29473,1.1312,-5.29474,-6.99871,604.79131,6.99187,-5.29473,2.83649,-5.29474
6.2,-5.85875,91.75693,-4.25059,-5.85815,1.23062,-5.85815,-6.99939,595.82834,6.99296,-5.85815,2.37251,-5.85815
6.22,-6.31134,99.09063,-4.61406,-6.31122,1.30527,-6.31122,-6.99988,588.50808,6.99464,-6.31122,1.99409,-6.31122
6.24,-6.65693,104.81209,-4.90163,-6.65713,1.35838,-6.65713,-7.0002,582.79449,6.99725,-6.65713,1.70129,-6.65713
6.26,-6.90614,109.07816,-5.11918,-6.90652,1.39428,-6.90652,-7.00039,578.53144,7.00118,-6.90652,1.48779,-6.90652
6.28,-7.07351,112.11242,-5.27628,-7.07399,1.41748,-7.07399,-7.00048,575.49631,7.00685,-7.07399,1.34351,-7.07399
6.3,-7.17496,114.16441,-5.38419,-7.17545,1.43211,-7.17545,-7.0005,573.44063,7.01464,-7.17545,1.25665,-7.17545
6.32,-7.22597,115.48069,-5.45432,-7.22644,1.44168,-7.22644,-7.00047,572.11884,7.02487,-7.22644,1.21519,-7.22644
6.34,-7.24056,116.28603,-5.49712,-7.24096,1.44891,-7.24096,-7.00041,571.30716,7.0377,-7.24096,1.20784,-7.24096
6.36,-7.2306,116.77275,-5.52142,-7.23094,1.45579,-7.23094,-7.00034,570.8141,7.05299,-7.23094,1.22467,-7.23094
6.38,-7.20572,117.0964,-5.53411,-7.20598,1.46354,-7.20598,-7.00026,570.4848,7.07026,-7.20598,1.25729,-7.20598
6.4,-7.17327,117.37592,-5.53999,-7.17346,1.47274,-7.17346,-7.00019,570.20078,7.08845,-7.17346,1.2989,-7.17346
6.42,-7.13857,117.69675,-5.54185,-7.13869,1.48335,-7.1387,-7.00013,569.87686,7.10578,-7.13869,1.34415,-7.1387
6.44,-7.10522,118.11544,-5.54051,-7.10529,1.49481,-7.1053,-7.00007,569.45659,7.11959,-7.10529,1.38889,-7.1053
6.46,-7.07542,118.66486,-5.53491,-7.07545,1.5062,-7.07545,-7.00003,568.90701,7.12612,-7.07545,1.43,-7.07545
6.48,-7.05028,119.35934,-5.52212,-7.05028,1.51628,-7.05028,-7,568.21353,7.12038,-7.05028,1.46516,-7.05028
6.5,-7.03013,120.19936,-5.49749,-7.03012,1.5237,-7.03012,-6.99999,567.37535,7.0961,-7.03012,1.49268,-7.03012
6.52,-7.01479,121.17562,-5.4548,-7.01477,1.52707,-7.01477,-6.99998,566.40137,7.04581,-7.01477,1.51135,-7.01477
6.54,-7.00373,122.27253,-5.38664,-7.00371,1.52506,-7.00371,-6.99999,565.30677,6.96119,-7.00371,1.52037,-7.00371
6.56,-6.99624,123.47098,-5.28493,-6.99624,1.51645,-6.99625,-7,564.11028,6.83356,-6.99624,1.51921,-6.99625
6.58,-6.9916,124.75058,-5.14188,-6.99163,1.50022,-6.99163,-7.00003,562.83193,6.65479,-6.99163,1.50759,-6.99163
6.6,-6.98906,126.09126,-4.95123,-6.98913,1.47552,-6.98913,-7.00007,561.4915,6.41858,-6.98913,1.48537,-6.98913
6.62,-6.98797,127.47442,-4.70966,-6.9881,1.44169,-6.9881,-7.00013,560.10744,6.12187,-6.9881,1.45256,-6.9881
6.64,-6.98779,128.88344,-4.41785,-6.98798,1.3983,-6.98799,-7.00019,558.69624,5.76588,-6.98798,1.40927,-6.98799
6.66,-6.98809,130.30399,-4.08066,-6.98835,1.34514,-6.98835,-7.00026,557.27221,5.35634,-6.98835,1.35573,-6.98835
6.68,-6.98855,131.724,-3.70665,-6.98889,1.28228,-6.98889,-7.00034,555.84755,4.903,-6.98889,1.29236,-6.98889
6.7,-6.98898,133.13346,-3.30727,-6.98939,1.21012,-6.98939,-7.00041,554.43242,4.4188,-6.98939,1.21973,-6.98939
6.72,-6.9893,134.52428,-2.89588,-6.98976,1.12938,-6.98976,-7.00047,553.03519,3.91891,-6.98976,1.13866,-6.98976
6.74,-6.98954,135.89019,-2.48675,-6.99003,1.04113,-6.99004,-7.0005,551.66244,3.41961,-6.99003,1.05018,-6.99004
6.76,-6.98985,137.22685,-2.09401,-6.99032,0.94677,-6.99033,-7.00048,550.3189,2.93714,-6.99032,0.95557,-6.99033
6.78,-6.99047,138.53195,-1.7307,-6.99085,0.84799,-6.99086,-7.00039,549.00728,2.4867,-6.99085,0.85625,-6.99086
6.8,-6.99175,139.80538,-1.4081,-6.99195,0.7467,-6.99195,-7.0002,547.72806,2.08166,-6.99195,0.75381,-6.99195
6.82,-6.99413,141.04916,-1.13538,-6.994,0.64501,-6.99401,-6.99988,546.47961,1.73314,-6.994,0.64996,-6.99401
6.84,-6.99813,142.26699,-0.91954,-6.99752,0.54522,-6.99752,-6.99939,545.25855,1.45004,-6.99752,0.54652,-6.99752
6.86,-7.00431,143.46325,-0.76564,-7.00301,0.44979,-7.00302,-6.99871,544.06074,1.23928,-7.00301,0.44542,-7.00302
6.88,-7.01325,144.64145,-0.67706,-7.01106,0.36137,-7.01106,-6.99781,542.88286,1.10631,-7.01106,0.3488,-7.01106
6.9,-7.02547,145.80196,-0.65585,-7.02215,0.28284,-7.02215,-6.99668,541.72463,1.05562,-7.02215,0.25908,-7.02215
6.92,-7.04134,146.93923,-0.70278,-7.03667,0.21733,-7.03668,-6.99534,540.59158,1.09102,-7.03667,0.17901,-7.03668
6.94,-7.06095,148.03849,-0.81724,-7.05477,0.16815,-7.05478,-6.99382,539.49836,1.21567,-7.05477,0.1118,-7.05478
6.96,-7.08397,149.07211,-0.99665,-7.0762,0.13878,-7.07621,-6.99224,538.47234,1.43165,-7.0762,0.06116,-7.07621
6.98,-7.10941,149.99585,-1.23573,-7.10015,0.13263,-7.10015,-6.99074,537.55739,1.73906,-7.10015,0.03127,-7.10015
7,-7.13546,150.74514,-1.52535,-7.12502,0.15278,-7.12503,-6.98956,536.81756,2.13475,-7.12502,0.02677,-7.12503
7.02,-7.15918,151.23175,-1.85152,-7.14821,0.20161,-7.14822,-6.98904,536.34044,2.61086,-7.14821,0.05264,-7.14822
7.04,-7.17629,151.34111,-2.19451,-7.16587,0.28042,-7.16588,-6.98959,536.23977,3.15339,-7.16587,0.11398,-7.16588
7.06,-7.18093,150.93084,-2.52879,-7.17268,0.38886,-7.17268,-6.99175,536.657,3.74143,-7.17268,0.21578,-7.17268
7.08,-7.16555,149.83101,-2.82417,-7.1617,0.52455,-7.16171,-6.99616,537.76103,4.34752,-7.1617,0.36258,-7.16171
7.1,-7.12085,147.84708,-3.04927,-7.12436,0.68263,-7.12437,-7.00351,539.74523,4.94027,-7.12436,0.5581,-7.12437
7.12,-7.03605,144.7669,-3.17738,-7.05058,0.8555,-7.05058,-7.01454,542.82052,5.48965,-7.05058,0.80481,-7.05058
7.14,-6.89931,140.37353,-3.19309,-6.92922,1.03285,-6.92922,-7.02991,547.20257,5.9732,-6.92922,1.10356,-6.92922
7.16,-6.69874,134.46682,-3.09573,-6.74886,1.20208,-6.74886,-7.05012,553.09025,6.3795,-6.74886,1.45316,-6.74886
7.18,-6.42373,126.89712,-2.8978,-6.4991,1.3493,-6.4991,-7.07537,560.63195,6.70715,-6.4991,1.85015,-6.4991
7.2,-6.06712,117.6156,-2.62073,-6.17242,1.46082,-6.17242,-7.1053,569.87547,6.96137,-6.17242,2.28836,-6.17242
7.22,-5.62794,106.74611,-2.29044,-5.76671,1.52495,-5.76671,-7.13877,580.69619,7.15071,-5.76671,2.7582,-5.76671
7.24,-5.11502,94.68347,-1.9341,-5.28859,1.53389,-5.28859,-7.17357,592.69912,7.28442,-5.28859,3.24527,-5.28859
7.26,-4.55138,82.22077,-1.57832,-4.75748,1.48536,-4.75748,-7.2061,605.0919,7.37053,-4.75748,3.72788,-4.75748
7.28,-3.97924,70.70333,-1.24936,-4.21024,1.38374,-4.21024,-7.231,616.53136,7.41444,-4.21024,4.17353,-4.21024
7.3,-3.46113,62.09393,-0.97396,-3.70203,1.23937,-3.70203,-7.2409,625.05837,7.41804,-3.70203,4.53742,-3.70203
7.32,-3.06766,58.71587,-0.77786,-3.29381,1.06388,-3.29381,-7.22615,628.35361,7.37923,-3.29381,4.7702,-3.29381
7.34,-2.85603,62.74209,-0.68195,-3.03086,0.8633,-3.03086,-7.17483,624.24621,7.29195,-3.03086,4.83264,-3.03086
7.36,-2.85603,75.81843,-0.69991,-2.92894,0.63445,-2.92894,-7.07291,611.08886,7.14654,-2.92894,4.70578,-2.92894
7.38,-3.06767,98.91387,-0.83795,-2.97253,0.36556,-2.97253,-6.90486,587.90713,6.93071,-2.97253,4.39337,-2.97253
7.4,-3.46114,132.1841,-1.09467,-3.11589,0.03871,-3.11589,-6.65476,554.53583,6.63104,-3.11589,3.92322,-3.11589
7.42,-3.97925,174.87235,-1.46094,-3.28729,-0.36689,-3.28729,-6.30804,511.71877,6.23524,-3.28729,3.34627,-3.28729
7.44,-4.55139,225.52039,-1.92274,-3.4055,-0.86947,-3.4055,-5.85411,460.90105,5.73521,-3.4055,2.7255,-3.4055
7.46,-5.11504,282.37988,-2.46536,-3.4049,-1.47794,-3.4049,-5.28986,403.82302,5.13107,-3.4049,2.11762,-3.4049
7.48,-5.62796,343.51317,-3.07381,-3.25225,-2.18589,-3.25225,-4.62429,342.42397,4.43617,-3.25225,1.56229,-3.25225
7.5,-6.06714,406.45688,-3.7271,-2.95125,-2.96663,-2.95125,-3.88411,279.1813,3.68195,-2.95125,1.0825,-2.95125
7.52,-6.42375,467.98491,-4.39152,-2.53964,-3.77233,-2.53964,-3.11589,217.34752,2.91688,-2.53964,0.68834,-2.53964
7.54,-6.69876,524.64614,-5.02442,-2.07446,-4.54547,-2.07446,-2.37571,160.40538,2.19397,-2.07446,0.38032,-2.07446
7.56,-6.89933,573.82145,-5.58904,-1.60947,-5.2385,-1.60947,-1.71014,110.99953,1.55408,-1.60947,0.15222,-1.60947
7.58,-7.03606,614.25815,-6.0645,-1.18195,-5.82448,-1.18195,-1.14589,70.39604,1.01884,-1.18195,-0.0063,-1.18195
7.6,-7.12085,645.85425,-6.44459,-0.81281,-6.29474,-0.81281,-0.69196,38.69977,0.59372,-0.81281,-0.10746,-0.81281
7.62,-7.16552,669.25388,-6.73298,-0.51077,-6.65299,-0.51077,-0.34524,15.26243,0.27337,-0.51077,-0.16371,-0.51077
7.64,-7.18088,685.52798,-6.93939,-0.27602,-6.91064,-0.27602,-0.09514,0,0.04595,-0.27602,-0.18663,-0.27602
7.66,-7.1762,695.93522,-7.07664,-0.10329,-7.08306,-0.10329,0.07291,0,-0.10359,-0.10329,-0.18634,-0.10329
7.68,-7.15904,701.7535,-7.15851,0.01579,-7.18697,0.01579,0.17483,0,-0.19118,0.01579,-0.17119,0.01579
7.7,-7.13526,704.17046,-7.19828,0.09089,-7.23859,0.09089,0.22615,0,-0.232,0.09089,-0.14771,0.09089
7.72,-7.10914,704.22042,-7.20786,0.13176,-7.25253,0.13176,0.2409,0,-0.23954,0.13176,-0.12079,0.13176
7.74,-7.08362,702.75634,-7.19731,0.14738,-7.24118,0.14738,0.231,0,-0.22513,0.14738,-0.09382,0.14738
7.76,-7.06054,700.44629,-7.17469,0.14556,-7.21453,0.14556,0.2061,0,-0.19781,0.14556,-0.06899,0.14556
7.78,-7.04087,697.7862,-7.14615,0.1327,-7.18021,0.1327,0.17357,0,-0.16439,0.1327,-0.04752,0.1327
7.8,-7.02497,695.12172,-7.1161,0.11379,-7.14371,0.11379,0.13877,0,-0.12975,0.11379,-0.02993,0.11379
7.82,-7.01277,692.67441,-7.08751,0.09253,-7.10876,0.09253,0.1053,0,-0.09712,0.09253,-0.01625,0.09253
7.84,-7.00392,690.56848,-7.06214,0.07145,-7.07761,0.07145,0.07537,0,-0.06838,0.07145,-0.00617,0.07145
7.86,-6.99793,688.85573,-7.04087,0.0522,-7.0514,0.0522,0.05012,0,-0.04446,0.0522,0.00079,0.0522
7.88,-6.99425,687.53739,-7.02395,0.03565,-7.03046,0.03565,0.02991,0,-0.02555,0.03565,0.00519,0.03565
7.9,-6.99236,686.58217,-7.01118,0.02218,-7.01458,0.02218,0.01454,0,-0.01136,0.02218,0.0076,0.02218
7.92,-6.99175,685.94041,-7.00209,0.01176,-7.00322,0.01176,0.00351,0.0972,-0.00135,0.01176,0.00853,0.01176
7.94,-6.99203,685.5547,-6.99609,0.00413,-6.99568,0.00413,-0.00384,0.54718,0.00517,0.00413,0.00844,0.00413
7.96,-6.99285,685.36723,-6.99256,-0.0011,-6.99119,-0.0011,-0.00825,0.79182,0.00894,-0.0011,0.00771,-0.0011
7.98,-6.99395,685.32457,-6.99089,-0.00436,-6.98902,-0.00436,-0.01041,0.88511,0.01064,-0.00436,0.00662,-0.00436
8,-6.99514,685.38042,-6.99055,-0.0061,-6.98851,-0.0061,-0.01096,0.87383,0.01088,-0.0061,0.00539,-0.0061
8.02,-6.99629,685.49673,-6.99109,-0.00673,-6.98911,-0.00673,-0.01044,0.79639,0.01016,-0.00673,0.00417,-0.00673
8.04,-6.99733,685.64386,-6.99216,-0.00659,-6.99036,-0.00659,-0.00926,0.68275,0.00888,-0.00659,0.00305,-0.00659
8.06,-6.99821,685.79992,-6.99347,-0.00597,-6.99194,-0.00597,-0.00776,0.55502,0.00734,-0.00597,0.00209,-0.00597
8.08,-6.99892,685.9498,-6.99484,-0.0051,-6.9936,-0.0051,-0.00618,0.42852,0.00577,-0.0051,0.0013,-0.0051
8.1,-6.99946,686.08397,-6.99613,-0.00413,-6.99518,-0.00413,-0.00467,0.31297,0.0043,-0.00413,0.00069,-0.00413
8.12,-6.99985,686.19727,-6.99726,-0.00317,-6.99658,-0.00317,-0.00332,0.21374,0.00301,-0.00317,0.00025,-0.00317
8.14,-7.00011,686.28778,-6.99821,-0.00231,-6.99775,-0.00231,-0.00219,0.13296,0.00194,-0.00231,-6e-05,-0.00231
8.16,-7.00027,686.35586,-6.99896,-0.00157,-6.99868,-0.00157,-0.00129,0.0705,0.0011,-0.00157,-0.00025,-0.00157
8.18,-7.00035,686.40328,-6.99952,-0.00097,-6.99939,-0.00097,-0.00062,0.02484,0.00048,-0.00097,-0.00035,-0.00097
8.2,-7.00038,686.43266,-6.99992,-0.00051,-6.99988,-0.00051,-0.00013,0,4e-05,-0.00051,-0.00039,-0.00051
8.22,-7.00036,686.44689,-7.00017,-0.00017,-7.00021,-0.00017,0.00019,0,-0.00024,-0.00017,-0.00039,-0.00017
8.24,-7.00032,686.44891,-7.00032,5e-05,-7.0004,5e-05,0.00037,0,-0.0004,5e-05,-0.00035,5e-05
8.26,-7.00027,686.44138,-7.00038,0.00019,-7.00049,0.00019,0.00046,0,-0.00047,0.00019,-0.0003,0.00019
8.28,-7.00022,686.42666,-7.00039,0.00026,-7.00051,0.00026,0.00048,0,-0.00047,0.00026,-0.00025,0.00026
8.3,-7.00016,686.40669,-7.00036,0.00028,-7.00047,0.00028,0.00045,0,-0.00044,0.00028,-0.00019,0.00028
8.32,-7.00012,686.38302,-7.00031,0.00028,-7.00042,0.00028,0.00039,0,-0.00038,0.00028,-0.00014,0.00028
8.34,-7.00008,686.35688,-7.00026,0.00025,-7.00035,0.00025,0.00033,0,-0.00031,0.00025,-0.0001,0.00025
8.36,-7.00005,686.32916,-7.00021,0.00022,-7.00028,0.00022,0.00026,0,-0.00025,0.00022,-6e-05,0.00022
8.38,-7.00002,686.30056,-7.00018,0.00019,-7.00022,0.00019,0.00021,0,-0.00019,0.00019,-3e-05,0.00019
8.4,-7.00001,686.27158,-7.00017,0.00017,-7.00017,0.00017,0.00017,0,-0.00016,0.00017,-0,0.00017
8.42,-6.99999,686.24262,-7.00019,0.00016,-7.00014,0.00016,0.00015,0,-0.00014,0.00016,2e-05,0.00016
8.44,-6.99999,686.21399,-7.00024,0.00016,-7.00013,0.00016,0.00015,0,-0.00014,0.00016,4e-05,0.00016
8.46,-6.99998,686.18595,-7.00032,0.00019,-7.00014,0.00019,0.00017,0,-0.00017,0.00019,5e-05,0.00019
8.48,-6.99998,686.1587,-7.00042,0.00023,-7.00016,0.00023,0.00021,0,-0.00021,0.00023,7e-05,0.00023
8.5,-6.99998,686.13242,-7.00055,0.00028,-7.0002,0.00028,0.00026,0,-0.00026,0.00028,8e-05,0.00028
8.52,-6.99999,686.1072,-7.00069,0.00034,-7.00025,0.00034,0.00033,0,-0.00033,0.00034,0.0001,0.00034
8.54,-6.99999,686.08304,-7.00082,0.00041,-7.0003,0.00041,0.00039,0,-0.0004,0.00041,0.00011,0.00041
8.56,-6.99999,686.05982,-7.00093,0.00046,-7.00034,0.00046,0.00045,0,-0.00045,0.00046,0.00012,0.00046
8.58,-6.99999,686.03726,-7.00098,0.00048,-7.00037,0.00048,0.00048,0,-0.00048,0.00048,0.00012,0.00048
8.6,-7,686.01489,-7.00093,0.00046,-7.00036,0.00046,0.00046,0,-0.00047,0.00046,0.00011,0.00046
8.62,-7,685.99202,-7.00074,0.00038,-7.0003,0.00038,0.00037,0,-0.00038,0.00038,8e-05,0.00038
8.64,-7,685.96777,-7.00035,0.00019,-7.00016,0.00019,0.00018,0,-0.00019,0.00019,3e-05,0.00019
8.66,-7,685.94106,-6.99969,-0.00013,-6.99992,-0.00013,-0.00013,0,0.00013,-0.00013,-5e-05,-0.00013
8.68,-7,685.91067,-6.9987,-0.00061,-6.99956,-0.00061,-0.00062,0.01446,0.00061,-0.00061,-0.00017,-0.00061
8.7,-7,685.87538,-6.99731,-0.00129,-6.99904,-0.00129,-0.0013,0.03787,0.00129,-0.00129,-0.00033,-0.00129
8.72,-7,685.8341,-6.99548,-0.00219,-6.99836,-0.00219,-0.00219,0.0698,0.00219,-0.00219,-0.00055,-0.00219
8.74,-6.99999,685.78614,-6.9932,-0.00332,-6.99749,-0.00332,-0.00332,0.11095,0.00332,-0.00332,-0.00081,-0.00332
8.76,-6.99999,685.73155,-6.99049,-0.00466,-6.99646,-0.00466,-0.00466,0.1613,0.00467,-0.00466,-0.00112,-0.00466
8.78,-6.99999,685.67148,-6.98745,-0.00617,-6.99529,-0.00617,-0.00617,0.21966,0.00619,-0.00617,-0.00146,-0.00617
8.8,-6.99998,685.60874,-6.98428,-0.00775,-6.99405,-0.00775,-0.00775,0.28316,0.00779,-0.00775,-0.00181,-0.00775
8.82,-6.99998,685.54833,-6.98131,-0.00924,-6.99287,-0.00924,-0.00925,0.34673,0.0093,-0.00924,-0.00213,-0.00924
8.84,-6.99998,685.49808,-6.97902,-0.01042,-6.99192,-0.01042,-0.01042,0.40242,0.01049,-0.01042,-0.00236,-0.01042
8.86,-6.99998,685.46924,-6.97808,-0.01094,-6.99146,-0.01094,-0.01094,0.43884,0.01104,-0.01094,-0.00243,-0.01094
8.88,-6.99998,685.47697,-6.97936,-0.01039,-6.9918,-0.01039,-0.01038,0.44064,0.01051,-0.01039,-0.00222,-0.01039
8.9,-6.99998,685.54066,-6.98393,-0.00823,-6.99336,-0.00823,-0.00821,0.38825,0.00837,-0.00823,-0.00162,-0.00823
8.92,-6.99999,685.6838,-6.99309,-0.00383,-6.99663,-0.00383,-0.0038,0.25792,0.00398,-0.00383,-0.00049,-0.00383
8.94,-7.00001,685.9334,-7.00822,0.00351,-7.00214,0.00351,0.00355,0.02238,-0.00336,0.00351,0.00134,0.00351
8.96,-7.00003,686.31846,-7.03079,0.01451,-7.01048,0.01451,0.01457,0,-0.01438,0.01451,0.00403,0.01451
8.98,-7.00006,686.86755,-7.06213,0.02985,-7.02216,0.02985,0.02993,0,-0.02977,0.02985,0.00771,0.02985
9,-7.0001,687.60489,-7.10321,0.05003,-7.0376,0.05003,0.05013,0,-0.05004,0.05003,0.01249,0.05003
9.02,-7.00015,688.54491,-7.15432,0.07523,-7.05696,0.07523,0.07534,0,-0.07537,0.07523,0.01837,0.07523
9.04,-7.00021,689.68492,-7.2147,0.10509,-7.08001,0.10509,0.10522,0,-0.10542,0.10509,0.02525,0.10509
9.06,-7.00028,690.99588,-7.28195,0.13849,-7.10593,0.13849,0.13863,0,-0.13908,0.13849,0.0328,0.13849
9.08,-7.00035,692.41128,-7.35148,0.17323,-7.13308,0.17323,0.17335,0,-0.17414,0.17323,0.04048,0.17323
9.1,-7.00042,693.81446,-7.41587,0.20569,-7.15875,0.20569,0.20578,0,-0.20699,0.20569,0.04737,0.20569
9.12,-7.00047,695.02521,-7.46418,0.23053,-7.17888,0.23053,0.23056,0,-0.23228,0.23053,0.05218,0.23053
9.14,-7.0005,695.78669,-7.48137,0.2404,-7.18786,0.2404,0.24033,0,-0.24263,0.2404,0.05315,0.2404
9.16,-7.00047,695.75481,-7.44787,0.22567,-7.17834,0.22567,0.22545,0,-0.22837,0.22567,0.048,0.22567
9.18,-7.00038,694.49238,-7.33954,0.17444,-7.14115,0.17444,0.17402,0,-0.17753,0.17444,0.03397,0.17444
9.2,-7.00018,691.47189,-7.1281,0.07271,-7.06549,0.07271,0.07202,0,-0.07602,0.07271,0.00782,0.07271
9.22,-6.99985,686.09093,-6.78237,-0.09502,-6.93931,-0.09502,-0.09603,0.10139,0.09177,-0.09502,-0.03392,-0.09502
9.24,-6.99935,677.70578,-6.27057,-0.34464,-6.75017,-0.34464,-0.34603,8.52465,0.3419,-0.34464,-0.09475,-0.34464
9.26,-6.99866,665.68885,-5.56394,-0.69068,-6.48656,-0.69067,-0.69249,20.59049,0.68908,-0.69068,-0.17773,-0.69067
9.28,-6.99774,649.51632,-4.64203,-1.14371,-6.13985,-1.14371,-1.14595,36.82455,1.14408,-1.14371,-0.28486,-1.14371
9.3,-6.9966,628.89175,-3.49993,-1.70683,-5.70699,-1.70682,-1.70945,57.52429,1.71023,-1.70683,-0.41621,-1.70682
9.32,-6.99525,603.91034,-2.15756,-2.37105,-5.19403,-2.37105,-2.37394,82.59418,2.37875,-2.37105,-0.56888,-2.37105
9.34,-6.99373,575.26605,-0.6705,-3.10972,-4.62043,-3.10972,-3.11268,111.33788,3.12316,-3.10972,-0.73567,-3.10972
9.36,-6.99215,544.35678,0.86733,-3.87636,-4.02109,-3.87635,-3.87904,142.35268,3.89706,-3.87636,-0.90494,-3.87635
9.38,-6.99067,512.98891,2.34555,-4.61504,-3.43964,-4.61504,-4.61696,173.82619,4.64448,-4.61504,-1.06435,-4.61504
9.4,-6.98954,482.79218,3.67406,-5.27943,-2.91557,-5.27943,-5.27992,204.1235,5.31879,-5.27943,-1.20689,-5.27943
9.42,-6.98907,454.88432,4.80212,-5.84314,-2.47668,-5.84314,-5.84134,232.12386,5.89305,-5.84314,-1.33377,-5.84314
9.44,-6.98972,429.91905,5.71349,-6.29761,-2.13973,-6.29762,-6.29247,257.17235,6.35772,-6.29761,-1.45292,-6.29762
9.46,-6.99201,408.23554,6.41509,-6.64648,-1.91332,-6.64649,-6.63676,278.92994,6.71496,-6.64648,-1.57615,-6.64649
9.48,-6.99659,389.96709,6.92788,-6.90098,-1.79989,-6.901,-6.88534,297.26418,6.97393,-6.90098,-1.71659,-6.901
9.5,-7.00416,375.11018,7.27964,-7.07636,-1.79687,-7.07639,-7.05346,312.17995,7.14714,-7.07636,-1.88625,-7.07639
9.52,-7.01543,363.55844,7.49968,-7.18928,-1.89723,-7.18932,-7.15793,323.78512,7.24782,-7.18928,-2.09392,-7.18932
9.54,-7.03108,355.11008,7.61517,-7.25594,-2.08953,-7.256,-7.21534,332.28297,7.28806,-7.25594,-2.34341,-7.256
9.56,-7.05159,349.46459,7.64877,-7.29088,-2.35807,-7.29095,-7.24093,337.9753,7.27778,-7.29088,-2.63255,-7.29095
9.58,-7.0771,346.23083,7.61737,-7.30621,-2.68389,-7.30629,-7.24794,341.25433,7.22423,-7.30621,-2.95355,-7.30629
9.6,-7.10722,344.95352,7.53164,-7.3112,-3.04683,-7.3113,-7.24726,342.57606,7.1321,-7.3112,-3.29478,-7.3113
9.62,-7.14074,345.14235,7.39631,-7.31211,-3.42748,-7.31223,-7.24735,342.43118,7.00399,-7.31211,-3.64273,-7.31223
9.64,-7.17537,346.28744,7.211,-7.31209,-3.80842,-7.31222,-7.25415,341.32951,6.84137,-7.31209,-3.98342,-7.31222
9.66,-7.20739,347.86024,6.97158,-7.31113,-4.17449,-7.31127,-7.27108,339.79908,6.6458,-7.31113,-4.30304,-7.31127
9.68,-7.23131,349.3049,6.67205,-7.30609,-4.51254,-7.30624,-7.29897,338.39484,6.42059,-7.30609,-4.58804,-7.30624
9.7,-7.23963,350.02542,6.30689,-7.29072,-4.81081,-7.29088,-7.33583,337.71143,6.17268,-7.29072,-4.82498,-7.29088
9.72,-7.22255,349.37437,5.87344,-7.25575,-5.05814,-7.25591,-7.37664,338.39456,5.91414,-7.25575,-5.00034,-7.25591
9.74,-7.16803,346.64909,5.37351,-7.18906,-5.24327,-7.18922,-7.41298,341.14483,5.6626,-7.18906,-5.1004,-7.18922
9.76,-7.06194,341.102,4.81393,-7.07612,-5.35427,-7.07628,-7.43263,346.70757,5.43994,-7.07612,-5.11139,-7.07628
9.78,-6.88873,331.97194,4.2065,-6.90074,-5.37853,-6.90089,-7.41934,355.84159,5.26963,-6.90074,-5.02042,-6.90089
9.8,-6.63257,318.54399,3.5677,-6.64627,-5.30352,-6.6464,-7.35262,369.25951,5.17303,-6.64627,-4.81715,-6.6464
9.82,-6.27913,300.24398,2.91836,-6.29742,-5.11854,-6.29753,-7.20806,387.5336,5.16473,-6.29742,-4.49677,-6.29753
9.84,-5.81829,276.76559,2.28308,-5.84298,-4.81731,-5.84307,-6.95805,410.96899,5.2477,-5.84298,-4.06382,-5.84307
9.86,-5.2477,248.21629,1.68888,-5.2793,-4.40103,-5.27937,-6.57346,439.45822,5.41084,-5.2793,-3.53656,-5.27937
9.88,-4.57747,215.27531,1.16224,-4.61494,-3.8815,-4.615,-6.02622,472.32388,5.63087,-4.61494,-2.9513,-4.615
9.9,-3.83556,179.37548,0.7234,-3.87629,-3.28508,-3.87632,-5.29338,508.13744,5.87874,-3.87629,-2.36739,-3.87632
9.92,-3.06914,142.73794,0.38073,-3.10968,-2.65418,-3.1097,-4.36274,544.68487,6.12738,-3.10968,-1.86599,-3.1097
9.94,-2.33369,107.89454,0.12982,-2.37102,-2.0387,-2.37103,-3.23998,579.44264,6.35694,-2.37102,-1.52899,-2.37103
9.96,-1.67453,76.88013,-0.04152,-1.70681,-1.48019,-1.70682,-1.95528,610.38286,6.55583,-1.70681,-1.40688,-1.70682
9.98,-1.11726,50.81294,-0.14808,-1.14371,-1.00308,-1.14371,-0.56429,636.39143,6.71907,-1.14371,-1.50497,-1.14371
10,-0.6701,30.01273,-0.20452,-0.69068,-0.6165,-0.69068,0.85908,657.15018,6.84634,-0.69068,-1.79328,-0.69068
10.02,-0.32948,14.26145,-0.22429,-0.34465,-0.31904,-0.34464,2.23523,672.87698,6.9403,-0.34465,-2.2225,-0.34464
10.04,-0.08455,3.01368,-0.21896,-0.09503,-0.10264,-0.09502,3.49259,684.11594,7.00536,-0.09503,-2.73727,-0.09502
10.06,0.07932,0,-0.19794,0.0727,0.0444,0.0727,4.57971,691.57665,7.04666,0.0727,-3.28626,0.0727
10.08,0.17805,0,-0.16856,0.17443,0.13513,0.17443,5.47137,696.01774,7.06939,0.17443,-3.82833,0.17443
10.1,0.22707,0,-0.13618,0.22566,0.18247,0.22567,6.16603,698.16833,7.0784,0.22566,-4.3348,0.22567
10.12,0.24026,0,-0.10447,0.24039,0.19817,0.24039,6.67854,698.67989,7.07788,0.24039,-4.78882,0.24039
10.14,0.22942,0,-0.07574,0.23053,0.19232,0.23053,7.03307,698.10174,7.07129,0.23053,-5.18359,0.23053
10.16,0.20404,0,-0.05123,0.20568,0.17312,0.20568,7.25778,696.87346,7.06134,0.20568,-5.51982,0.20568
10.18,0.17137,0,-0.0314,0.17322,0.1469,0.17323,7.38119,695.3289,7.05002,0.17322,-5.80313,0.17323
10.2,0.13665,0,-0.01615,0.13849,0.11828,0.13849,7.42971,693.70724,7.03875,0.13849,-6.04152,0.13849
10.22,0.10341,0,-0.00508,0.10509,0.09042,0.10509,7.42631,692.16774,7.02841,0.10509,-6.24328,0.10509
10.24,0.07378,0,0.00243,0.07523,0.06529,0.07523,7.38988,690.80558,7.01949,0.07523,-6.41538,0.07523
10.26,0.04885,0,0.00705,0.05003,0.04393,0.05003,7.33519,689.66725,7.01221,0.05003,-6.56266,0.05003
10.28,0.02894,0,0.00945,0.02985,0.0267,0.02985,7.2732,688.7643,7.00656,0.02985,-6.68769,0.02985
10.3,0.01384,0,0.01023,0.01451,0.01351,0.01451,7.2115,688.08498,7.0024,0.01451,-6.79137,0.01451
10.32,0.00305,0,0.00991,0.00351,0.00396,0.00351,7.15496,687.60358,6.99955,0.00351,-6.87413,0.00351
10.34,-0.00412,0.22522,0.0089,-0.00383,-0.00248,-0.00383,7.10627,687.28758,6.99775,-0.00383,-6.93697,-0.00383
10.36,-0.00838,0.41605,0.00754,-0.00823,-0.00642,-0.00823,7.06655,687.10272,6.99678,-0.00823,-6.98186,-0.00823
10.38,-0.01045,0.50502,0.00607,-0.01039,-0.00842,-0.01039,7.03577,687.0164,6.99642,-0.01039,-7.01142,-0.01039
10.4,-0.01093,0.52151,0.00463,-0.01094,-0.00903,-0.01094,7.01321,686.99976,6.99647,-0.01094,-7.02855,-0.01094
10.42,-0.01036,0.49019,0.00334,-0.01042,-0.0087,-0.01042,6.99775,687.02862,6.99679,-0.01042,-7.03611,-0.01042
10.44,-0.00917,0.43073,0.00224,-0.00924,-0.00778,-0.00924,6.9881,687.0838,6.99725,-0.00924,-7.03667,-0.00924
10.46,-0.00766,0.35799,0.00136,-0.00775,-0.00657,-0.00775,6.98294,687.15081,6.99777,-0.00775,-7.03254,-0.00775
10.48,-0.00608,0.28259,0.00069,-0.00617,-0.00527,-0.00617,6.98108,687.21937,6.99828,-0.00617,-7.02563,-0.00617
10.5,-0.00458,0.21153,0.0002,-0.00466,-0.00401,-0.00466,6.98146,687.28271,6.99875,-0.00466,-7.01755,-0.00466
10.52,-0.00326,0.14897,-0.00013,-0.00332,-0.00287,-0.00332,6.98322,687.33682,6.99914,-0.00332,-7.00969,-0.00332
10.54,-0.00214,0.09688,-0.00033,-0.0022,-0.00192,-0.0022,6.98566,687.37983,6.99947,-0.0022,-7.00321,-0.0022
10.56,-0.00126,0.0557,-0.00042,-0.0013,-0.00115,-0.0013,6.98826,687.41135,6.99972,-0.0013,-6.99922,-0.0013
10.58,-0.00059,0.02481,-0.00045,-0.00062,-0.00056,-0.00062,6.99064,687.432,6.9999,-0.00062,-6.99873,-0.00062
10.6,-0.00012,0.00302,-0.00043,-0.00014,-0.00014,-0.00014,6.99252,687.44299,7.00003,-0.00014,-7.00278,-0.00014
10.62,0.00019,0,-0.00038,0.00018,0.00015,0.00018,6.99376,687.44585,7.00011,0.00018,-7.01239,0.00018
10.64,0.00037,0,-0.00031,0.00036,0.00032,0.00036,6.99425,687.44218,7.00015,0.00036,-7.02852,0.00036
10.66,0.00046,0,-0.00025,0.00046,0.0004,0.00046,6.99398,687.43356,7.00016,0.00046,-7.05197,0.00046
10.68,0.00048,0,-0.00019,0.00048,0.00042,0.00048,6.99299,687.42142,7.00016,0.00048,-7.08322,0.00048
10.7,0.00046,0,-0.00014,0.00046,0.0004,0.00046,6.99138,687.40706,7.00014,0.00046,-7.12219,0.00046
10.72,0.00042,0,-0.0001,0.00042,0.00035,0.00042,6.98933,687.39158,7.00012,0.00042,-7.16793,0.00042
10.74,0.00037,0,-8e-05,0.00037,0.00028,0.00037,6.9871,687.37593,7.0001,0.00037,-7.2182,0.00037
10.76,0.00033,0,-8e-05,0.00033,0.0002,0.00033,6.98508,687.36089,7.00008,0.00033,-7.26908,0.00033
10.78,0.0003,0,-0.0001,0.0003,0.00012,0.0003,6.98377,687.34709,7.00006,0.0003,-7.31444,0.0003
10.8,0.00029,0,-0.00014,0.00029,4e-05,0.00029,6.98381,687.33502,7.00004,0.00029,-7.34545,0.00029
10.82,0.0003,0,-0.00019,0.0003,-4e-05,0.0003,6.98602,687.32499,7.00002,0.0003,-7.35022,0.0003
10.84,0.00033,0,-0.00026,0.00033,-0.00012,0.00033,6.99136,687.31719,7.00001,0.00033,-7.3135,0.00033
10.86,0.00037,0,-0.00033,0.00037,-0.00019,0.00037,7.0009,687.31159,7,0.00037,-7.21672,0.00037
10.88,0.00042,0,-0.0004,0.00042,-0.00025,0.00042,7.0158,687.308,7,0.00042,-7.03847,0.00042
10.9,0.00046,0,-0.00046,0.00046,-0.00029,0.00046,7.03718,687.30603,6.99999,0.00046,-6.75555,0.00046
10.92,0.00048,0.00019,-0.00049,0.00048,-0.00032,0.00048,7.06595,687.30509,6.99999,0.00048,-6.34493,0.00048
10.94,0.00046,0.0008,-0.00047,0.00046,-0.00031,0.00046,7.10262,687.30443,6.99999,0.00046,-5.78665,0.00046
10.96,0.00037,0.00157,-0.00039,0.00037,-0.00026,0.00037,7.14701,687.30317,6.99999,0.00037,-5.0681,0.00037
10.98,0.00018,0.0026,-0.0002,0.00018,-0.00015,0.00018,7.19785,687.30035,6.99999,0.00018,-4.18877,0.00018
11,-0.00014,0.00399,0.00013,-0.00014,4e-05,-0.00014,7.25236,687.29503,6.99999,-0.00014,-3.16325,-0.00014
11.02,-0.00062,0.00583,0.00062,-0.00062,0.00034,-0.00062,7.30576,687.28633,7,-0.00062,-2.02034,-0.00062
11.04,-0.0013,0.00813,0.0013,-0.0013,0.00075,-0.0013,7.35074,687.27356,7,-0.0013,-0.79965,-0.0013
11.06,-0.0022,0.01088,0.00222,-0.0022,0.00129,-0.0022,7.37693,687.25626,7,-0.0022,0.45251,-0.0022
11.08,-0.00333,0.01394,0.00336,-0.00333,0.00198,-0.00333,7.37055,687.23434,7,-0.00333,1.68712,-0.00333
11.1,-0.00467,0.01711,0.00472,-0.00467,0.0028,-0.00467,7.31418,687.20812,7,-0.00467,2.85644,-0.00467
11.12,-0.00618,0.02,0.00626,-0.00618,0.00372,-0.00618,7.18693,687.1784,7,-0.00618,3.91818,-0.00618
11.14,-0.00776,0.02209,0.00786,-0.00776,0.00469,-0.00776,6.96511,687.14648,7,-0.00776,4.83989,-0.00776
11.16,-0.00926,0.02263,0.00938,-0.00926,0.00562,-0.00926,6.6236,687.11419,7,-0.00926,5.60292,-0.00926
11.18,-0.01044,0.02068,0.01058,-0.01044,0.00636,-0.01044,6.13827,687.08377,7,-0.01044,6.20406,-0.01044
11.2,-0.01096,0.01508,0.01112,-0.01096,0.00672,-0.01096,5.48946,687.05786,7,-0.01096,6.65333,-0.01096
11.22,-0.01041,0.00446,0.01057,-0.01041,0.00643,-0.01041,4.66703,687.03933,7,-0.01041,6.96935,-0.01041
11.24,-0.00825,0,0.00839,-0.00825,0.00518,-0.00825,3.67599,687.03111,7,-0.00825,7.17492,-0.00825
11.26,-0.00384,0,0.00394,-0.00384,0.00259,-0.00384,2.53978,687.03601,7,-0.00384,7.29368,-0.00384
11.28,0.00351,0,-0.0035,0.00351,-0.00179,0.00351,1.29858,687.05639,7,0.00351,7.34798,0.00351
11.3,0.01454,0,-0.01466,0.01454,-0.00838,0.01454,0.00364,687.0939,7,0.01454,7.35751,0.01454
11.32,0.02991,0,-0.03022,0.02991,-0.01762,0.02991,-1.28915,687.14903,7,0.02991,7.33868,0.02991
11.34,0.05013,0,-0.05069,0.05013,-0.0298,0.05013,-2.52497,687.22071,7,0.05013,7.30449,0.05013
11.36,0.07537,0,-0.07627,0.07537,-0.04508,0.07537,-3.65513,687.30574,7,0.07537,7.26455,0.07537
11.38,0.1053,0,-0.1066,0.1053,-0.06325,0.1053,-4.64193,687.39827,7,0.1053,7.22548,0.1053
11.4,0.13877,0,-0.14054,0.13877,-0.08365,0.13877,-5.46299,687.48911,7,0.13877,7.19121,0.13877
11.42,0.17357,0,-0.17585,0.17357,-0.10499,0.17357,-6.11295,687.56521,7,0.17357,7.16339,0.17357
11.44,0.2061,0,-0.20888,0.2061,-0.12511,0.2061,-6.60107,687.6091,7,0.2061,7.1417,0.2061
11.46,0.231,0,-0.23422,0.231,-0.14081,0.231,-6.94617,687.59861,7,0.231,7.12415,0.231
11.48,0.2409,0,-0.24439,0.2409,-0.14765,0.2409,-7.17183,687.50694,7,0.2409,7.10732,0.2409
11.5,0.22615,0,-0.22963,0.22615,-0.13983,0.22615,-7.30275,687.30333,7,0.22615,7.08652,0.22615
11.52,0.17483,0.31827,-0.17787,0.17483,-0.11011,0.17483,-7.36239,686.95455,7,0.17483,7.05599,0.17483
11.54,0.07291,0.88668,-0.07487,0.07291,-0.04999,0.07291,-7.37153,686.42757,7,0.07291,7.00918,0.07291
11.56,-0.09514,1.6619,0.09509,-0.09514,0.05002,-0.09514,-7.34755,685.69359,7,-0.09514,6.93902,-0.09514
11.58,-0.34524,2.66247,0.34819,-0.34524,0.19969,-0.34524,-7.30425,684.73394,7,-0.34524,6.8385,-0.34524
11.6,-0.69196,3.88906,0.69921,-0.69196,0.40804,-0.69196,-7.25203,683.54785,7,-0.69196,6.70136,-0.69196
11.62,-1.14589,5.31445,1.15895,-1.14589,0.68179,-1.14589,-7.1983,682.16251,7,-1.14589,6.52315,-1.14589
11.64,-1.71014,6.87126,1.73061,-1.71014,1.02323,-1.71014,-7.14791,680.64512,7,-1.71014,6.30262,-1.71014
11.66,-2.37571,8.43797,2.40517,-2.37571,1.42743,-2.37571,-7.10371,679.11681,7,-2.37571,6.04356,-2.37571
11.68,-3.11589,9.82388,3.15569,-3.11589,1.87888,-3.11589,-7.06703,677.7675,7,-3.11589,5.75695,-3.11589
11.7,-3.88411,10.78113,3.93504,-3.88411,2.34975,-3.88411,-7.03812,676.84385,7,-3.88411,5.46145,-3.88411
11.72,-4.62429,11.09257,4.6862,-4.62429,2.80503,-4.62429,-7.01651,676.56163,7,-4.62429,5.17806,-4.62429
11.74,-5.28986,10.69038,5.36113,-5.28986,3.21263,-5.28986,-7.00133,676.98763,7,-5.28986,4.92127,-5.28986
11.76,-5.8541,9.68492,5.93104,-5.85411,3.5501,-5.85411,-6.99149,678.01105,7,-5.85411,4.69536,-5.85411
11.78,-6.30804,8.29091,6.38417,-6.30804,3.80531,-6.30804,-6.98586,679.41727,7,-6.30804,4.49724,-6.30804
11.8,-6.65476,6.73451,6.7201,-6.65476,3.97529,-6.65476,-6.98338,680.98062,7,-6.65476,4.32089,-6.65476
11.82,-6.90486,5.19529,6.9452,-6.90486,4.0646,-6.90486,-6.98313,682.52223,7,-6.90486,4.1603,-6.90486
11.84,-7.0729,3.79076,7.0692,-7.07291,4.08292,-7.07291,-6.98432,683.92546,7,-7.07291,4.01066,-7.07291
11.86,-7.17483,2.58544,7.10292,-7.17483,4.04272,-7.17483,-6.98635,685.12668,6.99999,-7.17483,3.86854,-7.17483
11.88,-7.22615,1.60471,7.0569,-7.22615,3.95733,-7.22615,-6.98874,686.10134,6.99999,-7.22615,3.73176,-7.22615
11.9,-7.2409,0.8468,6.94107,-7.2409,3.83967,-7.2409,-6.99118,686.85199,6.99999,-7.2409,3.59927,-7.2409
11.92,-7.231,0.29269,6.76514,-7.231,3.70145,-7.231,-6.99346,687.3983,6.99999,-7.231,3.47084,-7.231
11.94,-7.2061,0,6.53948,-7.2061,3.5527,-7.2061,-6.99544,687.7694,6.99999,-7.2061,3.34689,-7.2061
11.96,-7.17357,0,6.27572,-7.17357,3.40155,-7.17357,-6.99708,687.99812,6.99999,-7.17357,3.22817,-7.17357
11.98,-7.13877,0,5.98629,-7.13877,3.25424,-7.13877,-6.99836,688.11704,6.99999,-7.13877,3.1156,-7.13877
12,-7.1053,0,5.68334,-7.1053,3.1153,-7.1053,-6.99932,688.15598,6.99999,-7.1053,3.01006,-7.1053
12.02,-7.07537,0,5.37768,-7.07537,2.98769,-7.07537,-6.99999,688.14056,6.99998,-7.07537,2.91232,-7.07537
12.04,-7.05012,0,5.07825,-7.05012,2.87306,-7.05012,-7.00042,688.09168,6.99998,-7.05012,2.8229,-7.05012
12.06,-7.02991,0,4.79194,-7.02991,2.77201,-7.02991,-7.00066,688.02551,6.99998,-7.02991,2.74205,-7.02991
12.08,-7.01454,0,4.52365,-7.01454,2.68435,-7.01454,-7.00076,687.95392,6.99998,-7.01454,2.66975,-7.01454
12.1,-7.00351,0,4.27655,-7.00351,2.6093,-7.00351,-7.00076,687.885,6.99998,-7.00351,2.60571,-7.00351
12.12,-6.99616,0,4.05243,-6.99616,2.54571,-6.99616,-7.00071,687.82382,6.99998,-6.99616,2.54947,-6.99616
12.14,-6.99175,0,3.85201,-6.99175,2.49232,-6.99175,-7.00061,687.77308,6.99998,-6.99175,2.50049,-6.99175
12.16,-6.98959,0,3.67531,-6.98959,2.44784,-6.98959,-7.0005,687.73372,6.99998,-6.98959,2.45818,-6.98959
12.18,-6.98903,0,3.52184,-6.98903,2.41116,-6.98903,-7.00039,687.70548,6.99998,-6.98903,2.42205,-6.98903
12.2,-6.98956,0,3.39094,-6.98956,2.38134,-6.98956,-7.00029,687.68734,6.99999,-6.98956,2.39171,-6.98956
12.22,-6.99074,0.00514,3.28183,-6.99074,2.35777,-6.99074,-7.0002,687.67784,6.99999,-6.99074,2.36697,-6.99074
12.24,-6.99224,0.0154,3.19384,-6.99224,2.34011,-6.99224,-7.00013,687.67539,6.99999,-6.99224,2.3478,-6.99224
12.26,-6.99382,0.02075,3.12644,-6.99382,2.32828,-6.99382,-7.00007,687.67836,6.99999,-6.99382,2.3344,-6.99382
12.28,-6.99533,0.02254,3.07934,-6.99533,2.3225,-6.99533,-7.00003,687.68528,6.99999,-6.99533,2.3271,-6.99533
12.3,-6.99668,0.02189,3.05252,-6.99668,2.32312,-6.99668,-7,687.69482,6.99999,-6.99668,2.32638,-6.99668
12.32,-6.99781,0.01975,3.04625,-6.99781,2.33064,-6.99781,-6.99998,687.70588,6.99999,-6.99781,2.33277,-6.99781
12.34,-6.99871,0.01681,3.06103,-6.99871,2.34559,-6.99871,-6.99997,687.71757,6.99999,-6.99871,2.34682,-6.99871
12.36,-6.99939,0.0136,3.09761,-6.99939,2.36842,-6.99939,-6.99996,687.72915,6.99999,-6.99939,2.36897,-6.99939
12.38,-6.99988,0.01047,3.15685,-6.99988,2.39948,-6.99988,-6.99997,687.74009,6.99999,-6.99988,2.39955,-6.99988
12.4,-7.0002,0.00763,3.23963,-7.0002,2.43891,-7.0002,-6.99997,687.74999,6.99999,-7.0002,2.43865,-7.0002
12.42,-7.00039,0.0052,3.34673,-7.00039,2.4866,-7.00039,-6.99997,687.75854,6.99999,-7.00039,2.48615,-7.00039
12.44,-7.00048,0.00319,3.4787,-7.00048,2.54218,-7.00048,-6.99998,687.76556,6.99999,-7.00048,2.54164,-7.00048
12.46,-7.0005,0.00159,3.63564,-7.0005,2.60503,-7.0005,-6.99998,687.77095,6.99999,-7.0005,2.60447,-7.0005
12.48,-7.00047,0.00033,3.81713,-7.00047,2.67429,-7.00047,-6.99999,687.77464,6.99999,-7.00047,2.67376,-7.00047
12.5,-7.00042,0,4.02204,-7.00042,2.74893,-7.00042,-6.99999,687.77663,6.99999,-7.00042,2.74846,-7.00042
12.52,-7.00035,0,4.24844,-7.00035,2.82781,-7.00035,-6.99999,687.77699,6.99999,-7.00035,2.8274,-7.00035
12.54,-7.00027,0,4.49352,-7.00027,2.90973,-7.00027,-7,687.77577,6.99999,-7.00027,2.9094,-7.00027
12.56,-7.00021,0,4.75349,-7.00021,2.99355,-7.00021,-7,687.7731,6.99999,-7.00021,2.99329,-7.00021
12.58,-7.00015,0,5.02365,-7.00015,3.07821,-7.00015,-7,687.76907,6.99999,-7.00015,3.078,-7.00015
12.6,-7.0001,0,5.2984,-7.0001,3.16277,-7.0001,-7,687.76383,6.99999,-7.0001,3.16262,-7.0001
12.62,-7.00006,0,5.57136,-7.00006,3.2465,-7.00006,-7,687.75747,6.99999,-7.00006,3.24639,-7.00006
12.64,-7.00003,0,5.83563,-7.00003,3.32881,-7.00003,-7,687.75012,6.99999,-7.00003,3.32873,-7.00003
12.66,-7,0,6.08414,-7,3.40927,-7,-7,687.74182,6.99999,-7,3.40922,-7
12.68,-6.99999,0,6.31014,-6.99999,3.48758,-6.99999,-7,687.73261,6.99999,-6.99999,3.48754,-6.99999
12.7,-6.99998,0,6.50792,-6.99998,3.56348,-6.99998,-7,687.72245,6.99999,-6.99998,3.56345,-6.99998
12.72,-6.99998,0,6.67364,-6.99998,3.63673,-6.99998,-7,687.71125,6.99999,-6.99998,3.6367,-6.99998
12.74,-6.99998,0,6.80607,-6.99998,3.70703,-6.99998,-7,687.69885,6.99999,-6.99998,3.707,-6.99998
12.76,-6.99998,0.00301,6.90658,-6.99998,3.77402,-6.99998,-7,687.68505,7,-6.99998,3.774,-6.99998
12.78,-6.99998,0.00917,6.97855,-6.99998,3.83735,-6.99998,-7,687.6696,7,-6.99998,3.83732,-6.99998
12.8,-6.99998,0.0176,7.02643,-6.99998,3.89662,-6.99998,-7,687.65228,7,-6.99998,3.89659,-6.99998
12.82,-6.99999,0.02852,7.05501,-6.99999,3.95155,-6.99999,-7,687.63291,7,-6.99999,3.95152,-6.99999
12.84,-6.99999,0.04197,7.06893,-6.99999,4.0019,-6.99999,-7,687.61149,7,-6.99999,4.00187,-6.99999
12.86,-6.99999,0.05768,7.07231,-6.99999,4.04759,-6.99999,-7,687.58824,7,-6.99999,4.04756,-6.99999
12.88,-7,0.07496,7.06867,-7,4.08867,-7,-7,687.56382,7,-7,4.08864,-7
12.9,-7,0.09252,7.06082,-7,4.12538,-7,-7,687.53942,7,-7,4.12534,-7
12.92,-7,0.10831,7.0509,-7,4.15813,-7,-7,687.51699,7,-7,4.15809,-7
12.94,-7,0.11938,7.04045,-7,4.18757,-7,-7,687.49936,7,-7,4.18753,-7
12.96,-7,0.12169,7.0305,-7,4.21457,-7,-7,687.49044,7,-7,4.21454,-7
12.98,-7,0.11006,7.02166,-7,4.24028,-7,-7,687.49529,7,-7,4.24024,-7
13,-7,0.07815,7.01426,-7,4.26608,-7,-7,687.52014,7,-7,4.26604,-7
13.02,-7,0.0186,7.00836,-7,4.29365,-7,-7,687.57224,7,-7,4.29361,-7
13.04,-7,0,7.00391,-7,4.32489,-7,-7,687.65953,7,-7,4.32486,-7
13.06,-7,0,7.00074,-7,4.36194,-7,-7,687.78997,7,-7,4.3619,-7
13.08,-7,0,6.99865,-7,4.40703,-7,-7,687.97056,7,-7,4.40699,-7
13.1,-7,0,6.99741,-7,4.46244,-7,-7,688.20591,7,-7,4.46241,-7
13.12,-7,0,6.99683,-7,4.53031,-7,-7,688.49631,7,-7,4.53028,-7
13.14,-7,0,6.99671,-7,4.61246,-7,-7,688.83526,7,-7,4.61243,-7
13.16,-7,0,6.9969,-7,4.71017,-7,-7,689.20645,7,-7,4.71013,-7
13.18,-7,0,6.99727,-7,4.82392,-7,-7,689.58039,7,-7,4.82388,-7
13.2,-7,0,6.99773,-7,4.95313,-7,-7,689.91063,7,-7,4.95309,-7
13.22,-7,0,6.9982,-7,5.09594,-7,-7,690.13017,7,-7,5.0959,-7
13.24,-7,0,6.99865,-7,5.24895,-7,-7,690.14835,7,-7,5.24892,-7
13.26,-7,0,6.99905,-7,5.40714,-7,-7,689.84899,7,-7,5.40711,-7
13.28,-7,0,6.99938,-7,5.56381,-7,-7,689.09065,7,-7,5.56378,-7
13.3,-7,0,6.99964,-7,5.71079,-7,-7,687.7103,7,-7,5.71076,-7
13.32,-7,1.91183,6.99983,-7,5.83881,-7,-7,685.53166,7,-7,5.83878,-7
13.34,-7,5.05393,6.99997,-7,5.93823,-7,-7,682.37984,7,-7,5.93822,-7
13.36,-7,9.32007,7.00005,-6.99999,6.00019,-6.99999,-6.99999,678.10413,6.99999,-6.99999,6.00018,-6.99999
13.38,-7,14.80796,7.0001,-6.99999,6.01794,-6.99999,-6.99999,672.60681,6.99999,-6.99999,6.01793,-6.99999
13.4,-7,21.53898,7.00012,-6.99999,5.98812,-6.99999,-6.99999,665.86654,6.99999,-6.99999,5.98812,-6.99999
13.42,-7,29.45509,7.00012,-6.99998,5.91102,-6.99998,-6.99998,657.94139,6.99998,-6.99998,5.91103,-6.99998
13.44,-7,38.43562,7.0001,-6.99998,5.78998,-6.99998,-6.99998,648.9521,6.99998,-6.99998,5.79,-6.99998
13.46,-7,48.3207,7.00008,-6.99998,5.63049,-6.99998,-6.99998,639.05856,6.99998,-6.99998,5.6305,-6.99998
13.48,-7,58.93169,7.00005,-6.99998,5.4393,-6.99998,-6.99998,628.43946,6.99998,-6.99998,5.43931,-6.99998
13.5,-7,70.08672,7.00003,-6.99998,5.2238,-6.99998,-6.99998,617.27665,6.99998,-6.99998,5.22382,-6.99998
13.52,-7,81.61194,7.00002,-6.99998,4.99149,-6.99998,-6.99998,605.74396,6.99998,-6.99998,4.99149,-6.99998
13.54,-7,93.34884,7.00002,-6.99999,4.74946,-6.99999,-6.99999,593.99984,6.99999,-6.99999,4.74945,-6.99999
13.56,-7,105.1583,7.00003,-7,4.50413,-7,-7,582.18338,7,-7,4.50409,-7
13.58,-7,116.92169,7.00006,-7.00002,4.26091,-7.00002,-7.00002,570.41315,7.00002,-7.00002,4.26084,-7.00002
13.6,-7,128.53989,7.00011,-7.00005,4.02403,-7.00005,-7.00005,558.78827,7.00005,-7.00005,4.02391,-7.00005
13.62,-7,139.93061,7.00019,-7.00009,3.79639,-7.00009,-7.00009,547.39106,7.00009,-7.00009,3.79622,-7.00009
13.64,-7,151.02516,7.00029,-7.00014,3.57958,-7.00015,-7.00014,536.29033,7.00014,-7.00014,3.57936,-7.00015
13.66,-7,161.76549,7.00041,-7.00021,3.37397,-7.00021,-7.00021,525.54428,7.0002,-7.00021,3.37368,-7.00021
13.68,-7,172.10258,7.00054,-7.00027,3.17882,-7.00027,-7.00027,515.20216,7.00027,-7.00027,3.17847,-7.00027
13.7,-7,181.9969,7.00069,-7.00035,2.99262,-7.00035,-7.00035,505.3037,7.00035,-7.00035,2.99221,-7.00035
13.72,-7,191.42138,7.00083,-7.00042,2.81337,-7.00042,-7.00042,495.87618,7.00042,-7.00042,2.8129,-7.00042
13.74,-7,200.36619,7.00095,-7.00048,2.63892,-7.00048,-7.00048,486.92954,7.00048,-7.00048,2.6384,-7.00048
13.76,-7,208.84411,7.00101,-7.00051,2.46723,-7.00051,-7.00051,478.45096,7.00051,-7.00051,2.4667,-7.00051
13.78,-7,216.89425,7.00098,-7.00049,2.29661,-7.00049,-7.00049,470.4012,7.00049,-7.00049,2.29612,-7.00049
13.8,-7,224.58215,7.0008,-7.0004,2.12577,-7.0004,-7.0004,462.71442,7.0004,-7.0004,2.12539,-7.0004
13.82,-7,231.99514,7.00043,-7.00022,1.9538,-7.00021,-7.00022,455.30293,7.00022,-7.00022,1.95363,-7.00021
13.84,-7,239.23335,6.9998,-6.9999,1.78021,-6.9999,-6.9999,448.06621,6.9999,-6.9999,1.78039,-6.9999
13.86,-7,246.398,6.99883,-6.99942,1.60485,-6.99941,-6.99941,440.90267,6.99942,-6.99942,1.60554,-6.99941
13.88,-7,253.5792,6.99747,-6.99874,1.42797,-6.99873,-6.99874,433.72192,6.99874,-6.99874,1.42937,-6.99873
13.9,-7,260.84492,6.99567,-6.99784,1.25032,-6.99783,-6.99784,426.45576,6.99784,-6.99784,1.25264,-6.99783
13.92,-7,268.23273,6.99341,-6.9967,1.0732,-6.9967,-6.9967,419.06654,6.99671,-6.9967,1.07668,-6.9967
13.94,-7,275.7444,6.9907,-6.99535,0.89863,-6.99535,-6.99535,411.55245,6.99535,-6.99535,0.90348,-6.99535
13.96,-7,283.34382,6.98764,-6.99382,0.72939,-6.99382,-6.99382,403.94965,6.99382,-6.99382,0.73576,-6.99382
13.98,-7,290.95781,6.98442,-6.99221,0.56905,-6.99221,-6.99221,396.33142,6.99221,-6.99221,0.57701,-6.99221
14,-7,298.47963,6.98135,-6.99068,0.42199,-6.99068,-6.99068,388.80462,6.99067,-6.99068,0.43146,-6.99068
14.02,-6.99999,305.77495,6.9789,-6.98945,0.29328,-6.98946,-6.98946,381.50374,6.98944,-6.98945,0.30395,-6.98946
14.04,-6.99998,312.69002,6.97773,-6.98887,0.18851,-6.98888,-6.98887,374.5826,6.98884,-6.98887,0.19972,-6.98888
14.06,-6.99997,319.06228,6.97868,-6.98935,0.11346,-6.98936,-6.98935,368.20389,6.9893,-6.98935,0.12415,-6.98936
14.08,-6.99996,324.73326,6.98284,-6.99143,0.07372,-6.99145,-6.99144,362.52614,6.99137,-6.99143,0.08229,-6.99145
14.1,-6.99995,329.56438,6.99148,-6.99575,0.07411,-6.99578,-6.99576,357.68796,6.99567,-6.99575,0.07833,-6.99578
14.12,-6.99994,333.45592,7.00601,-7.00302,0.11788,-7.00305,-7.00303,353.78908,7.00291,-7.00302,0.1148,-7.00305
14.14,-6.99992,336.36701,7.02791,-7.01397,0.20591,-7.01401,-7.01399,350.87039,7.01385,-7.01397,0.19184,-7.01401
14.16,-6.99991,338.32781,7.05857,-7.0293,0.33622,-7.02935,-7.02932,348.90171,7.02916,-7.0293,0.30681,-7.02935
14.18,-6.9999,339.43708,7.09902,-7.04953,0.5042,-7.04958,-7.04955,347.7843,7.04938,-7.04953,0.45455,-7.04958
14.2,-6.9999,339.85004,7.14969,-7.07486,0.70327,-7.07492,-7.07488,347.36296,7.07471,-7.07486,0.62828,-7.07492
14.22,-6.9999,339.76738,7.20992,-7.10498,0.92547,-7.10503,-7.105,347.43695,7.10482,-7.10498,0.82037,-7.10503
14.24,-6.9999,339.43009,7.27752,-7.13877,1.1617,-7.13883,-7.13879,347.76524,7.13862,-7.13877,1.02281,-7.13883
14.26,-6.99991,339.11898,7.34812,-7.17407,1.40174,-7.17412,-7.17409,348.06689,7.17394,-7.17407,1.22755,-7.17412
14.28,-6.99992,339.1566,7.41457,-7.2073,1.63407,-7.20734,-7.20731,348.01911,7.20718,-7.2073,1.42668,-7.20734
14.3,-6.99993,339.9087,7.46621,-7.23311,1.84578,-7.23315,-7.23313,347.25577,7.23301,-7.23311,1.61259,-7.23315
14.32,-6.99995,341.78189,7.4883,-7.24415,2.02254,-7.24418,-7.24416,345.36963,7.24407,-7.24415,1.77833,-7.24418
14.34,-6.99996,345.2169,7.46153,-7.23076,2.14883,-7.23079,-7.23077,341.91913,7.2307,-7.23076,1.91802,-7.23079
14.36,-6.99997,350.68252,7.36195,-7.18097,2.20805,-7.18098,-7.18097,336.4343,7.18093,-7.18097,2.02705,-7.18098
14.38,-6.99998,358.6739,7.16131,-7.08064,2.18239,-7.08066,-7.08065,328.4185,7.08062,-7.08064,2.10172,-7.08066
14.4,-6.99999,369.70682,6.82824,-6.91411,2.05278,-6.91411,-6.91411,317.35415,6.91409,-6.91411,2.13864,-6.91411
14.42,-6.99999,384.29382,6.33041,-6.66519,1.79944,-6.66519,-6.66519,302.72663,6.66518,-6.66519,2.13422,-6.66519
14.44,-7,402.89175,5.63804,-6.319,1.40367,-6.319,-6.319,284.07698,6.319,-6.319,2.08462,-6.319
14.46,-7,425.81271,4.72909,-5.86452,0.85087,-5.86452,-5.86452,261.09112,5.86452,-5.86452,1.98627,-5.86452
14.48,-7,453.0911,3.59627,-5.29812,0.1353,-5.29811,-5.29811,233.7332,5.29812,-5.29812,1.8371,-5.29811
14.5,-7,484.30121,2.25632,-4.62814,-0.73326,-4.62814,-4.62814,202.42863,4.62815,-4.62814,1.6385,-4.62814
14.52,-7,518.32297,0.76123,-3.8806,-1.72094,-3.8806,-3.8806,168.29899,3.88061,-3.8806,1.39836,-3.8806
14.54,-7,553.24556,-0.79728,-3.10136,-2.76566,-3.10136,-3.10136,133.25885,3.10137,-3.10136,1.13289,-3.10136
14.56,-7,586.79216,-2.30843,-2.3458,-3.7908,-2.3458,-2.3458,99.58993,2.34581,-2.3458,0.86331,-2.3458
14.58,-7,617.10002,-3.68006,-1.66002,-4.73162,-1.66002,-1.66002,69.15893,1.66002,-1.66002,0.6083,-1.66002
14.6,-7,643.13632,-4.85912,-1.07052,-5.54985,-1.07052,-1.07052,43.00051,1.07053,-1.07052,0.37958,-1.07052
14.62,-7,664.58388,-5.82692,-0.58667,-6.23069,-0.58667,-0.58667,21.43198,0.58667,-0.58667,0.1826,-0.58667
14.64,-7,681.58034,-6.58741,-0.20648,-6.77463,-0.20648,-0.20648,4.31485,0.20648,-0.20648,0.01887,-0.20648
14.66,-7,694.50118,-7.15735,0.07843,-7.19056,0.07843,0.07843,0,-0.07843,0.07843,-0.11215,0.07843
14.68,-7,703.78621,-7.55863,0.27901,-7.49031,0.27901,0.27901,0,-0.27901,0.27901,-0.21131,0.27901
14.7,-7,709.80665,-7.81241,0.40583,-7.68436,0.40583,0.40583,0,-0.40583,0.40583,-0.27854,0.40583
14.72,-7,712.7691,-7.93494,0.46704,-7.7788,0.46704,0.46704,0,-0.46704,0.46704,-0.31175,0.46704
14.74,-7,712.65301,-7.935,0.46705,-7.77332,0.46705,0.46705,0,-0.46705,0.46705,-0.30627,0.46705
14.76,-7,709.17999,-7.81254,0.40583,-7.66029,0.40583,0.40583,0,-0.40583,0.40583,-0.25445,0.40583
14.78,-7,701.81526,-7.55874,0.27901,-7.42483,0.27901,0.27901,0,-0.27901,0.27901,-0.14582,0.27901
14.8,-7,689.80401,-7.15726,0.07843,-7.04605,0.07843,0.07843,0,-0.07843,0.07843,0.03239,0.07843
14.82,-7,672.24791,-6.58688,-0.20648,-6.49948,-0.20648,-0.20648,12.74106,0.20648,-0.20648,0.29405,-0.20648
14.84,-7,648.22889,-5.82564,-0.58666,-5.76104,-0.58666,-0.58666,36.7805,0.58666,-0.58666,0.65229,-0.58666
14.86,-7,616.98872,-4.85671,-1.07052,-4.81268,-1.07052,-1.07052,68.09963,1.07052,-1.07052,1.11681,-1.07052
14.88,-7,578.17259,-3.67611,-1.66001,-3.64982,-1.66001,-1.66001,107.05995,1.66001,-1.66001,1.69017,-1.66001
14.9,-7,532.14322,-2.30251,-2.3458,-2.29101,-2.3458,-2.3458,153.29928,2.3458,-2.3458,2.36319,-2.3458
14.92,-7,480.36734,-0.78897,-3.10136,-0.78948,-3.10136,-3.10136,205.34153,3.10135,-3.10136,3.10916,-3.10136
14.94,-7,425.59678,0.77226,-3.8806,0.76223,-3.8806,-3.8806,260.41373,3.8806,-3.8806,3.88163,-3.8806
14.96,-7,371.274,2.27024,-4.62814,2.25288,-4.62814,-4.62814,315.0452,4.62814,-4.62814,4.62474,-4.62814
14.98,-7,320.38185,3.61295,-5.29811,3.59026,-5.29811,-5.29811,366.22783,5.29811,-5.29811,5.29215,-5.29811
15,-7,274.77969,4.74799,-5.86452,4.72191,-5.86452,-5.86452,412.08593,5.86452,-5.86452,5.85739,-5.86452
15.02,-7,235.29151,5.65804,-6.319,5.6307,-6.319,-6.319,451.78762,6.319,-6.319,6.3117,-6.319
15.04,-7,202.01207,6.3496,-6.66519,6.32355,-6.66519,-6.66519,485.23638,6.66519,-6.66519,6.65836,-6.66519
15.06,-7,174.55983,6.84377,-6.91412,6.82226,-6.91412,-6.91412,512.81598,6.91412,-6.91412,6.90814,-6.91412
15.08,-7,152.2761,7.16919,-7.08067,7.15638,-7.08067,-7.08067,535.18979,7.08067,-7.08067,7.07571,-7.08067
15.1,-7,134.37406,7.35689,-7.181,7.35811,-7.181,-7.181,553.15051,7.181,-7.181,7.17711,-7.181
15.12,-7,120.04401,7.43693,-7.23081,7.45872,-7.23081,-7.23081,567.51402,7.23081,-7.23081,7.22791,-7.23081
15.14,-7,108.52251,7.43631,-7.24422,7.4864,-7.24422,-7.24422,579.04967,7.24421,-7.24422,7.24218,-7.24422
15.16,-7,99.13289,7.37802,-7.23319,7.46507,-7.23319,-7.23319,588.43939,7.23319,-7.23319,7.23188,-7.23319
15.18,-7,91.30438,7.28097,-7.20739,7.41403,-7.20739,-7.20739,596.2584,7.20739,-7.20739,7.20664,-7.20739
15.2,-7,84.57588,7.16046,-7.17418,7.34804,-7.17418,-7.17418,602.97139,7.17418,-7.17418,7.17386,-7.17418
15.22,-7,78.58984,7.02896,-7.13889,7.27776,-7.13889,-7.13889,608.93866,7.13889,-7.13889,7.13886,-7.13889
15.24,-7,73.0806,6.8968,-7.1051,7.21037,-7.1051,-7.1051,614.42787,7.1051,-7.1051,7.10527,-7.1051
15.26,-7,67.86067,6.77231,-7.07498,7.15025,-7.07498,-7.07498,619.62789,7.07498,-7.07498,7.07526,-7.07498
15.28,-7,62.8066,6.66182,-7.04965,7.09962,-7.04965,-7.04965,624.66306,7.04964,-7.04965,7.04997,-7.04965
15.3,-7,57.8455,6.56957,-7.02941,7.05914,-7.02941,-7.02941,629.60678,7.0294,-7.02941,7.02974,-7.02941
15.32,-7,52.94279,6.4979,-7.01406,7.02844,-7.01406,-7.01406,634.49384,7.01406,-7.01406,7.01437,-7.01406
15.34,-7,48.09177,6.44741,-7.00309,7.00646,-7.00309,-7.00309,639.33099,7.00309,-7.00309,7.00336,-7.00309
15.36,-7,43.30498,6.41729,-6.99581,6.99184,-6.99581,-6.99581,644.10563,6.99581,-6.99581,6.99603,-6.99581
15.38,-7,38.6075,6.40548,-6.99147,6.98312,-6.99148,-6.99147,648.79258,6.99147,-6.99147,6.99165,-6.99148
15.4,-7,34.0318,6.40899,-6.98938,6.97889,-6.98938,-6.98938,653.35921,6.98938,-6.98938,6.98951,-6.98938
15.42,-7,29.6142,6.42403,-6.98889,6.97787,-6.98889,-6.98889,657.76907,6.98889,-6.98889,6.98898,-6.98889
15.44,-7,25.39225,6.44623,-6.98947,6.97899,-6.98947,-6.98947,661.98448,6.98946,-6.98947,6.98952,-6.98947
15.46,-7,21.40312,6.47069,-6.99068,6.9814,-6.99068,-6.99068,665.96812,6.99068,-6.99068,6.99071,-6.99068
15.48,-7,17.68246,6.49216,-6.99221,6.98444,-6.99221,-6.99221,669.68426,6.99221,-6.99221,6.99223,-6.99221
15.5,-7,14.26346,6.50516,-6.99382,6.98764,-6.99382,-6.99382,673.09958,6.99382,-6.99382,6.99382,-6.99382
15.52,-7,11.17597,6.50414,-6.99534,6.99068,-6.99535,-6.99534,676.18412,6.99534,-6.99534,6.99534,-6.99535
15.54,-7,8.44529,6.4838,-6.9967,6.99338,-6.9967,-6.9967,678.91245,6.9967,-6.9967,6.99668,-6.9967
15.56,-7,6.09048,6.43945,-6.99783,6.99565,-6.99783,-6.99783,681.2654,6.99783,-6.99783,6.99782,-6.99783
15.58,-7,4.12184,6.36757,-6.99873,6.99745,-6.99873,-6.99873,683.23257,6.99873,-6.99873,6.99872,-6.99873
15.6,-7,2.53735,6.26655,-6.99941,6.99881,-6.99941,-6.99941,684.81582,6.99941,-6.99941,6.9994,-6.99941
15.62,-7,1.31897,6.13737,-6.99989,6.99978,-6.99989,-6.99989,686.03314,6.99989,-6.99989,6.99988,-6.99989
15.64,-7,0.43171,5.98394,-7.00021,7.00042,-7.00021,-7.00021,686.9194,7.00021,-7.00021,7.0002,-7.00021
15.66,-7,0,5.81233,-7.0004,7.00079,-7.0004,-7.0004,687.52214,7.00039,-7.0004,7.00039,-7.0004
15.68,-7,0,5.62969,-7.00049,7.00097,-7.00049,-7.00049,687.89453,7.00048,-7.00049,7.00048,-7.00049
15.7,-7,0,5.44311,-7.0005,7.001,-7.0005,-7.0005,688.0892,7.0005,-7.0005,7.0005,-7.0005
15.72,-7,0,5.25896,-7.00047,7.00095,-7.00048,-7.00048,688.15419,7.00047,-7.00047,7.00047,-7.00048
15.74,-7,0,5.08241,-7.00042,7.00083,-7.00042,-7.00042,688.1308,7.00041,-7.00042,7.00041,-7.00042
15.76,-7,0,4.91726,-7.00035,7.00069,-7.00035,-7.00035,688.05266,7.00034,-7.00035,7.00034,-7.00035
15.78,-7,0,4.76591,-7.00027,7.00054,-7.00027,-7.00027,687.94577,7.00027,-7.00027,7.00027,-7.00027
15.8,-7,0,4.62949,-7.00021,7.0004,-7.00021,-7.00021,687.8292,7.0002,-7.00021,7.0002,-7.00021
15.82,-7,0,4.50802,-7.00014,7.00028,-7.00015,-7.00015,687.71599,7.00014,-7.00014,7.00013,-7.00015
15.84,-7,0,4.40069,-7.00009,7.00018,-7.00009,-7.00009,687.6143,7.00008,-7.00009,7.00008,-7.00009
15.86,-7,0,4.30612,-7.00005,7.00009,-7.00005,-7.00005,687.52847,7.00004,-7.00005,7.00004,-7.00005
15.88,-7,0,4.2226,-7.00002,7.00003,-7.00002,-7.00002,687.46007,7.00001,-7.00002,7.00001,-7.00002
15.9,-7,0,4.14832,-7,6.99998,-7,-7,687.40872,6.99999,-7,6.99998,-7
15.92,-7,0,4.08147,-6.99999,6.99995,-6.99999,-6.99999,687.37285,6.99998,-6.99999,6.99996,-6.99999
15.94,-7,0.00954,4.02037,-6.99998,6.99993,-6.99998,-6.99998,687.35019,6.99997,-6.99998,6.99995,-6.99998
15.96,-7,0.02577,3.96346,-6.99998,6.99993,-6.99998,-6.99998,687.33824,6.99997,-6.99998,6.99995,-6.99998
15.98,-7,0.03416,3.90936,-6.99998,6.99992,-6.99998,-6.99998,687.3345,6.99997,-6.99998,6.99995,-6.99998
16,-7,0.03689,3.85684,-6.99998,6.99993,-6.99998,-6.99998,687.33668,6.99997,-6.99998,6.99995,-6.99998
16.02,-7,0.03581,3.8049,-6.99998,6.99993,-6.99998,-6.99998,687.3428,6.99997,-6.99998,6.99995,-6.99998
16.04,-7,0.03243,3.75274,-6.99998,6.99994,-6.99998,-6.99998,687.35124,6.99997,-6.99998,6.99996,-6.99998
16.06,-7,0.02792,3.69984,-6.99999,6.99995,-6.99999,-6.99999,687.36071,6.99998,-6.99999,6.99997,-6.99999
16.08,-7,0.02311,3.64599,-6.99999,6.99996,-6.99999,-6.99999,687.37028,6.99998,-6.99999,6.99997,-6.99999
16.1,-7,0.01856,3.59132,-6.99999,6.99997,-6.99999,-6.99999,687.37933,6.99999,-6.99999,6.99998,-6.99999
16.12,-7,0.01459,3.5363,-7,6.99998,-7,-7,687.38747,6.99999,-7,6.99998,-7
16.14,-7,0.01135,3.48176,-7,6.99998,-7,-7,687.39455,6.99999,-7,6.99998,-7
16.16,-7,0.00882,3.42889,-7,6.99999,-7,-7,687.40057,6.99999,-7,6.99999,-7
16.18,-7,0.00686,3.37922,-7,6.99999,-7,-7,687.40568,6.99999,-7,6.99999,-7
16.2,-7,0.00526,3.33462,-7,6.99999,-7,-7,687.41012,7,-7,6.99999,-7
16.22,-7,0.00371,3.29724,-7,6.99999,-7,-7,687.41424,7,-7,6.99999,-7
16.24,-7,0.00187,3.26945,-7,6.99999,-7,-7,687.41841,7,-7,6.99999,-7
16.26,-7,0,3.25376,-7,6.99999,-7,-7,687.42307,7,-7,6.99999,-7
16.28,-7,0,3.25269,-7,6.99999,-7,-7,687.42867,7,-7,6.99999,-7
16.3,-7,0,3.2686,-7,6.99999,-7,-7,687.43564,7,-7,6.99999,-7
16.32,-7,0,3.30356,-7,6.99999,-7,-7,687.44437,7,-7,6.99999,-7
16.34,-7,0,3.35924,-7,7,-7,-7,687.45512,7,-7,7,-7
16.36,-7,0,3.43669,-7,7.00001,-7,-7,687.468,7,-7,7.00001,-7
16.38,-7,0,3.53637,-7,7.00003,-7,-7,687.48283,7,-7,7.00003,-7
16.4,-7,0,3.65801,-7,7.00005,-7,-7,687.49906,7,-7,7.00005,-7
16.42,-7,0,3.80065,-7,7.00008,-7,-7,687.51565,7,-7,7.00008,-7
16.44,-7,0,3.96266,-7,7.00011,-7,-7,687.5309,7,-7,7.00011,-7
16.46,-7,0,4.14174,-7,7.00015,-7,-7,687.54235,7,-7,7.00015,-7
16.48,-7,0,4.33502,-7,7.0002,-7,-7,687.54663,7,-7,7.00019,-7
16.5,-7,0,4.53907,-7,7.00024,-7,-7,687.53941,7,-7,7.00024,-7
16.52,-7,0,4.75005,-7,7.00027,-7,-7,687.51535,7,-7,7.00027,-7
16.54,-7,0,4.96379,-7,7.00029,-7,-7,687.46832,7,-7,7.00029,-7
16.56,-7,0.06433,5.17603,-7,7.00028,-7,-7,687.39157,7,-7,7.00028,-7
16.58,-7,0.18009,5.38258,-7,7.00024,-7,-7,687.27837,7,-7,7.00024,-7
16.6,-7,0.33802,5.57973,-7,7.00014,-7,-7,687.12281,7,-7,7.00013,-7
16.62,-7,0.54195,5.76455,-7,6.99996,-7,-7,686.92097,7,-7,6.99996,-7
16.64,-7,0.79239,5.93529,-7,6.99969,-7,-7,686.67222,7,-7,6.99969,-7
16.66,-7,1.0864,6.09153,-7,6.99931,-7,-7,686.37942,7,-7,6.99931,-7
16.68,-7,1.41957,6.23389,-7,6.99881,-7,-7,686.04688,7,-7,6.99881,-7
16.7,-7,1.7895,6.3635,-7,6.99817,-7,-7,685.6769,6.99999,-7,6.99817,-7
16.72,-7,2.1991,6.48139,-6.99999,6.9974,-6.99999,-6.99999,685.26654,6.99999,-6.99999,6.99741,-6.99999
16.74,-7,2.65844,6.58816,-6.99999,6.99653,-6.99999,-6.99999,684.80567,6.99999,-6.99999,6.99654,-6.99999
16.76,-7,3.18517,6.68376,-6.99999,6.99561,-6.99999,-6.99999,684.27659,6.99999,-6.99999,6.99562,-6.99999
16.78,-7,3.80361,6.76766,-6.99998,6.99472,-6.99998,-6.99998,683.655,6.99998,-6.99998,6.99473,-6.99998
16.8,-7,4.54265,6.83911,-6.99998,6.99399,-6.99998,-6.99998,682.91197,6.99998,-6.99998,6.99401,-6.99998
16.82,-7,5.43318,6.89761,-6.99998,6.99361,-6.99998,-6.99998,682.01664,6.99998,-6.99998,6.99363,-6.99998
16.84,-7,6.50533,6.94332,-6.99998,6.99382,-6.99998,-6.99998,680.93891,6.99997,-6.99998,6.99384,-6.99998
16.86,-7,7.78632,6.97719,-6.99998,6.99491,-6.99998,-6.99998,679.6516,6.99997,-6.99998,6.99494,-6.99998
16.88,-7,9.29908,7.00075,-6.99998,6.99726,-6.99998,-6.99998,678.13183,6.99998,-6.99998,6.99728,-6.99998
16.9,-7,11.0616,7.0158,-6.99999,7.00127,-6.99999,-6.99999,676.36167,6.99999,-6.99999,7.00128,-6.99999
16.92,-7,13.0867,7.02421,-7,7.00735,-7,-7,674.32833,7,-7,7.00735,-7
16.94,-7,15.38254,7.02768,-7.00003,7.01592,-7.00003,-7.00003,672.02374,7.00003,-7.00003,7.01589,-7.00003
16.96,-7,17.95356,7.02772,-7.00006,7.02729,-7.00006,-7.00006,669.44348,7.00006,-7.00006,7.02723,-7.00006
16.98,-7,20.8022,7.02557,-7.0001,7.04159,-7.0001,-7.0001,666.58513,7.0001,-7.0001,7.04149,-7.0001
17,-7,23.93116,7.02221,-7.00015,7.05868,-7.00016,-7.00016,663.446,7.00015,-7.00015,7.05852,-7.00016
17.02,-7,27.34617,7.01835,-7.00022,7.07798,-7.00022,-7.00022,660.02035,7.00022,-7.00022,7.07776,-7.00022
17.04,-7,31.05905,7.0145,-7.00029,7.0983,-7.00029,-7.00029,656.29631,7.00029,-7.00029,7.09801,-7.00029
17.06,-7,35.09087,7.01097,-7.00037,7.11767,-7.00037,-7.00037,652.25275,7.00036,-7.00037,7.11731,-7.00037
17.08,-7,39.4747,7.00793,-7.00044,7.13314,-7.00044,-7.00044,647.85654,7.00044,-7.00044,7.1327,-7.00044
17.1,-7,44.2577,7.00544,-7.00049,7.14058,-7.00049,-7.00049,643.06046,7.00049,-7.00049,7.14009,-7.00049
17.12,-7,49.50204,7.00346,-7.00052,7.13457,-7.00052,-7.00052,637.80231,7.00052,-7.00052,7.13405,-7.00052
17.14,-7,55.28433,7.00192,-7.0005,7.10835,-7.0005,-7.0005,632.00545,7.0005,-7.0005,7.10785,-7.0005
17.16,-7,61.69352,7.00068,-7.0004,7.05389,-7.0004,-7.0004,625.58106,7.0004,-7.0004,7.05349,-7.0004
17.18,-7,68.82672,6.99962,-7.00019,6.96223,-7.00019,-7.00019,618.43215,7.00019,-7.00019,6.96203,-7.00019
17.2,-7,76.78329,6.99858,-6.99985,6.82404,-6.99985,-6.99985,610.45964,6.99985,-6.99985,6.82419,-6.99985
17.22,-7,85.65682,6.99741,-6.99934,6.6306,-6.99934,-6.99934,601.57032,6.99934,-6.99934,6.63127,-6.99934
17.24,-7,95.52572,6.99598,-6.99861,6.37508,-6.99861,-6.99861,591.68627,6.99861,-6.99861,6.37647,-6.99861
17.26,-7,106.44392,6.99418,-6.99766,6.05353,-6.99766,-6.99766,580.75417,6.99766,-6.99766,6.05588,-6.99766
17.28,-7,118.4333,6.99197,-6.99647,5.66538,-6.99647,-6.99647,568.75281,6.99647,-6.99647,5.66892,-6.99647
17.3,-7,131.47818,6.98932,-6.99506,5.21336,-6.99506,-6.99506,555.69857,6.99506,-6.99506,5.21832,-6.99506
17.32,-7,145.52175,6.98633,-6.99348,4.70333,-6.99348,-6.99348,541.64894,6.99348,-6.99348,4.70988,-6.99348
17.34,-7,160.46482,6.98319,-6.99182,4.14404,-6.99182,-6.99182,526.70375,6.99182,-6.99182,4.15225,-6.99182
17.36,-7,176.16727,6.98023,-6.99027,3.54674,-6.99027,-6.99027,511.0036,6.99027,-6.99027,3.55651,-6.99027
17.38,-7,192.45251,6.97793,-6.98906,2.92466,-6.98906,-6.98906,494.72542,6.98906,-6.98906,2.93563,-6.98906
17.4,-7,209.11448,6.977,-6.98855,2.29228,-6.98856,-6.98855,478.0754,6.98855,-6.98855,2.30377,-6.98856
17.42,-7,225.92663,6.97835,-6.9892,1.66457,-6.9892,-6.9892,461.28005,6.98919,-6.9892,1.67541,-6.9892
17.44,-7,242.65229,6.9831,-6.99155,1.05606,-6.99155,-6.99155,444.57576,6.99154,-6.99155,1.06454,-6.99155
17.46,-6.99999,259.05585,6.99258,-6.99627,0.48006,-6.99628,-6.99628,428.1977,6.99626,-6.99627,0.4838,-6.99628
17.48,-6.99999,274.91458,7.00827,-7.00411,-0.05219,-7.00411,-7.00411,412.36802,7.00409,-7.00411,-0.0563,-7.00411
17.5,-6.99999,290.03128,7.03168,-7.01581,-0.53227,-7.01582,-7.01582,397.28325,7.01579,-7.01581,-0.5481,-7.01582
17.52,-6.99999,304.24816,7.06421,-7.03208,-0.95528,-7.03209,-7.03208,383.10037,7.03206,-7.03208,-0.9874,-7.03209
17.54,-6.99999,317.46252,7.10689,-7.05343,-1.32053,-7.05344,-7.05343,369.92133,7.0534,-7.05343,-1.37401,-7.05344
17.56,-6.99998,329.64438,7.16007,-7.08002,-1.63223,-7.08003,-7.08002,357.77528,7.07998,-7.08002,-1.71232,-7.08003
17.58,-6.99998,340.84957,7.22293,-7.11145,-1.89976,-7.11146,-7.11146,346.60564,7.11142,-7.11145,-2.0113,-7.11146
17.6,-6.99998,351.21086,7.29303,-7.14651,-2.13606,-7.14652,-7.14651,336.27888,7.14648,-7.14651,-2.28266,-7.14652
17.62,-6.99999,360.90633,7.36564,-7.18282,-2.35433,-7.18283,-7.18282,326.61613,7.18279,-7.18282,-2.53724,-7.18283
17.64,-6.99999,370.13492,7.43305,-7.21652,-2.56519,-7.21653,-7.21653,317.41762,7.2165,-7.21652,-2.7818,-7.21653
17.66,-6.99999,379.11874,7.48391,-7.24196,-2.77604,-7.24196,-7.24196,308.46022,7.24194,-7.24196,-3.01808,-7.24196
17.68,-6.99999,388.12015,7.5026,-7.2513,-2.99171,-7.25131,-7.2513,299.4804,7.25129,-7.2513,-3.24308,-7.25131
17.7,-6.99999,397.4572,7.46878,-7.23439,-3.21527,-7.2344,-7.23439,290.15867,7.23438,-7.23439,-3.44972,-7.2344
17.72,-7,407.51141,7.35733,-7.17866,-3.4487,-7.17867,-7.17867,280.11184,7.17866,-7.17866,-3.62741,-7.17867
17.74,-7,418.72498,7.13878,-7.06939,-3.69344,-7.06939,-7.06939,268.89579,7.06939,-7.06939,-3.76287,-7.06939
17.76,-7,431.58401,6.78064,-6.89032,-3.95069,-6.89032,-6.89032,256.02237,6.89032,-6.89032,-3.84103,-6.89032
17.78,-7,446.5836,6.2497,-6.62485,-4.22153,-6.62485,-6.62485,240.99443,6.62485,-6.62485,-3.84639,-6.62485
17.8,-7,464.17035,5.51583,-6.25791,-4.50678,-6.25791,-6.25791,223.3636,6.25791,-6.25791,-3.76468,-6.25791
17.82,-7,484.65783,4.55747,-5.77873,-4.80648,-5.77873,-5.77873,202.81521,5.77873,-5.77873,-3.58519,-5.77873
17.84,-7,508.1108,3.36913,-5.18456,-5.11912,-5.18456,-5.18456,179.2846,5.18457,-5.18456,-3.30366,-5.18456
17.86,-7,534.19586,1.97105,-4.48553,-5.44038,-4.48553,-4.48553,153.10713,4.48553,-4.48553,-2.92587,-4.48553
17.88,-7,561.99861,0.42107,-3.71053,-5.76153,-3.71053,-3.71053,125.20194,3.71053,-3.71053,-2.47202,-3.71053
17.9,-7,589.95162,-1.18043,-2.90979,-6.06869,-2.90979,-2.90979,97.14418,2.90979,-2.90979,-1.97844,-2.90979
17.92,-7,616.16116,-2.71061,-2.1447,-6.34575,-2.1447,-2.1447,70.83674,2.1447,-2.1447,-1.49041,-2.1447
17.94,-7,639.00167,-4.06153,-1.46923,-6.57947,-1.46923,-1.46923,47.91296,1.46923,-1.46923,-1.04866,-1.46923
17.96,-7,657.43159,-5.16053,-0.91973,-6.76209,-0.91973,-0.91973,29.41924,0.91973,-0.91973,-0.68179,-0.91973
17.98,-7,670.91133,-5.96576,-0.51712,-6.89037,-0.51712,-0.51712,15.89755,0.51712,-0.51712,-0.40747,-0.51712
18,-7,679.22074,-6.45536,-0.27232,-6.9637,-0.27232,-0.27232,7.56884,0.27232,-0.27232,-0.23602,-0.27232
18.02,-7,682.32485,-6.61948,-0.19026,-6.98288,-0.19026,-0.19026,4.46796,0.19026,-0.19026,-0.17317,-0.19026
18.04,-7,680.29067,-6.45537,-0.27232,-6.94934,-0.27232,-0.27232,6.52731,0.27232,-0.27232,-0.22171,-0.27232
18.06,-7,673.2558,-5.96577,-0.51711,-6.86493,-0.51711,-0.51711,13.60834,0.51711,-0.51711,-0.38214,-0.51711
18.08,-7,661.44842,-5.16054,-0.91973,-6.73228,-0.91973,-0.91973,25.4816,0.91973,-0.91973,-0.65216,-0.91973
18.1,-7,645.25712,-4.06154,-1.46923,-6.55563,-1.46923,-1.46923,41.75655,1.46923,-1.46923,-1.02508,-1.46923
18.12,-7,625.34785,-2.71059,-2.14471,-6.34212,-2.14471,-2.14471,61.76415,2.14471,-2.14471,-1.48712,-2.14471
18.14,-7,602.82368,-1.18037,-2.90981,-6.10355,-2.90981,-2.90981,84.39637,2.90981,-2.90981,-2.01374,-2.90981
18.16,-7,579.29063,0.42118,-3.71059,-5.8571,-3.71059,-3.71059,108.04012,3.71059,-3.71059,-2.56815,-3.71059
18.18,-7,556.56041,1.97124,-4.48562,-5.62216,-4.48562,-4.48562,130.87582,4.48562,-4.48562,-3.10831,-4.48562
18.2,-7,536.10511,3.36942,-5.18471,-5.41449,-5.18471,-5.18471,151.42499,5.18471,-5.18471,-3.59979,-5.18471
18.22,-7,518.76506,4.55788,-5.77894,-5.2431,-5.77894,-5.77894,168.84373,5.77894,-5.77894,-4.02267,-5.77894
18.24,-7,504.82493,5.51637,-6.25819,-5.11107,-6.25819,-6.25819,182.84623,6.25819,-6.25819,-4.36991,-6.25819
18.26,-7,494.19015,6.25039,-6.6252,-5.01737,-6.6252,-6.6252,193.52757,6.62519,-6.6252,-4.64323,-6.6252
18.28,-7,486.53077,6.78148,-6.89074,-4.95847,-6.89074,-6.89074,201.21924,6.89074,-6.89074,-4.84986,-6.89074
18.3,-7,481.39266,7.13973,-7.06987,-4.92949,-7.06987,-7.06987,206.3774,7.06986,-7.06987,-4.99998,-7.06987
18.32,-7,478.27909,7.35833,-7.17917,-4.92512,-7.17917,-7.17917,209.50104,7.17916,-7.17917,-5.10489,-7.17917
18.34,-7,476.70643,7.46975,-7.23488,-4.94023,-7.23488,-7.23488,211.07592,7.23487,-7.23488,-5.17568,-7.23488
18.36,-7,476.23902,7.50339,-7.2517,-4.97024,-7.2517,-7.2517,211.53962,7.2517,-7.2517,-5.22246,-7.2517
18.38,-7,476.50761,7.48433,-7.24217,-5.01128,-7.24217,-7.24217,211.26305,7.24216,-7.24217,-5.25394,-7.24217
18.4,-7,477.21581,7.43283,-7.21641,-5.06031,-7.21641,-7.21641,210.54388,7.21641,-7.21641,-5.27718,-7.21641
18.42,-7,478.1383,7.36445,-7.18222,-5.11502,-7.18222,-7.18222,209.60844,7.18222,-7.18222,-5.29766,-7.18222
18.44,-7,479.11378,7.29048,-7.14524,-5.17375,-7.14524,-7.14524,208.61876,7.14524,-7.14524,-5.31937,-7.14524
18.46,-7,480.03504,7.21857,-7.10928,-5.23536,-7.10928,-7.10928,207.68252,7.10928,-7.10928,-5.34499,-7.10928
18.48,-7,480.83797,7.15343,-7.07672,-5.29906,-7.07672,-7.07672,206.86416,7.07671,-7.07672,-5.37609,-7.07672
18.5,-7,481.49062,7.09756,-7.04878,-5.36428,-7.04878,-7.04878,206.19579,7.04878,-7.04878,-5.41335,-7.04878
18.52,-7,481.98319,7.05184,-7.02592,-5.43056,-7.02592,-7.02592,205.68731,7.02592,-7.02592,-5.45674,-7.02592
18.54,-7,482.31923,7.01613,-7.00806,-5.49737,-7.00806,-7.00806,205.3352,7.00806,-7.00806,-5.50567,-7.00806
18.56,-7,482.50842,6.98972,-6.99486,-5.56407,-6.99486,-6.99486,205.12978,6.99486,-6.99486,-5.55915,-6.99486
18.58,-7,482.5608,6.97169,-6.98585,-5.62985,-6.98585,-6.98585,205.06101,6.98584,-6.98585,-5.61589,-6.98585
18.6,-7,482.48249,6.96118,-6.98059,-5.69359,-6.98059,-6.98059,205.12279,6.98059,-6.98059,-5.67437,-6.98059
18.62,-7,482.27267,6.95758,-6.97879,-5.7539,-6.97879,-6.97879,205.31597,6.97879,-6.97879,-5.73287,-6.97879
18.64,-7,481.92191,6.96063,-6.98031,-5.80905,-6.98032,-6.98031,205.65005,6.98031,-6.98031,-5.78953,-6.98032
18.66,-7,481.41173,6.97046,-6.98523,-5.85693,-6.98523,-6.98523,206.14361,6.98523,-6.98523,-5.84232,-6.98523
18.68,-7,480.71533,6.98759,-6.99379,-5.89513,-6.99379,-6.99379,206.82359,6.99379,-6.99379,-5.88907,-6.99379
18.7,-7,479.79983,7.01275,-7.00638,-5.92092,-7.00638,-7.00638,207.723,7.00637,-7.00638,-5.92743,-7.00638
18.72,-7,478.63,7.0468,-7.0234,-5.93136,-7.0234,-7.0234,208.87729,7.0234,-7.0234,-5.95489,-7.0234
18.74,-7,477.17361,7.09041,-7.04521,-5.92347,-7.04521,-7.04521,210.31883,7.04521,-7.04521,-5.9688,-7.04521
18.76,-7,475.40868,7.14373,-7.07187,-5.89446,-7.07187,-7.07187,212.06974,7.07187,-7.07187,-5.96644,-7.07187
18.78,-7,473.33243,7.20596,-7.10298,-5.84198,-7.10298,-7.10298,214.13287,7.10298,-7.10298,-5.94505,-7.10298
18.8,-7,470.97183,7.27478,-7.13739,-5.76444,-7.13739,-7.13739,216.48121,7.13739,-7.13739,-5.90191,-7.13739
18.82,-7,468.39533,7.34581,-7.1729,-5.66139,-7.1729,-7.1729,219.0461,7.1729,-7.1729,-5.83437,-7.1729
18.84,-7,465.72534,7.41185,-7.20593,-5.53386,-7.20593,-7.20593,221.70469,7.20593,-7.20593,-5.73985,-7.20593
18.86,-7,463.15044,7.46228,-7.23114,-5.38469,-7.23114,-7.23114,224.26773,7.23114,-7.23114,-5.61588,-7.23114
18.88,-7,460.93617,7.4824,-7.2412,-5.21885,-7.2412,-7.2412,226.46866,7.2412,-7.2412,-5.46008,-7.2412
18.9,-7,459.43259,7.453,-7.2265,-5.04364,-7.2265,-7.2265,227.95607,7.2265,-7.2265,-5.27017,-7.2265
18.92,-7,459.07597,7.35028,-7.17514,-4.86886,-7.17514,-7.17514,228.29198,7.17514,-7.17514,-5.04402,-7.17514
18.94,-7,460.38135,7.14625,-7.07312,-4.70667,-7.07312,-7.07312,226.9593,7.07312,-7.07312,-4.77981,-7.07312
18.96,-7,463.9218,6.8099,-6.90495,-4.57127,-6.90495,-6.90495,223.38268,6.90495,-6.90495,-4.47623,-6.90495
18.98,-7,470.28946,6.30941,-6.65471,-4.47815,-6.65471,-6.65471,216.96761,6.6547,-6.65471,-4.13286,-6.65471
19,-7,480.0332,5.61571,-6.30786,-4.44286,-6.30786,-6.30786,207.16303,6.30786,-6.30786,-3.75072,-6.30786
19.02,-7,493.56749,4.70765,-5.85383,-4.47911,-5.85383,-5.85383,193.55289,5.85382,-5.85383,-3.33293,-5.85383
19.04,-7,511.04773,3.57908,-5.28954,-4.59621,-5.28954,-5.28954,175.98133,5.28954,-5.28954,-2.88574,-5.28954
19.06,-7,532.20895,2.24802,-4.62401,-4.79565,-4.62401,-4.62401,154.71466,4.62401,-4.62401,-2.41965,-4.62401
19.08,-7,556.16763,0.76794,-3.88397,-5.06686,-3.88397,-3.88397,130.64053,3.88397,-3.88397,-1.95082,-3.88397
19.1,-7,581.34216,-0.76792,-3.11604,-5.38503,-3.11604,-3.11604,105.3477,3.11604,-3.11604,-1.50107,-3.11604
19.12,-7,605.8064,-2.24736,-2.37632,-5.71689,-2.37632,-2.37632,80.77092,2.37632,-2.37632,-1.09321,-2.37632
19.14,-7,627.94203,-3.57716,-1.71142,-6.03243,-1.71142,-1.71142,58.53569,1.71142,-1.71142,-0.74385,-1.71142
19.16,-7,646.80104,-4.70387,-1.14807,-6.31203,-1.14807,-1.14807,39.59409,1.14807,-1.14807,-0.46009,-1.14807
19.18,-7,662.03821,-5.60948,-0.69526,-6.54595,-0.69526,-0.69526,24.29266,0.69526,-0.69526,-0.24121,-0.69526
19.2,-7,673.72318,-6.30023,-0.34989,-6.73166,-0.34989,-0.34989,12.56119,0.34989,-0.34989,-0.08154,-0.34989
19.22,-7,682.18674,-6.79741,-0.1013,-6.87139,-0.1013,-0.1013,4.06708,0.1013,-0.1013,0.02731,-0.1013
19.24,-7,687.90172,-7.13032,0.06516,-6.97033,0.06516,0.06516,0,-0.06516,0.06516,0.09483,0.06516
19.26,-7,691.39549,-7.33116,0.16558,-7.03517,0.16558,0.16558,0,-0.16558,0.16558,0.13042,0.16558
19.28,-7,693.18994,-7.43145,0.21572,-7.07304,0.21572,0.21572,0,-0.21572,0.21572,0.14268,0.21572
19.3,-7,693.76372,-7.45988,0.22994,-7.09089,0.22994,0.22994,0,-0.22994,0.22994,0.13905,0.22994
19.32,-7,693.53197,-7.44119,0.2206,-7.09501,0.2206,0.2206,0,-0.2206,0.2206,0.12559,0.2206
19.34,-7,692.83851,-7.39571,0.19786,-7.09086,0.19786,0.19786,0,-0.19786,0.19786,0.10699,0.19786
19.36,-7,691.95657,-7.33947,0.16973,-7.08298,0.16973,0.16973,0,-0.16973,0.16973,0.08676,0.16973
19.38,-7,691.09447,-7.28456,0.14228,-7.075,0.14228,0.14228,0,-0.14228,0.14228,0.06728,0.14228
19.4,-7,690.40354,-7.23967,0.11983,-7.06975,0.11983,0.11983,0,-0.11983,0.11983,0.05009,0.11983
19.42,-7,689.98611,-7.21055,0.10528,-7.06925,0.10528,0.10528,0,-0.10528,0.10528,0.03603,0.10528
19.44,-7,689.90201,-7.2005,0.10025,-7.07483,0.10025,0.10025,0,-0.10025,0.10025,0.02542,0.10025
19.46,-7,690.17251,-7.21055,0.10528,-7.08707,0.10528,0.10528,0,-0.10528,0.10528,0.01821,0.10528
19.48,-7,690.78108,-7.23966,0.11983,-7.10578,0.11983,0.11983,0,-0.11983,0.11983,0.01406,0.11983
19.5,-7,691.67078,-7.28455,0.14228,-7.12984,0.14228,0.14228,0,-0.14228,0.14228,0.01245,0.14228
19.52,-7,692.73835,-7.33946,0.16973,-7.15705,0.16973,0.16973,0,-0.16973,0.16973,0.01268,0.16973
19.54,-7,693.82573,-7.3957,0.19785,-7.18391,0.19785,0.19785,0,-0.19785,0.19785,0.01395,0.19785
19.56,-7,694.71002,-7.44118,0.22059,-7.2053,0.22059,0.22059,0,-0.22059,0.22059,0.0153,0.22059
19.58,-7,695.09358,-7.45986,0.22993,-7.2143,0.22993,0.22993,0,-0.22993,0.22993,0.01564,0.22993
19.6,-7,694.59645,-7.43142,0.21571,-7.20199,0.21571,0.21571,0,-0.21571,0.21571,0.01373,0.21571
19.62,-7,692.75436,-7.33113,0.16556,-7.15739,0.16556,0.16556,0,-0.16556,0.16556,0.00818,0.16556
19.64,-7,689.02591,-7.13029,0.06514,-7.06766,0.06514,0.06514,0,-0.06514,0.06514,-0.00252,0.06514
19.66,-7,682.81373,-6.79736,-0.10132,-6.91859,-0.10132,-0.10132,3.42631,0.10132,-0.10132,-0.01992,-0.10132
19.68,-7,673.5049,-6.30018,-0.34991,-6.6956,-0.34991,-0.34991,12.76208,0.34991,-0.34991,-0.04554,-0.34991
19.7,-7,660.53641,-5.60944,-0.69528,-6.3853,-0.69528,-0.69528,25.77327,0.69528,-0.69528,-0.08063,-0.69528
19.72,-7,643.49154,-4.70383,-1.14808,-5.9778,-1.14809,-1.14809,42.87857,1.14808,-1.14808,-0.12596,-1.14809
19.74,-7,622.23225,-3.57714,-1.71143,-5.46987,-1.71143,-1.71143,64.21676,1.71143,-1.71143,-0.18141,-1.71143
19.76,-7,597.07124,-2.24737,-2.37632,-4.8691,-2.37632,-2.37632,89.47384,2.37631,-2.37632,-0.24556,-2.37632
19.78,-7,568.98401,-0.76797,-3.11601,-4.19892,-3.11601,-3.11601,117.66994,3.11601,-3.11601,-0.31511,-3.11601
19.8,-7,539.6919,0.76782,-3.88391,-3.5006,-3.88391,-3.88391,147.07582,3.88391,-3.88391,-0.38472,-3.88391
19.82,-7,511.27531,2.24781,-4.62391,-2.82395,-4.62391,-4.62391,175.60146,4.62391,-4.62391,-0.44809,-4.62391
19.84,-7,485.46487,3.57876,-5.28938,-2.21033,-5.28938,-5.28938,201.50819,5.28938,-5.28938,-0.49998,-5.28938
19.86,-7,463.25149,4.70721,-5.85361,-1.68342,-5.85361,-5.85361,223.80049,5.85361,-5.85361,-0.5373,-5.85361
19.88,-7,444.96562,5.61513,-6.30757,-1.25119,-6.30757,-6.30757,242.14638,6.30757,-6.30757,-0.55903,-6.30757
19.9,-7,430.48675,6.30868,-6.65434,-0.91099,-6.65434,-6.65434,256.66695,6.65434,-6.65434,-0.56561,-6.65434
19.92,-7,419.41419,6.80903,-6.90451,-0.65368,-6.90451,-6.90451,267.76477,6.90451,-6.90451,-0.55845,-6.90451
19.94,-7,411.19939,7.14526,-7.07263,-0.46668,-7.07263,-7.07263,275.99099,7.07263,-7.07263,-0.53956,-7.07263
19.96,-7,405.24281,7.34924,-7.17462,-0.33631,-7.17462,-7.17462,281.94797,7.17462,-7.17462,-0.51116,-7.17462
19.98,-7,400.96039,7.45201,-7.226,-0.24931,-7.226,-7.226,286.22254,7.22601,-7.226,-0.47552,-7.226
20,-7,397.82517,7.48161,-7.2408,-0.19375,-7.2408,-7.2408,289.3442,7.24081,-7.2408,-0.43473,-7.2408
20.02,-7,395.38951,7.46191,-7.23095,-0.15958,-7.23095,-7.23095,291.76275,7.23096,-7.23095,-0.39068,-7.23095
20.04,-7,393.29331,7.41216,-7.20608,-0.1388,-7.20608,-7.20608,293.8401,7.20609,-7.20608,-0.345,-7.20608
20.06,-7,391.26246,7.34715,-7.17357,-0.12543,-7.17357,-7.17357,295.85176,7.17358,-7.17357,-0.2991,-7.17357
20.08,-7,389.10152,7.27756,-7.13878,-0.11542,-7.13878,-7.13878,297.99427,7.13878,-7.13878,-0.25427,-7.13878
20.1,-7,386.68326,7.21063,-7.10532,-0.10641,-7.10532,-7.10532,300.39564,7.10532,-7.10532,-0.21178,-7.10532
20.12,-7,383.93738,7.15078,-7.07539,-0.09756,-7.07539,-7.07539,303.12676,7.07539,-7.07539,-0.17298,-7.07539
20.14,-7,380.8396,7.10028,-7.05014,-0.08927,-7.05015,-7.05014,306.21228,7.05013,-7.05014,-0.13944,-7.05015
20.16,-6.99999,377.40172,7.05982,-7.02992,-0.08306,-7.02992,-7.02992,309.64066,7.02989,-7.02992,-0.113,-7.02992
20.18,-6.99999,373.66264,7.02905,-7.01454,-0.08124,-7.01455,-7.01455,313.37315,7.0145,-7.01454,-0.0958,-7.01455
20.2,-6.99999,369.67991,7.00697,-7.0035,-0.08668,-7.00352,-7.00351,317.35224,7.00344,-7.0035,-0.0902,-7.00352
20.22,-6.99998,365.52105,6.99223,-6.99614,-0.10239,-6.99616,-6.99615,321.5104,6.99606,-6.99614,-0.09856,-6.99616
20.24,-6.99998,361.25372,6.98337,-6.99172,-0.13104,-6.99174,-6.99174,325.77993,6.99161,-6.99172,-0.1228,-6.99174
20.26,-6.99997,356.93387,6.97901,-6.98954,-0.17422,-6.98957,-6.98956,330.10472,6.98941,-6.98954,-0.16381,-6.98957
20.28,-6.99997,352.59115,6.97787,-6.98898,-0.23151,-6.98902,-6.98901,334.45491,6.98883,-6.98898,-0.22055,-6.98902
20.3,-6.99996,348.21373,6.97889,-6.9895,-0.29949,-6.98954,-6.98953,338.84207,6.98933,-6.9895,-0.28906,-6.98954
20.32,-6.99996,343.74187,6.98123,-6.99067,-0.3714,-6.99072,-6.9907,343.3256,6.99049,-6.99067,-0.36215,-6.99072
20.34,-6.99996,339.08189,6.98424,-6.99217,-0.43835,-6.99221,-6.9922,347.99877,6.992,-6.99217,-0.4306,-6.99221
20.36,-6.99997,334.13825,6.98742,-6.99376,-0.49181,-6.9938,-6.99379,352.95673,6.9936,-6.99376,-0.48564,-6.9938
20.38,-6.99997,328.84493,6.99048,-6.99528,-0.52604,-6.99531,-6.99531,358.26506,6.99514,-6.99528,-0.52139,-6.99531
20.4,-6.99998,323.17836,6.9932,-6.99663,-0.5391,-6.99666,-6.99666,363.94698,6.99652,-6.99663,-0.53579,-6.99666
20.42,-6.99998,317.15119,6.99549,-6.99777,-0.53224,-6.99779,-6.99779,369.98944,6.99769,-6.99777,-0.53006,-6.99779
20.44,-6.99998,310.79895,6.99732,-6.99868,-0.50889,-6.9987,-6.9987,376.35658,6.99862,-6.99868,-0.50762,-6.9987
20.46,-6.99998,304.16802,6.99871,-6.99937,-0.47353,-6.99938,-6.99938,383.00167,6.99933,-6.99937,-0.47294,-6.99938
20.48,-6.99999,297.3071,6.9997,-6.99986,-0.43089,-6.99986,-6.99987,389.87572,6.99984,-6.99986,-0.43078,-6.99986
20.5,-6.99998,290.26168,7.00036,-7.00018,-0.38529,-7.00018,-7.00019,396.93299,7.00018,-7.00018,-0.3855,-7.00018
20.52,-6.99998,283.07099,7.00075,-7.00037,-0.34029,-7.00037,-7.00039,404.13402,7.00038,-7.00037,-0.34069,-7.00037
20.54,-6.99998,275.76686,7.00094,-7.00046,-0.2984,-7.00046,-7.00048,411.44683,7.00048,-7.00046,-0.2989,-7.00046
20.56,-6.99998,268.37391,7.00098,-7.00048,-0.26102,-7.00048,-7.0005,418.84666,7.0005,-7.00048,-0.26153,-7.00048
20.58,-6.99998,260.91058,7.00093,-7.00045,-0.22848,-7.00045,-7.00047,426.31504,7.00048,-7.00045,-0.22896,-7.00045
20.6,-6.99998,253.39062,7.00082,-7.0004,-0.20015,-7.00039,-7.00042,433.83823,7.00043,-7.0004,-0.20057,-7.00039
20.62,-6.99998,245.82474,7.00068,-7.00033,-0.17469,-7.00033,-7.00035,441.40555,7.00036,-7.00033,-0.17504,-7.00033
20.64,-6.99999,238.22229,7.00055,-7.00027,-0.15023,-7.00026,-7.00028,449.00777,7.00028,-7.00027,-0.1505,-7.00026
20.66,-7,230.5928,7.00042,-7.00021,-0.12462,-7.00021,-7.00021,456.63546,7.00021,-7.00021,-0.12484,-7.00021
20.68,-7.00003,222.94729,7.00032,-7.00017,-0.09573,-7.00017,-7.00015,464.27779,7.00015,-7.00017,-0.09589,-7.00017
20.7,-7.00006,215.29927,7.00025,-7.00015,-0.06156,-7.00015,-7.0001,471.9214,7.0001,-7.00015,-0.0617,-7.00015
20.72,-7.0001,207.66536,7.00021,-7.00015,-0.02052,-7.00015,-7.00006,479.54987,7.00006,-7.00015,-0.02065,-7.00015
20.74,-7.00015,200.06546,7.0002,-7.00018,0.02852,-7.00018,-7.00003,487.14345,7.00003,-7.00018,0.02839,-7.00018
20.76,-7.00021,192.52246,7.00022,-7.00022,0.08612,-7.00022,-7,494.67943,7,-7.00022,0.08597,-7.00022
20.78,-7.00028,185.0614,7.00026,-7.00027,0.15228,-7.00027,-6.99999,502.13292,6.99999,-7.00027,0.15208,-7.00027
20.8,-7.00036,177.70818,7.00032,-7.00034,0.22642,-7.00034,-6.99998,509.47814,6.99998,-7.00034,0.22616,-7.00034
20.82,-7.00043,170.48811,7.00039,-7.00041,0.30753,-7.00041,-6.99998,516.6899,6.99998,-7.00041,0.30722,-7.00041
20.84,-7.00049,163.42428,7.00044,-7.00047,0.39425,-7.00047,-6.99998,523.7452,6.99998,-7.00047,0.39389,-7.00047
20.86,-7.00052,156.53636,7.00048,-7.0005,0.48502,-7.0005,-6.99998,530.62447,6.99998,-7.0005,0.48462,-7.0005
20.88,-7.0005,149.83979,7.00046,-7.00048,0.57819,-7.00048,-6.99998,537.31239,6.99998,-7.00048,0.57781,-7.00048
20.9,-7.00041,143.34559,7.00038,-7.00039,0.67217,-7.00039,-6.99998,543.79803,6.99998,-7.00039,0.67187,-7.00039
20.92,-7.00022,137.06096,7.00019,-7.0002,0.76549,-7.0002,-6.99999,550.07435,6.99999,-7.0002,0.76537,-7.0002
20.94,-6.99989,130.99033,6.99987,-6.99988,0.85688,-6.99988,-6.99999,556.13707,6.99999,-6.99988,0.85706,-6.99988
20.96,-6.99939,125.13676,6.99937,-6.99938,0.94525,-6.99938,-6.99999,561.9833,6.99999,-6.99938,0.9459,-6.99938
20.98,-6.99868,119.50336,6.99867,-6.99868,1.02974,-6.99868,-7,567.61011,6.99999,-6.99868,1.03108,-6.99868
21,-6.99775,114.09437,6.99775,-6.99775,1.10971,-6.99775,-7,573.01343,7,-6.99775,1.11196,-6.99775
21.02,-6.99658,108.91569,6.99658,-6.99658,1.1847,-6.99658,-7,578.18752,7,-6.99658,1.18811,-6.99658
21.04,-6.99519,103.97481,6.99519,-6.99519,1.25449,-6.99519,-7,583.125,7,-6.99519,1.25928,-6.99519
21.06,-6.99362,99.28006,6.99362,-6.99362,1.31906,-6.99362,-7,587.81763,7,-6.99362,1.32542,-6.99362
21.08,-6.99196,94.83936,6.99196,-6.99196,1.37864,-6.99196,-7,592.25754,7,-6.99196,1.38665,-6.99196
21.1,-6.99039,90.6587,6.99039,-6.99039,1.43372,-6.99039,-7,596.43874,7,-6.99039,1.44331,-6.99039
21.12,-6.98915,86.74058,6.98915,-6.98915,1.48507,-6.98915,-7,600.35869,7,-6.98915,1.4959,-6.98915
21.14,-6.98856,83.08282,6.98857,-6.98857,1.53371,-6.98857,-7,604.01951,7,-6.98857,1.54513,-6.98857
21.16,-6.98909,79.67774,6.98909,-6.98909,1.58096,-6.98909,-7,607.4288,7,-6.98909,1.59185,-6.98909
21.18,-6.99127,76.51196,6.99128,-6.99127,1.62832,-6.99127,-7,610.59983,7,-6.99127,1.63704,-6.99127
21.2,-6.99577,73.56681,6.99577,-6.99577,1.67752,-6.99577,-7,613.55115,7,-6.99577,1.68175,-6.99577
21.22,-7.00331,70.81913,7.00332,-7.00331,1.73036,-7.00331,-7,616.30584,7,-7.00331,1.72705,-7.00331
21.24,-7.01466,68.24238,7.01467,-7.01466,1.78865,-7.01466,-7,618.89036,7,-7.01466,1.774,-7.01466
21.26,-7.03051,65.80781,7.03052,-7.03051,1.85411,-7.03051,-6.99999,621.33335,7,-7.03051,1.82362,-7.03051
21.28,-7.05142,63.48572,7.05142,-7.05141,1.92825,-7.05141,-6.99999,623.66448,6.99999,-7.05141,1.87686,-7.05141
21.3,-7.07756,61.24637,7.07757,-7.07755,2.01215,-7.07755,-6.99999,625.91345,6.99999,-7.07755,1.93463,-7.07755
21.32,-7.10862,59.06069,7.10862,-7.1086,2.10637,-7.1086,-6.99998,628.10926,6.99999,-7.1086,1.99781,-7.1086
21.34,-7.14343,56.90065,7.14342,-7.14341,2.21069,-7.14341,-6.99998,630.27992,6.99999,-7.14341,2.06733,-7.14341
21.36,-7.17975,54.73921,7.17973,-7.17973,2.32395,-7.17973,-6.99998,632.45238,6.99999,-7.17973,2.14427,-7.17973
21.38,-7.21386,52.55001,7.21383,-7.21384,2.4438,-7.21384,-6.99998,634.65293,6.99999,-7.21384,2.23002,-7.21384
21.4,-7.24026,50.30669,7.24022,-7.24024,2.56654,-7.24024,-6.99998,636.90776,7,-7.24024,2.32636,-7.24024
21.42,-7.25133,47.98211,7.25127,-7.25132,2.68694,-7.25132,-6.99998,639.2438,7,-7.25132,2.43569,-7.25132
21.44,-7.23711,45.54748,7.23703,-7.2371,2.79816,-7.2371,-6.99999,641.68949,7.00001,-7.2371,2.56111,-7.2371
21.46,-7.18524,42.97183,7.18513,-7.18524,2.89176,-7.18524,-7,644.27538,7.00002,-7.18524,2.70657,-7.18524
21.48,-7.08116,40.2218,7.08102,-7.08118,2.95792,-7.08118,-7.00003,647.0343,7.00003,-7.08118,2.87679,-7.08118
21.5,-6.9087,37.26243,6.90855,-6.90876,2.98586,-6.90876,-7.00006,650.00054,7.00005,-6.90876,3.07715,-6.90876
21.52,-6.65125,34.05945,6.65108,-6.65134,2.96457,-6.65134,-7.0001,653.20772,7.00006,-6.65134,3.31328,-6.65134
21.54,-6.2935,30.58352,6.29334,-6.29365,2.88392,-6.29365,-7.00015,656.68447,7.00008,-6.29365,3.59032,-6.29365
21.56,-5.8242,26.81745,5.82407,-5.82441,2.7362,-5.82441,-7.00021,660.44739,7.00011,-5.82441,3.91185,-5.82441
21.58,-5.23974,22.76707,5.23966,-5.24001,2.51817,-5.24001,-7.00027,664.49032,7.00013,-5.24001,4.27821,-5.24001
21.6,-4.54892,18.47662,4.54894,-4.54927,2.23359,-4.54927,-7.00035,668.76916,7.00014,-4.54927,4.68438,-4.54927
21.62,-3.77881,14.04932,3.77898,-3.77923,1.8963,-3.77923,-7.00042,673.18148,7.00015,-3.77923,5.11713,-3.77923
21.64,-2.97712,9.65798,2.9775,-2.97759,1.53139,-2.97759,-7.00047,677.55605,7.00014,-2.97759,5.55386,-2.97759
21.66,-2.20213,5.51464,2.20279,-2.20263,1.16976,-2.20263,-7.0005,681.6828,7.00011,-2.20263,5.9672,-2.20263
21.68,-1.50404,1.81356,1.50505,-1.50452,0.8382,-1.50452,-7.00048,685.36911,7.00004,-1.50452,6.33375,-1.50452
21.7,-0.91489,0,0.91633,-0.91528,0.55385,-0.91528,-7.00039,688.46332,6.99994,-0.91528,6.63863,-0.91528
21.72,-0.45107,0,0.45298,-0.45126,0.32516,-0.45126,-7.0002,690.83444,6.99979,-0.45126,6.87395,-0.45126
21.74,-0.1191,0,0.12152,-0.11897,0.15475,-0.11897,-6.99988,692.34183,6.99957,-0.11897,7.03581,-0.11897
21.76,0.07968,0,-0.07677,0.08029,0.04167,0.08029,-6.99939,692.81213,6.99929,0.08029,7.12196,0.08029
21.78,0.14581,0,-0.14249,0.1471,-0.0169,0.1471,-6.99871,692.02513,6.99895,0.1471,7.13016,0.1471
21.8,0.07968,0,-0.07615,0.08188,-0.02444,0.08188,-6.99781,689.71017,6.99854,0.08188,7.05733,0.08188
21.82,-0.1191,1.60441,0.12251,-0.11578,0.01547,-0.11578,-6.99668,685.55544,6.99808,-0.11578,6.89951,-0.11578
21.84,-0.45107,7.93665,0.45388,-0.4464,0.09924,-0.4464,-6.99533,679.23286,6.99762,-0.4464,6.65255,-0.4464
21.86,-0.91489,16.74208,0.91641,-0.90871,0.22294,-0.90871,-6.99382,670.44146,6.99719,-0.90871,6.31381,-0.90871
21.88,-1.50404,28.22994,1.50334,-1.49628,0.38141,-1.49628,-6.99224,658.97241,6.99687,-1.49628,5.88457,-1.49628
21.9,-2.20213,42.42748,2.19808,-2.19287,0.56708,-2.19287,-6.99074,644.79837,6.99676,-2.19287,5.37348,-2.19287
21.92,-2.97712,59.06428,2.96834,-2.96669,0.76842,-2.96669,-6.98956,628.18886,6.997,-2.96669,4.80084,-2.96669
21.94,-3.77881,77.50319,3.76375,-3.76785,0.96939,-3.76785,-6.98904,609.77899,6.99775,-3.76785,4.20051,-3.76785
21.96,-4.54892,96.87355,4.52595,-4.53851,1.15275,-4.53851,-6.98959,590.43681,6.9992,-4.53851,3.6131,-4.53851
21.98,-5.23974,116.36198,5.20733,-5.23149,1.3056,-5.23149,-6.99175,570.97344,7.00156,-5.23149,3.07291,-5.23149
22,-5.8242,135.39407,5.78112,-5.82036,1.42219,-5.82036,-6.99616,551.96194,7.00505,-5.82036,2.60063,-5.82036
22.02,-6.2935,153.62839,6.23919,-6.29702,1.50288,-6.29701,-7.00351,533.74327,7.00986,-6.29702,2.20471,-6.29701
22.04,-6.65125,170.89217,6.58622,-6.66578,1.55207,-6.66578,-7.01454,516.49029,7.01612,-6.66578,1.88522,-6.66578
22.06,-6.9087,187.12763,6.83512,-6.93861,1.57664,-6.93861,-7.02991,500.26122,7.02386,-6.93861,1.63708,-6.93861
22.08,-7.08116,202.35,7.00344,-7.13128,1.58467,-7.13128,-7.05013,485.04145,7.03294,-7.13128,1.45257,-7.13128
22.1,-7.18524,216.6175,7.11079,-7.26061,1.58451,-7.26061,-7.07537,470.7734,7.04297,-7.26061,1.32322,-7.26061
22.12,-7.23711,230.01288,7.17676,-7.34241,1.58401,-7.34241,-7.1053,457.3749,7.05323,-7.34241,1.24107,-7.34241
22.14,-7.25133,242.63624,7.21896,-7.3901,1.58982,-7.3901,-7.13876,444.74637,7.06255,-7.3901,1.19932,-7.3901
22.16,-7.24026,254.60764,7.25081,-7.41383,1.60665,-7.41383,-7.17357,432.76805,7.06925,-7.41383,1.19254,-7.41383
22.18,-7.21385,266.07721,7.27946,-7.41995,1.63661,-7.41996,-7.20609,421.29003,7.07103,-7.41995,1.21648,-7.41996
22.2,-7.17974,277.23977,7.30394,-7.41073,1.67838,-7.41075,-7.23099,410.11755,7.0649,-7.41073,1.26755,-7.41075
22.22,-7.14342,288.35228,7.31395,-7.38429,1.72642,-7.38432,-7.24088,398.99355,7.0472,-7.38429,1.34208,-7.38432
22.24,-7.1086,299.75247,7.28945,-7.33472,1.77025,-7.33475,-7.22613,387.58012,7.01322,-7.33472,1.43552,-7.33475
22.26,-7.07754,311.87696,7.20236,-7.25233,1.7937,-7.25237,-7.1748,375.44036,6.95551,-7.25233,1.54137,-7.25237
22.28,-7.05139,325.27699,7.01963,-7.12426,1.77448,-7.1243,-7.07288,362.02267,6.86174,-7.12426,1.65024,-7.1243
22.3,-7.03048,340.62345,6.70619,-6.93531,1.68419,-6.93535,-6.90483,346.65572,6.71416,-6.93531,1.74889,-6.93535
22.32,-7.01463,358.67563,6.2274,-6.66935,1.48994,-6.66939,-6.65472,328.57975,6.49223,-6.66935,1.8206,-6.66939
22.34,-7.00328,380.18519,5.55238,-6.31129,1.15898,-6.31133,-6.30801,307.04263,6.17663,-6.31129,1.84769,-6.31133
22.36,-6.99574,405.73548,4.65896,-5.84982,0.66592,-5.84986,-5.85408,281.46064,5.7532,-5.84982,1.8161,-5.84986
22.38,-6.99125,435.54465,3.54064,-5.28109,0.00045,-5.28112,-5.28984,251.61565,5.21663,-5.28109,1.71936,-5.28112
22.4,-6.98907,469.25198,2.21559,-4.61334,-0.82602,-4.61337,-4.62428,217.86923,4.5747,-4.61334,1.56064,-4.61337
22.42,-6.98855,505.67928,0.73786,-3.87264,-1.77452,-3.87266,-3.8841,181.40181,3.85365,-3.87264,1.35283,-3.87266
22.44,-6.98914,542.75261,-0.79844,-3.10502,-2.77806,-3.10503,-3.11588,144.29113,3.10015,-3.10502,1.11693,-3.10503
22.46,-6.99039,577.98551,-2.27988,-2.36608,-3.75711,-2.36609,-2.3757,109.02809,2.37068,-2.36608,0.87681,-2.36609
22.48,-6.99196,609.34053,-3.6117,-1.70209,-4.64554,-1.7021,-1.71013,77.65347,1.71238,-1.70209,0.65237,-1.7021
22.5,-6.99361,635.69321,-4.73858,-1.13951,-5.40448,-1.13951,-1.14589,51.29315,1.15262,-1.13951,0.45602,-1.13951
22.52,-6.99519,656.72402,-5.64032,-0.68715,-6.01939,-0.68715,-0.69196,30.26635,0.70102,-0.68715,0.29346,-0.68715
22.54,-6.99658,672.65534,-6.32063,-0.34183,-6.49255,-0.34183,-0.34524,14.34939,0.35507,-0.34183,0.16562,-0.34183
22.56,-6.99775,684.03922,-6.79798,-0.0929,-6.83677,-0.0929,-0.09514,2.98828,0.10467,-0.0929,0.07033,-0.0929
22.58,-6.99868,691.59477,-7.09873,0.07422,-7.07065,0.07422,0.0729,0,-0.06433,0.07422,0.00356,0.07422
22.6,-6.99939,696.09052,-7.25214,0.17544,-7.21498,0.17544,0.17482,0,-0.16755,0.17544,-0.03954,0.17544
22.62,-6.99989,698.26495,-7.28722,0.22626,-7.29027,0.22626,0.22615,0,-0.22029,0.22626,-0.06401,0.22626
22.64,-7.00022,698.77794,-7.23106,0.24068,-7.31524,0.24068,0.2409,0,-0.23642,0.24068,-0.07456,0.24068
22.66,-7.00041,698.18599,-7.10821,0.23059,-7.30593,0.23059,0.231,0,-0.22777,0.23059,-0.07534,0.23059
22.68,-7.0005,696.93462,-6.94071,0.2056,-7.27538,0.2056,0.2061,0,-0.20393,0.2056,-0.06979,0.2056
22.7,-7.00052,695.36235,-6.74788,0.17305,-7.23367,0.17305,0.17357,0,-0.17225,0.17305,-0.06062,0.17305
22.72,-7.00049,693.71195,-6.54592,0.13828,-7.18814,0.13828,0.13877,0,-0.1381,0.13828,-0.04987,0.13828
22.74,-7.00043,692.14525,-6.3475,0.10487,-7.14383,0.10487,0.1053,0,-0.1051,0.10487,-0.03897,0.10487
22.76,-7.00036,690.75921,-6.16174,0.07501,-7.10386,0.07501,0.07537,0,-0.0755,0.07501,-0.02885,0.07501
22.78,-7.00028,689.60139,-5.99438,0.04984,-7.06988,0.04984,0.05012,0,-0.05044,0.04984,-0.02004,0.04984
22.8,-7.00021,688.68385,-5.84831,0.02969,-7.04247,0.02969,0.02991,0,-0.03032,0.02969,-0.01278,0.02969
22.82,-7.00015,687.99495,-5.72402,0.01439,-7.02148,0.01439,0.01454,0,-0.01498,0.01439,-0.0071,0.01439
22.84,-7.0001,687.50877,-5.62018,0.00341,-7.00629,0.00341,0.00351,0,-0.00394,0.00341,-0.00288,0.00341
22.86,-7.00006,687.19235,-5.53427,-0.0039,-6.99605,-0.0039,-0.00384,0.2298,0.00346,-0.0039,5e-05,-0.0039
22.88,-7.00003,687.01084,-5.463,-0.00828,-6.98979,-0.00828,-0.00825,0.42223,0.00792,-0.00828,0.00193,-0.00828
22.9,-7,686.93102,-5.40284,-0.01042,-6.9866,-0.01042,-0.01041,0.51173,0.01015,-0.01042,0.00298,-0.01042
22.92,-6.99999,686.92338,-5.35028,-0.01095,-6.98563,-0.01095,-0.01096,0.52802,0.01077,-0.01095,0.00341,-0.01095
22.94,-6.99998,686.96314,-5.3021,-0.01042,-6.98616,-0.01042,-0.01044,0.49604,0.0103,-0.01042,0.00342,-0.01042
22.96,-6.99998,687.03061,-5.25552,-0.00924,-6.98761,-0.00924,-0.00926,0.43569,0.00917,-0.00924,0.00315,-0.00924
22.98,-6.99998,687.11089,-5.20826,-0.00774,-6.98954,-0.00774,-0.00776,0.36198,0.00771,-0.00774,0.00272,-0.00774
23,-6.99998,687.19338,-5.15856,-0.00616,-6.99161,-0.00616,-0.00618,0.28563,0.00615,-0.00616,0.00223,-0.00616
23.02,-6.99998,687.27111,-5.10512,-0.00465,-6.99361,-0.00465,-0.00466,0.21372,0.00466,-0.00465,0.00173,-0.00465
23.04,-6.99998,687.33996,-5.04707,-0.0033,-6.99541,-0.0033,-0.00332,0.15043,0.00333,-0.0033,0.00127,-0.0033
23.06,-6.99999,687.398,-4.98389,-0.00218,-6.99693,-0.00218,-0.00219,0.09775,0.00221,-0.00218,0.00088,-0.00218
23.08,-6.99999,687.44485,-4.91534,-0.00128,-6.99815,-0.00128,-0.00129,0.05611,0.00131,-0.00128,0.00056,-0.00128
23.1,-6.99999,687.48115,-4.84135,-0.0006,-6.99907,-0.0006,-0.00061,0.0249,0.00063,-0.0006,0.0003,-0.0006
23.12,-7,687.50816,-4.76202,-0.00012,-6.99974,-0.00012,-0.00012,0.00288,0.00014,-0.00012,0.00012,-0.00012
23.14,-7,687.52742,-4.67753,0.0002,-7.00018,0.0002,0.0002,0,-0.00018,0.0002,-1e-05,0.0002
23.16,-7,687.54054,-4.58816,0.00039,-7.00044,0.00039,0.00039,0,-0.00037,0.00039,-9e-05,0.00039
23.18,-7,687.54902,-4.49426,0.00048,-7.00056,0.00048,0.00048,0,-0.00047,0.00048,-0.00014,0.00048
23.2,-7,687.55422,-4.39624,0.0005,-7.00058,0.0005,0.0005,0,-0.00049,0.0005,-0.00016,0.0005
23.22,-7,687.55724,-4.29464,0.00047,-7.00053,0.00047,0.00047,0,-0.00047,0.00047,-0.00015,0.00047
23.24,-7,687.55898,-4.19004,0.00041,-7.00044,0.00041,0.00042,0,-0.00041,0.00041,-0.00014,0.00041
23.26,-7,687.56011,-4.08315,0.00035,-7.00033,0.00035,0.00035,0,-0.00034,0.00035,-0.00012,0.00035
23.28,-7,687.56111,-3.97471,0.00027,-7.00022,0.00027,0.00027,0,-0.00027,0.00027,-0.0001,0.00027
23.3,-7,687.56229,-3.86553,0.00021,-7.00013,0.00021,0.00021,0,-0.00021,0.00021,-8e-05,0.00021
23.32,-7,687.56383,-3.75643,0.00015,-7.00006,0.00015,0.00015,0,-0.00015,0.00015,-6e-05,0.00015
23.34,-7,687.56582,-3.64819,0.0001,-7.00003,0.0001,0.0001,0,-0.0001,0.0001,-4e-05,0.0001
23.36,-7,687.56828,-3.54156,6e-05,-7.00005,6e-05,6e-05,0,-6e-05,6e-05,-2e-05,6e-05
23.38,-7,687.57116,-3.43715,3e-05,-7.00012,3e-05,3e-05,0,-3e-05,3e-05,-1e-05,3e-05
23.4,-7,687.57441,-3.33548,0,-7.00026,0,0,0,-0,0,-0,0
23.42,-7,687.57795,-3.23688,-1e-05,-7.00047,-1e-05,-1e-05,0.00057,1e-05,-1e-05,0,-1e-05
23.44,-7,687.5817,-3.14151,-2e-05,-7.00076,-2e-05,-2e-05,0.00092,2e-05,-2e-05,0,-2e-05
23.46,-7,687.58558,-3.04935,-2e-05,-7.00112,-2e-05,-2e-05,0.00108,2e-05,-2e-05,1e-05,-2e-05
23.48,-7,687.58953,-2.96015,-2e-05,-7.00155,-2e-05,-2e-05,0.00109,2e-05,-2e-05,1e-05,-2e-05
23.5,-7,687.5935,-2.87348,-2e-05,-7.00202,-2e-05,-2e-05,0.00101,2e-05,-2e-05,1e-05,-2e-05
23.52,-7,687.59744,-2.78875,-2e-05,-7.0025,-2e-05,-2e-05,0.00088,2e-05,-2e-05,1e-05,-2e-05
23.54,-7,687.60132,-2.70517,-2e-05,-7.00293,-2e-05,-2e-05,0.00072,2e-05,-2e-05,1e-05,-2e-05
23.56,-7,687.60511,-2.6219,-1e-05,-7.00323,-1e-05,-1e-05,0.00056,1e-05,-1e-05,0,-1e-05
23.58,-7,687.60881,-2.538,-1e-05,-7.00328,-1e-05,-1e-05,0.00042,1e-05,-1e-05,0,-1e-05
23.6,-7,687.61239,-2.45253,-1e-05,-7.00296,-1e-05,-1e-05,0.00029,1e-05,-1e-05,0,-1e-05
23.62,-7,687.61583,-2.36459,-0,-7.00208,-0,-0,0.00019,0,-0,0,-0
23.64,-7,687.61911,-2.27337,-0,-7.00044,-0,-0,0.0001,0,-0,0,-0
23.66,-7,687.62221,-2.17819,-0,-6.99783,-0,-0,4e-05,0,-0,0,-0
23.68,-7,687.62507,-2.07853,-0,-6.99402,-0,-0,0,0,-0,0,-0
23.7,-7,687.62764,-1.97407,0,-6.98882,0,0,0,-0,0,-0,0
23.72,-7,687.62984,-1.86467,0,-6.98212,0,0,0,-0,0,-0,0
23.74,-7,687.63158,-1.75042,0,-6.9739,0,0,0,-0,0,-0,0
23.76,-7,687.63272,-1.63163,0,-6.96434,0,0,0,-0,0,-0,0
23.78,-7,687.63314,-1.50883,0,-6.95389,0,0,0,-0,0,-0,0
23.8,-7,687.63267,-1.38273,0,-6.94328,0,0,0,-0,0,-0,0
23.82,-7,687.63112,-1.25429,0,-6.93352,0,0,0,-0,0,-0,0
23.84,-7,687.6283,-1.12463,0,-6.92571,0,0,0,-0,0,-0,0
23.86,-7,687.62402,-0.99514,0,-6.92086,0,0,0,-0,0,-0,0
23.88,-7,687.61807,-0.86736,0,-6.91969,0,0,0,-0,0,-0,0
23.9,-7,687.61028,-0.74302,0,-6.92243,0,0,0,-0,0,-0,0
23.92,-7,687.60047,-0.6239,0,-6.92877,0,0,0,-0,0,-0,0
23.94,-7,687.58852,-0.5118,0,-6.93786,0,0,0,-0,0,-0,0
23.96,-7,687.57433,-0.40835,0,-6.94847,0,0,0,-0,0,-0,0
23.98,-7,687.55785,-0.31488,-0,-6.95939,-0,-0,0,0,-0,0,-0
24,-7,687.5391,-0.23232,-0,-6.96966,-0,-0,0,0,-0,0,-0
24.02,-7,687.51812,-0.16111,-0,-6.97868,-0,-0,0,0,-0,0,-0
24.04,-7,687.49505,-0.10125,-0,-6.98617,-0,-0,0,0,-0,0,-0
24.06,-6.99999,687.47006,-0.05236,-0,-6.99209,-0,-0,0,0,-0,0,-0
24.08,-6.99999,687.44339,-0.01376,-0,-6.99652,-0,-0,0,0,-0,0,-0
24.1,-6.99998,687.41532,0.01536,-0,-6.99965,-0,-0,0,0,-0,0,-0
24.12,-6.99998,687.38621,0.03578,-0,-7.00168,-0,-0,0,0,-0,0,-0
24.14,-6.99997,687.35642,0.04813,-0,-7.00285,-0,-0,0,0,-0,0,-0
24.16,-6.99997,687.32638,0.05275,-0,-7.00338,-0,-0,0,0,-0,0,-0
24.18,-6.99996,687.29649,0.04966,-0,-7.00345,-0,-0,0,0,-0,0,-0
24.2,-6.99996,687.26721,0.03853,-0,-7.00323,-0,-0,0,0,-0,0,-0
24.22,-6.99996,687.23894,0.01877,-0,-7.00283,-0,-0,0,0,-0,0,-0
24.24,-6.99997,687.21207,-0.01031,0,-7.00236,0,0,0,0,0,0,0
24.26,-6.99998,687.18695,-0.04941,0,-7.00188,0,0,0,-0,0,-0,0
24.28,-7.00001,687.1639,-0.09898,0,-7.00143,0,0,0,-0,0,-0,0
24.3,-7.00005,687.14318,-0.1591,0,-7.00103,0,0,0,-0,0,-0,0
24.32,-7.0001,687.125,-0.22929,0,-7.00069,0,0,0,-0,0,-0,0
24.34,-7.00018,687.10951,-0.30848,0,-7.00041,0,0,0,-0,0,-0,0
24.36,-7.00027,687.09683,-0.3949,0,-7.00018,0,0,0,-0,0,-0,0
24.38,-7.00038,687.08703,-0.48619,0,-6.99998,0,0,0,-0,0,-0,0
24.4,-7.00051,687.0801,-0.57942,0,-6.9998,0,0,0,-0,0,-0,0
24.42,-7.00064,687.07604,-0.67123,0,-6.99962,0,0,0,-0,0,-0,0
24.44,-7.00076,687.07477,-0.758,0,-6.99944,0,0,0,-0,0,-0,0
24.46,-7.00086,687.07618,-0.83601,0,-6.99923,0,0,0,-0,0,-0,0
24.48,-7.00091,687.08012,-0.90163,0,-6.99899,0,0,0,-0,0,-0,0
24.5,-7.00087,687.08641,-0.95147,0,-6.99873,0,0,0,-0,0,-0,0
24.52,-7.00069,687.09482,-0.98261,-0,-6.99846,-0,-0,0,0,-0,-0,-0
24.54,-7.00034,687.10511,-0.9928,-0,-6.99821,-0,-0,0,0,-0,0,-0
24.56,-6.99974,687.11704,-0.98063,-0,-6.99802,-0,-0,0,0,-0,0,-0
24.58,-6.99884,687.13036,-0.94577,-0,-6.99795,-0,-0,0,0,-0,0,-0
24.6,-6.99758,687.14484,-0.88911,-0,-6.99808,-0,-0,0,0,-0,0,-0
24.62,-6.99592,687.16032,-0.81292,-0,-6.9985,-0,-0,0,0,-0,0,-0
24.64,-6.99384,687.17666,-0.72088,-0,-6.99934,-0,-0,0,0,-0,0,-0
24.66,-6.99138,687.1938,-0.61794,-0,-7.00072,-0,-0,0,0,-0,0,-0
24.68,-6.98861,687.21176,-0.51016,-0,-7.00277,-0,-0,0,0,-0,0,-0
24.7,-6.98572,687.23064,-0.40437,-0,-7.00562,-0,-0,0,0,-0,0,-0
24.72,-6.98301,687.25059,-0.30774,-0,-7.00936,-0,-0,0,0,-0,0,-0
24.74,-6.98091,687.27184,-0.22733,-0,-7.01402,-0,-0,0,0,-0,0,-0
24.76,-6.98002,687.29464,-0.16969,-0,-7.01953,-0,-0,0,0,-0,0,-0
24.78,-6.98114,687.31929,-0.14049,-0,-7.02567,-0,-0,0,0,-0,0,-0
24.8,-6.98524,687.34604,-0.14428,0,-7.03203,0,0,0,-0,0,0,0
24.82,-6.99349,687.37512,-0.18441,0,-7.03794,0,0,0,-0,0,-0,0
24.84,-7.00717,687.40664,-0.26304,0,-7.04241,0,0,0,-0,0,-0,0
24.86,-7.02761,687.44055,-0.38127,0,-7.04405,0,0,0,-0,0,-0,0
24.88,-7.056,687.47659,-0.53935,0,-7.0411,0,0,0,-0,0,-0,0
24.9,-7.09327,687.51417,-0.73688,0,-7.03135,0,0,0,-0,0,-0,0
24.92,-7.13969,687.55235,-0.973,0,-7.01223,0,0,0,-0,0,-0,0
24.94,-7.19457,687.58972,-1.24655,0,-6.98088,0,0,0,-0,0,-0,0
24.96,-7.25577,687.62437,-1.55609,0,-6.93439,0,0,0,-0,0,-0,0
24.98,-7.31916,687.65384,-1.89983,0,-6.87012,0,0,0,-0,0,-0,0
25,-7.37802,687.67516,-2.27551,0,-6.78618,0,0,0,-0,0,-0,0
25.02,-7.42244,687.68494,-2.68013,0,-6.68208,0,0,0,-0,0,-0,0
25.04,-7.43879,687.67953,-3.10952,0,-6.55959,0,0,0,-0,0,-0,0
25.06,-7.40932,687.65539,-3.55799,0,-6.42364,0,0,0,-0,0,-0,0
25.08,-7.3121,687.60955,-4.01792,-0,-6.28273,-0,-0,0,0,-0,-0,-0
25.1,-7.12143,687.54028,-4.47968,-0,-6.14833,-0,-0,0,0,-0,0,-0
25.12,-6.80892,687.448,-4.93183,-0,-6.03327,-0,-0,0,0,-0,0,-0
25.14,-6.34559,687.33637,-5.3617,-0,-5.94976,-0,-0,0,0,-0,0,-0
25.16,-5.70513,687.21362,-5.75638,-0,-5.90759,-0,-0,0,0,-0,0,-0
25.18,-4.86871,687.09401,-6.10434,-0,-5.91253,-0,-0,0,0,-0,0,-0
25.2,-3.83151,686.99933,-6.3976,-0,-5.96505,-0,-0,0,0,-0,0,-0
25.22,-2.61031,686.96031,-6.63335,-0,-6.05968,-0,-0,0,0,-0,0,-0
25.24,-1.24855,687.01763,-6.81398,-0,-6.18569,-0,-0,0,0,-0,0,-0
25.26,0.18607,687.22227,-6.94571,-0,-6.32927,-0,-0,0,0,-0,0,-0
25.28,1.61227,687.63472,-7.03687,-0,-6.47673,-0,-0,0,0,-0,0,-0
25.3,2.95047,688.32256,-7.09656,-0,-6.61743,-0,-0,0,0,-0,0,-0
25.32,4.13808,689.3559,-7.13364,-0,-6.74496,-0,-0,0,0,-0,0,-0
25.34,5.13891,690.79989,-7.15613,-0,-6.85669,-0,-0,0,0,-0,0,-0
25.36,5.94307,692.70359,-7.17078,0,-6.95262,0,0,0,-0,0,0,0
25.38,6.56007,695.08475,-7.1828,0,-7.0343,0,0,0,-0,0,-0,0
25.4,7.011,697.90985,-7.1957,0,-7.1038,0,0,0,-0,0,-0,0
25.42,7.32221,701.06946,-7.21114,0,-7.16293,0,0,0,-0,0,-0,0
25.44,7.52064,704.34928,-7.2288,0,-7.21248,0,0,0,-0,0,-0,0
25.46,7.63056,707.39821,-7.24623,0,-7.25167,0,0,0,-0,0,-0,0
25.48,7.67145,709.6956,-7.25868,0,-7.27764,0,0,0,-0,0,-0,0
25.5,7.65679,710.52156,-7.25893,0,-7.28504,0,0,0,-0,0,-0,0
25.52,7.59357,708.93555,-7.23724,0,-7.26584,0,0,0,-0,0,-0,0
25.54,7.48243,703.7707,-7.18136,0,-7.20926,0,0,0,-0,0,-0,0
25.56,7.31828,693.65329,-7.07684,0,-7.10204,0,0,0,-0,0,-0,0
25.58,7.09144,677.05908,-6.90763,0,-6.92908,0,0,0,-0,0,-0,0
25.6,6.78932,652.42004,-6.65725,0,-6.67457,0,0,0,-0,0,-0,0
25.62,6.39883,618.29619,-6.31055,0,-6.32383,0,0,0,-0,0,-0,0
25.64,5.90942,573.62767,-5.85631,-0,-5.86593,-0,-0,0,0,-0,-0,-0
25.66,5.31708,518.08008,-5.29079,-0,-5.2973,-0,-0,0,0,-0,0,-0
25.68,4.6293,452.49218,-4.62234,-0,-4.62632,-0,-0,0,0,-0,0,-0
25.7,3.871,379.42705,-3.87699,-0,-3.87903,-0,-0,0,0,-0,0,-0
25.72,3.08689,303.3858,-3.10069,-0,-3.10133,-0,-0,0,0,-0,0,-0
25.74,2.33127,229.79767,-2.34899,-0,-2.34867,-0,-0,0,0,-0,0,-0
25.76,1.64928,163.17694,-1.66808,-0,-1.66718,-0,-0,0,0,-0,0,-0
25.78,1.06661,106.12049,-1.0846,-0,-1.08339,-0,-0,0,0,-0,0,-0
25.8,0.59187,59.53515,-0.60789,-0,-0.60658,-0,-0,0,0,-0,0,-0
25.82,0.22237,23.20726,-0.23584,-0,-0.23458,-0,-0,0,0,-0,0,-0
25.84,-0.05103,0,0.04028,-0,0.04142,-0,-0,0,0,-0,0,-0
25.86,-0.24023,0,0.23208,-0,0.23304,-0,-0,0,0,-0,0,-0
25.88,-0.357,0,0.35118,-0,0.35196,-0,-0,0,0,-0,0,-0
25.9,-0.4111,0,0.40724,-0,0.40783,-0,-0,0,0,-0,0,-0
25.92,-0.40897,0,0.40667,0,0.4071,0,0,0,-0,0,-0,0
25.94,-0.35322,0,0.35212,0,0.3524,0,0,0,-0,0,-0,0
25.96,-0.24262,0,0.24237,0,0.24254,0,0,0,-0,0,-0,0
25.98,-0.07265,0,0.07296,0,0.07305,0,0,0,-0,0,-0,0
26,0.16336,15.28888,-0.16271,0,-0.16268,0,0,0,-0,0,-0,0
26.02,0.47245,44.88235,-0.47164,0,-0.47165,0,0,0,-0,0,-0,0
26.04,0.85968,81.93493,-0.85883,0,-0.85887,0,0,0,-0,0,-0,0
26.06,1.32495,126.4274,-1.32414,0,-1.32419,0,0,0,-0,0,-0,0
26.08,1.85911,177.47865,-1.85839,0,-1.85845,0,0,0,-0,0,-0,0
26.1,2.43934,232.90243,-2.43874,0,-2.4388,0,0,0,-0,0,-0,0
26.12,3.02389,288.70463,-3.02341,0,-3.02346,0,0,0,-0,0,-0,0
26.14,3.55082,338.96747,-3.55046,0,-3.5505,0,0,0,-0,0,-0,0
26.16,3.95009,377.0039,-3.94983,0,-3.94987,0,0,0,-0,0,-0,0
26.18,4.16498,397.41227,-4.16481,0,-4.16483,0,0,0,-0,0,-0,0
26.2,4.16599,397.39971,-4.16589,-0,-4.1659,-0,-0,0,0,-0,0,-0
26.22,3.95322,377.00194,-3.95317,-0,-3.95319,-0,-0,0,0,-0,0,-0
26.24,3.55638,339.07236,-3.55637,-0,-3.55638,-0,-0,0,0,-0,0,-0
26.26,3.03233,289.04495,-3.03235,-0,-3.03235,-0,-0,0,0,-0,0,-0
26.28,2.45124,233.60835,-2.45127,-0,-2.45128,-0,-0,0,0,-0,0,-0
26.3,1.87505,178.66239,-1.87509,-0,-1.87509,-0,-0,0,0,-0,0,-0
26.32,1.34542,128.17216,-1.34546,-0,-1.34545,-0,-0,0,0,-0,0,-0
26.34,0.88489,84.28258,-0.88492,-0,-0.88492,-0,-0,0,0,-0,0,-0
26.36,0.50213,47.81568,-0.50217,-0,-0.50216,-0,-0,0,0,-0,0,-0
26.38,0.19653,18.70803,-0.19656,-0,-0.19655,-0,-0,0,0,-0,0,-0
26.4,-0.038,0,0.03798,-0,0.03798,-0,-0,0,0,-0,0,-0
26.42,-0.20985,0,0.20983,-0,0.20983,-0,-0,0,0,-0,0,-0
26.44,-0.32735,0,0.32734,-0,0.32734,-0,-0,0,0,-0,0,-0
26.46,-0.39702,0,0.39701,-0,0.39701,-0,-0,0,0,-0,0,-0
26.48,-0.42228,0,0.42228,0,0.42228,0,0,0,-0,0,-0,0
26.5,-0.40283,0,0.40282,0,0.40282,0,0,0,-0,0,-0,0
26.52,-0.33429,0,0.33429,0,0.33429,0,0,0,-0,0,-0,0
26.54,-0.20852,0,0.20853,0,0.20853,0,0,0,-0,0,-0,0
26.56,-0.01429,0,0.01429,0,0.01429,0,0,0,-0,0,-0,0
26.58,0.2614,24.68574,-0.26139,0,-0.26139,0,0,0,-0,0,-0,0
26.6,0.63126,59.78584,-0.63125,0,-0.63125,0,0,0,-0,0,-0,0
26.62,1.10491,104.74061,-1.10491,0,-1.10491,0,0,0,-0,0,-0,0
26.64,1.68509,159.8146,-1.68509,0,-1.68509,0,0,0,-0,0,-0,0
26.66,2.3629,224.16751,-2.3629,0,-2.3629,0,0,0,-0,0,-0,0
26.68,3.11197,295.30426,-3.11197,0,-3.11197,0,0,0,-0,0,-0,0
26.7,3.88622,368.85746,-3.88622,0,-3.88622,0,0,0,-0,0,-0,0
26.72,4.63012,439.56368,-4.63012,0,-4.63012,0,0,0,-0,0,-0,0
26.74,5.29762,503.05549,-5.29762,0,-5.29762,0,0,0,-0,0,-0,0
26.76,5.86252,556.84384,-5.86252,-0,-5.86252,-0,-0,0,0,-0,0,-0
26.78,6.31624,600.11189,-6.31624,-0,-6.31624,-0,-0,0,0,-0,0,-0
26.8,6.6622,633.18081,-6.6622,-0,-6.6622,-0,-0,0,0,-0,0,-0
26.82,6.91127,657.0757,-6.91127,-0,-6.91127,-0,-0,0,0,-0,0,-0
26.84,7.0782,673.19064,-7.0782,-0,-7.0782,-0,-0,0,0,-0,0,-0
26.86,7.17901,683.04423,-7.17901,-0,-7.17901,-0,-0,0,0,-0,0,-0
26.88,7.22932,688.11269,-7.22932,-0,-7.22932,-0,-0,0,0,-0,0,-0
26.9,7.24317,689.72625,-7.24317,-0,-7.24317,-0,-0,0,0,-0,0,-0
26.92,7.23247,689.01438,-7.23247,-0,-7.23247,-0,-0,0,0,-0,0,-0
26.94,7.20684,686.88674,-7.20684,-0,-7.20684,-0,-0,0,0,-0,0,-0
26.96,7.1736,684.03871,-7.1736,-0,-7.1736,-0,-0,0,0,-0,0,-0
26.98,7.13804,680.97214,-7.13804,-0,-7.13804,-0,-0,0,0,-0,0,-0
27,7.10373,678.02438,-7.10373,-0,-7.10373,-0,-0,0,0,-0,0,-0
27.02,7.07283,675.40035,-7.07283,-0,-7.07283,-0,-0,0,0,-0,0,-0
27.04,7.04643,673.20415,-7.04643,0,-7.04643,0,0,0,-0,0,-0,0
27.06,7.02488,671.46781,-7.02488,0,-7.02488,0,0,0,-0,0,-0,0
27.08,7.00804,670.17638,-7.00804,0,-7.00804,0,0,0,-0,0,-0,0
27.1,6.99548,669.28839,-6.99548,0,-6.99548,0,0,0,-0,0,-0,0
27.12,6.98668,668.75222,-6.98668,0,-6.98668,0,0,0,-0,0,-0,0
27.14,6.98115,668.51831,-6.98115,0,-6.98115,0,0,0,-0,0,-0,0
27.16,6.9785,668.54783,-6.9785,0,-6.9785,0,0,0,-0,0,-0,0
27.18,6.97854,668.81827,-6.97854,0,-6.97854,0,0,0,-0,0,-0,0
27.2,6.98127,669.32607,-6.98127,0,-6.98127,0,0,0,-0,0,-0,0
27.22,6.98687,670.08676,-6.98687,0,-6.98687,0,0,0,-0,0,-0,0
27.24,6.99574,671.13238,-6.99574,0,-6.99574,0,0,0,-0,0,-0,0
27.26,7.00836,672.50613,-7.00836,0,-7.00836,0,0,0,-0,0,-0,0
27.28,7.02525,674.25383,-7.02525,0,-7.02525,0,0,0,-0,0,-0,0
27.3,7.04682,676.41184,-7.04682,-0,-7.04682,-0,-0,0,-0,-0,-0,-0
27.32,7.0732,678.99082,-7.0732,-0,-7.0732,-0,-0,0,0,-0,0,-0
27.34,7.10402,681.9551,-7.10402,-0,-7.10402,-0,-0,0,0,-0,0,-0
27.36,7.13817,685.19762,-7.13817,-0,-7.13817,-0,-0,0,0,-0,0,-0
27.38,7.17346,688.51077,-7.17346,-0,-7.17346,-0,-0,0,0,-0,0,-0
27.4,7.20631,691.55456,-7.20631,-0,-7.20631,-0,-0,0,0,-0,0,-0
27.42,7.2314,693.82426,-7.2314,-0,-7.2314,-0,-0,0,0,-0,0,-0
27.44,7.24138,694.62118,-7.24138,-0,-7.24138,-0,-0,0,0,-0,0,-0
27.46,7.22665,693.03193,-7.22665,-0,-7.22665,-0,-0,0,0,-0,0,-0
27.48,7.1753,687.92323,-7.1753,-0,-7.1753,-0,-0,0,0,-0,0,-0
27.5,7.07332,677.96172,-7.07332,-0,-7.07332,-0,-0,0,0,-0,0,-0
27.52,6.90521,661.66991,-6.90521,-0,-6.90521,-0,-0,0,0,-0,0,-0
27.54,6.65503,637.53164,-6.65503,-0,-6.65503,-0,-0,0,0,-0,0,-0
27.56,6.30824,604.16136,-6.30824,-0,-6.30824,-0,-0,0,0,-0,0,-0
27.58,5.85425,560.55168,-5.85425,0,-5.85425,0,0,0,-0,0,0,0
27.6,5.28996,506.41184,-5.28996,0,-5.28996,0,0,0,-0,0,-0,0
27.62,4.62435,442.60575,-4.62435,0,-4.62435,0,0,0,-0,0,-0,0
27.64,3.88413,371.69012,-3.88413,0,-3.88413,0,0,0,-0,0,-0,0
27.66,3.11589,298.1206,-3.11589,0,-3.11589,0,0,0,-0,0,-0,0
27.68,2.3757,227.25761,-2.3757,0,-2.3757,0,0,0,-0,0,-0,0
27.7,1.71012,163.55313,-1.71012,0,-1.71012,0,0,0,-0,0,-0,0
27.72,1.14587,109.55737,-1.14587,0,-1.14587,0,0,0,-0,0,-0,0
27.74,0.69194,66.12599,-0.69194,0,-0.69194,0,0,0,-0,0,-0,0
27.76,0.34522,32.95907,-0.34522,0,-0.34522,0,0,0,-0,0,-0,0
27.78,0.09512,9.0397,-0.09512,0,-0.09512,0,0,0,-0,0,-0,0
27.8,-0.07292,0,0.07292,0,0.07292,0,0,0,-0,0,-0,0
27.82,-0.17484,0,0.17484,0,0.17484,0,0,0,-0,0,-0,0
27.84,-0.22616,0,0.22616,0,0.22616,0,0,0,-0,0,-0,0
27.86,-0.2409,0,0.2409,-0,0.2409,-0,-0,0,0,-0,-0,-0
27.88,-0.23101,0,0.23101,-0,0.23101,-0,-0,0,0,-0,0,-0
27.9,-0.2061,0,0.2061,-0,0.2061,-0,-0,0,0,-0,0,-0
27.92,-0.17357,0,0.17357,-0,0.17357,-0,-0,0,0,-0,0,-0
27.94,-0.13877,0,0.13877,-0,0.13877,-0,-0,0,0,-0,0,-0
27.96,-0.1053,0,0.1053,-0,0.1053,-0,-0,0,0,-0,0,-0
27.98,-0.07537,0,0.07537,-0,0.07537,-0,-0,0,0,-0,0,-0
28,-0.05012,0,0.05012,-0,0.05012,-0,-0,0,0,-0,0,-0
28.02,-0.0299,0,0.0299,-0,0.0299,-0,-0,0,0,-0,0,-0
28.04,-0.01453,0,0.01453,-0,0.01453,-0,-0,0,0,-0,0,-0
28.06,-0.00351,0,0.00351,-0,0.00351,-0,-0,0,0,-0,0,-0
28.08,0.00384,0.36998,-0.00384,-0,-0.00384,-0,-0,0,0,-0,0,-0
28.1,0.00825,0.79113,-0.00825,-0,-0.00825,-0,-0,0,0,-0,0,-0
28.12,0.01041,0.99768,-0.01041,-0,-0.01041,-0,-0,0,0,-0,0,-0
28.14,0.01097,1.05001,-0.01097,0,-0.01097,0,0,0,-0,0,0,0
28.16,0.01044,0.99921,-0.01044,0,-0.01044,0,0,0,-0,0,-0,0
28.18,0.00926,0.88637,-0.00926,0,-0.00926,0,0,0,-0,0,-0,0
28.2,0.00776,0.74279,-0.00776,0,-0.00776,0,0,0,-0,0,-0,0
28.22,0.00618,0.59103,-0.00618,0,-0.00618,0,0,0,-0,0,-0,0
28.24,0.00466,0.44623,-0.00466,0,-0.00466,0,0,0,-0,0,-0,0
28.26,0.00332,0.31751,-0.00332,0,-0.00332,0,0,0,-0,0,-0,0
28.28,0.00219,0.20944,-0.00219,0,-0.00219,0,0,0,-0,0,-0,0
28.3,0.00129,0.12331,-0.00129,0,-0.00129,0,0,0,-0,0,-0,0
28.32,0.00061,0.05817,-0.00061,0,-0.00061,0,0,0,-0,0,-0,0
28.34,0.00012,0.01171,-0.00012,0,-0.00012,0,0,0,-0,0,-0,0
28.36,-0.0002,0,0.0002,0,0.0002,0,0,0,-0,0,-0,0
28.38,-0.00039,0,0.00039,0,0.00039,0,0,0,-0,0,-0,0
28.4,-0.00048,0,0.00048,0,0.00048,0,0,0,-0,0,-0,0
28.42,-0.0005,0,0.0005,-0,0.0005,-0,-0,0,0,-0,-0,-0
28.44,-0.00047,0,0.00047,-0,0.00047,-0,-0,0,0,-0,0,-0
28.46,-0.00042,0,0.00042,-0,0.00042,-0,-0,0,0,-0,0,-0
28.48,-0.00035,0,0.00035,-0,0.00035,-0,-0,0,0,-0,0,-0
28.5,-0.00027,0,0.00027,-0,0.00027,-0,-0,0,0,-0,0,-0
28.52,-0.00021,0,0.00021,-0,0.00021,-0,-0,0,0,-0,0,-0
28.54,-0.00015,0,0.00015,-0,0.00015,-0,-0,0,0,-0,0,-0
28.56,-0.0001,0,0.0001,-0,0.0001,-0,-0,0,0,-0,0,-0
28.58,-6e-05,0,6e-05,-0,6e-05,-0,-0,0,0,-0,0,-0
28.6,-3e-05,0,3e-05,-0,3e-05,-0,-0,0,0,-0,0,-0
28.62,-0,0,0,-0,0,-0,-0,0,0,-0,0,-0
28.64,1e-05,0.00096,-1e-05,-0,-1e-05,-0,-0,0,0,-0,0,-0
28.66,2e-05,0.00175,-2e-05,-0,-2e-05,-0,-0,0,0,-0,0,-0
28.68,2e-05,0.00211,-2e-05,-0,-2e-05,-0,-0,0,0,-0,0,-0
28.7,2e-05,0.00217,-2e-05,0,-2e-05,0,0,0,-0,0,0,0
28.72,2e-05,0.00204,-2e-05,0,-2e-05,0,0,0,-0,0,-0,0
28.74,2e-05,0.00179,-2e-05,0,-2e-05,0,0,0,-0,0,-0,0
28.76,2e-05,0.00149,-2e-05,0,-2e-05,0,0,0,-0,0,-0,0
28.78,1e-05,0.00117,-1e-05,0,-1e-05,0,0,0,-0,0,-0,0
28.8,1e-05,0.00088,-1e-05,0,-1e-05,0,0,0,-0,0,-0,0
28.82,1e-05,0.00062,-1e-05,0,-1e-05,0,0,0,-0,0,-0,0
28.84,0,0.0004,-0,0,-0,0,0,0,-0,0,-0,0
28.86,0,0.00022,-0,0,-0,0,0,0,-0,0,-0,0
28.88,0,9e-05,-0,0,-0,0,0,0,-0,0,-0,0
28.9,0,0,0,0,0,0,0,0,-0,0,-0,0
28.92,-0,0,0,0,0,0,0,0,-0,0,-0,0
28.94,-0,0,0,0,0,0,0,0,-0,0,-0,0
28.96,-0,0,0,0,0,0,0,0,-0,0,-0,0
28.98,-0,0,0,-0,0,-0,-0,0,0,-0,-0,-0
29,-0,0,0,-0,0,-0,-0,0,0,-0,0,-0
29.02,-0,0,0,-0,0,-0,-0,0,0,-0,0,-0
29.04,-0,0,0,-0,0,-0,-0,0,0,-0,0,-0
29.06,-0,0,0,-0,0,-0,-0,0,0,-0,0,-0
29.08,0,0,0,-0,0,-0,-0,0,0,-0,0,-0
29.1,0,0,0,-0,0,-0,-0,0,0,-0,0,-0
29.12,0,0,0,-0,0,-0,-0,0,0,-0,0,-0
29.14,0,9e-05,-0,-0,-0,-0,-0,0,0,-0,0,-0
29.16,0,0.00023,-0,-0,-0,-0,-0,0,0,-0,0,-0
29.18,0,0.00041,-0,-0,-0,-0,-0,0,0,-0,0,-0
29.2,-0,0.00063,-1e-05,-0,-1e-05,-0,-0,0,0,-0,0,-0
29.22,-0,0.0009,-1e-05,-0,-1e-05,-0,-0,0,0,-0,0,-0
29.24,-0,0.0012,-1e-05,-0,-1e-05,-0,-0,0,0,-0,0,-0
29.26,-0,0.00152,-2e-05,0,-2e-05,0,0,0,-0,0,-0,0
29.28,-0,0.00183,-2e-05,0,-2e-05,0,0,0,-0,0,-0,0
29.3,-1e-05,0.00208,-2e-05,0,-2e-05,0,0,0,-0,0,-0,0
29.32,-1e-05,0.00222,-2e-05,0,-2e-05,0,0,0,-0,0,-0,0
29.34,-1e-05,0.00216,-2e-05,0,-2e-05,0,0,0,-0,0,-0,0
29.36,-1e-05,0.00179,-2e-05,0,-2e-05,0,0,0,-0,0,-0,0
29.38,-1e-05,0.00098,-1e-05,0,-1e-05,0,0,0,-0,0,-0,0
29.4,-1e-05,0,0,0,0,0,0,0,-0,0,-0,0
29.42,-1e-05,0,3e-05,0,3e-05,0,0,0,-0,0,-0,0
29.44,-1e-05,0,6e-05,0,6e-05,0,0,0,-0,0,-0,0
29.46,-0,0,0.0001,0,0.0001,0,0,0,-0,0,-0,0
29.48,1e-05,0,0.00015,0,0.00015,0,0,0,-0,0,-0,0
29.5,2e-05,0,0.00021,0,0.00021,0,0,0,-0,0,-0,0
29.52,4e-05,0,0.00027,0,0.00027,0,0,0,-0,0,-0,0
29.54,6e-05,0,0.00035,-0,0.00035,-0,-0,0,0,-0,0,-0
29.56,9e-05,0,0.00042,-0,0.00042,-0,-0,0,0,-0,0,-0
29.58,0.00012,0,0.00047,-0,0.00047,-0,-0,0,0,-0,0,-0
29.6,0.00015,0,0.0005,-0,0.0005,-0,-0,0,0,-0,0,-0
29.62,0.00019,0,0.00048,-0,0.00048,-0,-0,0,0,-0,0,-0
29.64,0.00022,0,0.00039,-0,0.00039,-0,-0,0,0,-0,0,-0
29.66,0.00024,0,0.0002,-0,0.0002,-0,-0,0,0,-0,0,-0
29.68,0.00024,0.01192,-0.00012,-0,-0.00012,-0,-0,0,0,-0,0,-0
29.7,0.00021,0.05937,-0.00061,-0,-0.00061,-0,-0,0,0,-0,0,-0
29.72,0.00015,0.12592,-0.00129,-0,-0.00129,-0,-0,0,0,-0,0,-0
29.74,2e-05,0.21391,-0.00219,-0,-0.00219,-0,-0,0,0,-0,0,-0
29.76,-0.00018,0.32432,-0.00332,-0,-0.00332,-0,-0,0,0,-0,0,-0
29.78,-0.00046,0.45584,-0.00466,-0,-0.00466,-0,-0,0,0,-0,0,-0
29.8,-0.00085,0.60381,-0.00618,-0,-0.00618,-0,-0,0,0,-0,0,-0
29.82,-0.00134,0.75889,-0.00776,0,-0.00776,0,0,0,-0,0,-0,0
29.84,-0.00195,0.90565,-0.00926,0,-0.00926,0,0,0,-0,0,-0,0
29.86,-0.00265,1.02103,-0.01044,0,-0.01044,0,0,0,-0,0,-0,0
29.88,-0.00341,1.07305,-0.01096,0,-0.01096,0,0,0,-0,0,-0,0
29.9,-0.00417,1.01975,-0.01041,0,-0.01041,0,0,0,-0,0,-0,0
29.92,-0.00483,0.8089,-0.00825,0,-0.00825,0,0,0,-0,0,-0,0
29.94,-0.00526,0.37884,-0.00384,0,-0.00384,0,0,0,-0,0,-0,0
29.96,-0.00526,0,0.00351,0,0.00351,0,0,0,-0,0,-0,0
29.98,-0.00461,0,0.01454,0,0.01454,0,0,0,-0,0,-0,0
30,-0.00302,0,0.02991,0,0.02991,0,0,0,-0,0,-0,0
30.02,-0.00015,0,0.05012,0,0.05012,0,0,0,-0,0,-0,0
30.04,0.00433,0,0.07537,0,0.07537,0,0,0,-0,0,-0,0
30.06,0.01078,0,0.1053,0,0.1053,0,0,0,-0,0,-0,0
30.08,0.01948,0,0.13877,0,0.13877,0,0,0,-0,0,-0,0
30.1,0.0306,0,0.17357,-0,0.17357,-0,-0,0,0,-0,0,-0
30.12,0.04412,0,0.2061,-0,0.2061,-0,-0,0,0,-0,0,-0
30.14,0.05967,0,0.231,-0,0.231,-0,-0,0,0,-0,0,-0
30.16,0.07644,0,0.2409,-0,0.2409,-0,-0,0,0,-0,0,-0
30.18,0.09301,0,0.22615,-0,0.22615,-0,-0,0,0,-0,0,-0
30.2,0.1072,0,0.17483,-0,0.17483,-0,-0,0,0,-0,0,-0
30.22,0.1159,0,0.07291,-0,0.07291,-0,-0,0,0,-0,0,-0
30.24,0.11495,9.2117,-0.09514,-0,-0.09514,-0,-0,0,0,-0,0,-0
30.26,0.09906,33.64469,-0.34524,-0,-0.34524,-0,-0,0,0,-0,0,-0
30.28,0.06188,67.52659,-0.69196,-0,-0.69196,-0,-0,0,0,-0,0,-0
30.3,-0.00384,111.89733,-1.14589,-0,-1.14589,-0,-0,0,0,-0,0,-0
30.32,-0.10583,167.06466,-1.71014,-0,-1.71014,-0,-0,0,0,-0,0,-0
30.34,-0.2516,232.15601,-2.37571,-0,-2.37571,-0,-0,0,0,-0,0,-0
30.36,-0.44737,304.56787,-3.11589,-0,-3.11589,-0,-0,0,0,-0,0,-0
30.38,-0.69742,379.75376,-3.88411,0,-3.88411,0,0,0,-0,0,-0,0
30.4,-1.00523,452.23831,-4.62429,0,-4.62429,0,0,0,-0,0,-0,0
30.42,-1.37479,517.46877,-5.28986,0,-5.28986,0,0,0,-0,0,-0,0
30.44,-1.80916,572.83072,-5.85411,0,-5.85411,0,0,0,-0,0,-0,0
30.46,-2.30691,617.43817,-6.30804,0,-6.30804,0,0,0,-0,0,-0,0
30.48,-2.8596,651.58472,-6.65476,0,-6.65476,0,0,0,-0,0,-0,0
30.5,-3.4513,676.29683,-6.90486,0,-6.90486,0,0,0,-0,0,-0,0
30.52,-4.05959,692.98855,-7.07291,0,-7.07291,0,0,0,-0,0,-0,0
30.54,-4.6579,703.20899,-7.17483,0,-7.17483,0,0,0,-0,0,-0,0
30.56,-5.21892,708.46953,-7.22615,0,-7.22615,0,0,0,-0,0,-0,0
30.58,-5.71897,710.1361,-7.24089,0,-7.24089,0,0,0,-0,0,-0,0
30.6,-6.14223,709.37177,-7.231,0,-7.231,0,0,0,-0,0,-0,0
30.62,-6.4826,707.11628,-7.20609,0,-7.20609,0,0,0,-0,0,-0,0
30.64,-6.74247,704.09081,-7.17356,-0,-7.17356,-0,-0,0,0,-0,-0,-0
30.66,-6.92984,700.81864,-7.13875,-0,-7.13875,-0,-0,0,0,-0,0,-0
30.68,-7.05567,697.65427,-7.10528,-0,-7.10528,-0,-0,0,0,-0,0,-0
30.7,-7.13192,694.81565,-7.07535,-0,-7.07535,-0,-0,0,0,-0,0,-0
30.72,-7.17027,692.41578,-7.0501,-0,-7.0501,-0,-0,0,0,-0,0,-0
30.74,-7.18124,690.49145,-7.02988,-0,-7.02988,-0,-0,0,0,-0,0,-0
30.76,-7.17377,689.0277,-7.01451,-0,-7.01451,-0,-0,0,0,-0,0,-0
30.78,-7.15509,687.9777,-7.00349,-0,-7.00349,-0,-0,0,0,-0,0,-0
30.8,-7.13072,687.27803,-6.99615,-0,-6.99614,-0,-0,0,0,-0,0,-0
30.82,-7.10465,686.85982,-6.99175,-0,-6.99175,-0,-0,0,0,-0,0,-0
30.84,-7.07958,686.65627,-6.98961,-0,-6.98961,-0,-0,0,0,-0,0,-0
30.86,-7.05712,686.60731,-6.98909,-0,-6.98909,-0,-0,0,0,-0,0,-0
30.88,-7.03811,686.66207,-6.98966,-0,-6.98965,-0,-0,0,0,-0,0,-0
30.9,-7.02275,686.77964,-6.99088,-0,-6.99088,-0,-0,0,0,-0,0,-0
30.92,-7.01088,686.92874,-6.99244,0,-6.99244,0,0,0,-0,0,0,0
30.94,-7.00206,687.08673,-6.99409,0,-6.99409,0,0,0,-0,0,-0,0
30.96,-6.99576,687.2382,-6.99568,0,-6.99568,0,0,0,-0,0,-0,0
30.98,-6.99138,687.37345,-6.99709,0,-6.99709,0,0,0,-0,0,-0,0
31,-6.98837,687.48703,-6.99827,0,-6.99828,0,0,0,-0,0,-0,0
31.02,-6.98626,687.57635,-6.9992,0,-6.9992,0,0,0,-0,0,-0,0
31.04,-6.98471,687.64061,-6.99986,0,-6.99986,0,0,0,-0,0,-0,0
31.06,-6.98347,687.67983,-7.00026,0,-7.00026,0,0,0,-0,0,-0,0
31.08,-6.98249,687.69426,-7.00039,0,-7.00039,0,0,0,-0,0,-0,0
31.1,-6.98186,687.684,-7.00026,0,-7.00026,0,0,0,-0,0,-0,0
31.12,-6.98185,687.64883,-6.99986,0,-6.99986,0,0,0,-0,0,-0,0
31.14,-6.9829,687.58839,-6.9992,0,-6.9992,0,0,0,-0,0,-0,0
31.16,-6.98565,687.50257,-6.99827,0,-6.99827,0,0,0,-0,0,-0,0
31.18,-6.99087,687.39214,-6.99709,0,-6.99709,0,0,0,-0,0,0,0
31.2,-6.99951,687.25967,-6.99567,-0,-6.99568,-0,0,0,0,-0,0,-0
31.22,-7.01254,687.11072,-6.99409,-0,-6.99409,-0,-0,0,0,-0,0,-0
31.24,-7.03095,686.95512,-6.99244,-0,-6.99244,-0,-0,0,0,-0,0,-0
31.26,-7.05556,686.80858,-6.99088,-0,-6.99088,-0,-0,0,0,-0,0,-0
31.28,-7.08686,686.69413,-6.98965,-0,-6.98965,-0,-0,0,0,-0,0,-0
31.3,-7.12474,686.64363,-6.98909,-0,-6.98909,-0,-0,0,0,-0,0,-0
31.32,-7.16818,686.69873,-6.98961,-0,-6.98961,-0,0,0,0,-0,0,-0
31.34,-7.21488,686.91128,-6.99175,-0,-6.99175,-0,0,0,0,-0,0,-0
31.36,-7.26083,687.3425,-6.99614,-0,-6.99614,-0,0,0,-0,-0,-0,-0
31.38,-7.29987,688.0606,-7.00349,-0,-7.00349,-0,0,0,-0,-0,-0,-0
31.4,-7.32323,689.13608,-7.01451,-0,-7.01451,-0,0,0,-0,-0,-0,-0
31.42,-7.31923,690.63413,-7.02988,-0,-7.02988,-0,-0,0,-0,-0,-0,-0
31.44,-7.27305,692.60347,-7.0501,-0,-7.0501,-0,-0,0,-0,-0,-0,-0
31.46,-7.16689,695.06094,-7.07535,-0,-7.07535,-0,-0,0,-0,-0,-0,-0
31.48,-6.98048,697.97146,-7.10528,0,-7.10528,0,-0,0,-0,0,-0,0
31.5,-6.69229,701.22338,-7.13875,0,-7.13875,0,-0,0,-0,0,-0,0
31.52,-6.28151,704.59945,-7.17356,0,-7.17356,0,-0,0,-0,0,-0,0
31.54,-5.73102,707.74502,-7.20609,0,-7.20609,0,-0,0,-0,0,-0,0
31.56,-5.03165,710.13544,-7.231,0,-7.231,0,-0,0,-0,0,-0,0
31.58,-4.1875,711.04666,-7.24089,0,-7.24089,0,-0,0,-0,0,-0,0
31.6,-3.22091,709.53439,-7.22615,0,-7.22615,0,-0,0,-0,0,-0,0
31.62,-2.1736,704.42907,-7.17483,0,-7.17483,0,-0,0,-0,0,-0,0
31.64,-1.10234,694.35635,-7.07291,0,-7.07291,0,-0,0,0,0,0,0
31.66,-0.07159,677.79464,-6.90486,0,-6.90486,0,-0,0,0,0,0,0
31.68,0.8543,653.18338,-6.65476,0,-6.65476,0,-0,0,0,0,0,0
31.7,1.61818,619.09665,-6.30804,0,-6.30804,0,0,0,0,0,0,0
31.72,2.17668,574.49711,-5.85411,0,-5.85411,0,0,0,0,0,0,0
31.74,2.50593,519.08327,-5.28986,0,-5.28986,0,0,0,0,0,0,0
31.76,2.60605,453.73882,-4.62429,-0,-4.62429,-0,0,0,0,-0,0,-0
31.78,2.50396,381.08478,-3.88411,-0,-3.88411,-0,0,0,0,-0,0,-0
31.8,2.2509,305.6911,-3.11589,-0,-3.11589,-0,0,0,0,-0,0,-0
31.82,1.90981,233.05695,-2.37571,-0,-2.37571,-0,0,0,0,-0,0,-0
31.84,1.53764,167.75065,-1.71014,-0,-1.71014,-0,0,0,0,-0,0,-0
31.86,1.17542,112.39037,-1.14589,-0,-1.14589,-0,0,0,0,-0,0,-0
31.88,0.84868,67.85626,-0.69196,-0,-0.69196,-0,0,0,0,-0,0,-0
31.9,0.57095,33.84311,-0.34524,-0,-0.34524,-0,0,0,0,-0,0,-0
31.92,0.34696,9.30999,-0.09514,-0,-0.09514,-0,0,0,-0,-0,-0,-0
31.94,0.17543,0,0.07291,-0,0.07291,-0,0,0,-0,-0,-0,-0
31.96,0.05133,0,0.17483,-0,0.17483,-0,0,0,-0,-0,-0,-0
31.98,-0.03239,0,0.22615,-0,0.22615,-0,-0,0,-0,-0,-0,-0
32,-0.08348,0,0.2409,-0,0.2409,-0,-0,0,-0,-0,-0,-0
32.02,-0.10954,0,0.231,-0,0.231,-0,-0,0,-0,-0,-0,-0
32.04,-0.11745,0,0.2061,0,0.2061,0,-0,0,-0,0,-0,0
32.06,-0.11309,0,0.17357,0,0.17357,0,-0,0,-0,0,-0,0
32.08,-0.10121,0,0.13877,0,0.13877,0,-0,0,-0,0,-0,0
32.1,-0.08546,0,0.1053,0,0.1053,0,-0,0,-0,0,-0,0
32.12,-0.06849,0,0.07537,0,0.07537,0,-0,0,-0,0,-0,0
32.14,-0.05211,0,0.05012,0,0.05012,0,-0,0,-0,0,-0,0
32.16,-0.03742,0,0.02991,0,0.02991,0,-0,0,-0,0,-0,0
32.18,-0.02499,0,0.01454,0,0.01454,0,-0,0,0,0,0,0
32.2,-0.01501,0,0.00351,0,0.00351,0,-0,0,0,0,0,0
32.22,-0.0074,0.37788,-0.00384,0,-0.00384,0,-0,0,0,0,0,0
32.24,-0.00193,0.81006,-0.00825,0,-0.00825,0,-0,0,0,0,0,0
32.26,0.00174,1.02217,-0.01041,0,-0.01041,0,0,0,0,0,0,0
32.28,0.00395,1.07609,-0.01096,0,-0.01096,0,0,0,0,0,0,0
32.3,0.00505,1.02422,-0.01044,0,-0.01044,0,0,0,0,0,0,0
32.32,0.00535,0.90868,-0.00926,-0,-0.00926,-0,0,0,0,-0,0,-0
32.34,0.00511,0.76158,-0.00776,-0,-0.00776,-0,0,0,0,-0,0,-0
32.36,0.00455,0.60606,-0.00618,-0,-0.00618,-0,0,0,0,-0,0,-0
32.38,0.00382,0.45762,-0.00466,-0,-0.00466,-0,0,0,0,-0,0,-0
32.4,0.00305,0.32566,-0.00332,-0,-0.00332,-0,0,0,0,-0,0,-0
32.42,0.00231,0.21487,-0.00219,-0,-0.00219,-0,0,0,0,-0,0,-0
32.44,0.00165,0.12655,-0.00129,-0,-0.00129,-0,0,0,0,-0,0,-0
32.46,0.00109,0.05974,-0.00061,-0,-0.00061,-0,0,0,-0,-0,-0,-0
32.48,0.00065,0.01209,-0.00012,-0,-0.00012,-0,0,0,-0,-0,-0,-0
32.5,0.00031,0,0.0002,-0,0.0002,-0,0,0,-0,-0,-0,-0
32.52,7e-05,0,0.00039,-0,0.00039,-0,0,0,-0,-0,-0,-0
32.54,-9e-05,0,0.00048,-0,0.00048,-0,-0,0,-0,-0,-0,-0
32.56,-0.00019,0,0.0005,-0,0.0005,-0,-0,0,-0,-0,-0,-0
32.58,-0.00023,0,0.00047,-0,0.00047,-0,-0,0,-0,-0,-0,-0
32.6,-0.00024,0,0.00042,0,0.00042,0,-0,0,-0,0,-0,0
32.62,-0.00023,0,0.00035,0,0.00035,0,-0,0,-0,0,-0,0
32.64,-0.0002,0,0.00027,0,0.00027,0,-0,0,-0,0,-0,0
32.66,-0.00017,0,0.00021,0,0.00021,0,-0,0,-0,0,-0,0
32.68,-0.00014,0,0.00015,0,0.00015,0,-0,0,-0,0,-0,0
32.7,-0.0001,0,0.0001,0,0.0001,0,-0,0,-0,0,-0,0
32.72,-7e-05,0,6e-05,0,6e-05,0,-0,0,-0,0,-0,0
32.74,-5e-05,0,3e-05,0,3e-05,0,-0,0,0,0,0,0
32.76,-3e-05,0,0,0,0,0,-0,0,0,0,0,0
32.78,-1e-05,0.00098,-1e-05,0,-1e-05,0,-0,0,0,0,0,0
32.8,-0,0.00179,-2e-05,0,-2e-05,0,-0,0,0,0,0,0
32.82,0,0.00216,-2e-05,0,-2e-05,0,0,0,0,0,0,0
32.84,1e-05,0.00222,-2e-05,0,-2e-05,0,0,0,0,0,0,0
32.86,1e-05,0.00209,-2e-05,0,-2e-05,0,0,0,0,0,0,0
32.88,1e-05,0.00183,-2e-05,-0,-2e-05,-0,0,0,0,-0,0,-0
32.9,1e-05,0.00152,-2e-05,-0,-2e-05,-0,0,0,0,-0,0,-0
32.92,1e-05,0.0012,-1e-05,-0,-1e-05,-0,0,0,0,-0,0,-0
32.94,1e-05,0.0009,-1e-05,-0,-1e-05,-0,0,0,0,-0,0,-0
32.96,1e-05,0.00063,-1e-05,-0,-1e-05,-0,0,0,0,-0,0,-0
32.98,0,0.00041,-0,-0,-0,-0,0,0,0,-0,0,-0
33,0,0.00023,-0,-0,-0,-0,0,0,0,-0,0,-0
33.02,0,0.0001,-0,-0,-0,-0,0,0,-0,-0,-0,-0
33.04,0,1e-05,-0,-0,-0,-0,0,0,-0,-0,-0,-0
33.06,0,0,0,-0,0,-0,0,0,-0,-0,-0,-0
33.08,0,0,0,-0,0,-0,0,0,-0,-0,-0,-0
33.1,-0,0,0,-0,0,-0,-0,0,-0,-0,-0,-0
33.12,-0,0,0,-0,0,-0,-0,0,-0,-0,-0,-0
33.14,-0,0,0,-0,0,-0,-0,0,-0,-0,-0,-0
33.16,-0,0,0,0,0,0,-0,0,-0,0,-0,0
33.18,-0,0,0,0,0,0,-0,0,-0,0,-0,0
33.2,-0,0,0,0,0,0,-0,0,-0,0,-0,0
33.22,-0,0,0,0,0,0,-0,0,-0,0,-0,0
33.24,-0,0,0,0,0,0,-0,0,-0,0,-0,0
33.26,-0,0,0,0,0,0,-0,0,-0,0,-0,0
33.28,-0,0,0,0,0,0,-0,0,-0,0,-0,0
33.3,-0,0,0,0,0,0,-0,0,0,0,0,0
33.32,-0,0,0,0,0,0,-0,0,0,0,0,0
33.34,-0,0,-0,0,-0,0,-0,0,0,0,0,0
33.36,-0,0,-0,0,-0,0,-0,0,0,0,0,0
33.38,0,0,-0,0,-0,0,0,0,0,0,0,0
33.4,0,0,-0,0,-0,0,0,0,0,0,0,0
33.42,0,0,-0,0,-0,0,0,0,0,0,0,0
33.44,0,0,-0,-0,-0,-0,0,0,0,-0,0,-0
33.46,0,0,-0,-0,-0,-0,0,0,0,-0,0,-0
33.48,0,0,-0,-0,-0,-0,0,0,0,-0,0,-0
33.5,0,0,-0,-0,-0,-0,0,0,0,-0,0,-0
33.52,0,0,-0,-0,-0,-0,0,0,0,-0,0,-0
33.54,0,0,-0,-0,-0,-0,0,0,0,-0,0,-0
33.56,0,0,-0,-0,-0,-0,0,0,0,-0,0,-0
33.58,0,0,-0,-0,-0,-0,0,0,-0,-0,-0,-0
33.6,0,0,0,-0,0,-0,0,0,-0,-0,-0,-0
33.62,0,0,0,-0,0,-0,0,0,-0,-0,-0,-0
33.64,0,0,0,-0,0,-0,0,0,-0,-0,-0,-0
33.66,-0,0,0,-0,0,-0,-0,0,-0,-0,-0,-0
33.68,-0,0,0,-0,0,-0,-0,0,-0,-0,-0,-0
33.7,-0,0,0,0,0,0,-0,0,-0,0,-0,0
33.72,-0,0,0,0,0,0,-0,0,-0,0,-0,0
33.74,-0,0,0,0,0,0,-0,0,-0,0,-0,0
33.76,-0,0,0,0,0,0,-0,0,-0,0,-0,0
33.78,-0,0,0,0,0,0,-0,0,-0,0,-0,0
33.8,-0,0,0,0,0,0,-0,0,-0,0,-0,0
33.82,-0,0,0,0,0,0,-0,0,-0,0,-0,0
33.84,-0,0,0,0,0,0,-0,0,-0,0,-0,0
33.86,-0,0,0,0,0,0,-0,0,0,0,0,0
33.88,-0,0,-0,0,-0,0,-0,0,0,0,0,0
33.9,-0,0,-0,0,-0,0,-0,0,0,0,0,0
33.92,0,0,-0,0,-0,0,-0,0,0,0,0,0
33.94,0,0,-0,0,-0,0,0,0,0,0,0,0
33.96,0,0,-0,0,-0,0,0,0,0,0,0,0
33.98,0,0,-0,-0,-0,-0,0,0,0,-0,0,-0
34,0,0,-0,-0,-0,-0,0,0,0,-0,0,-0
34.02,0,0,-0,-0,-0,-0,0,0,0,-0,0,-0
34.04,0,0,-0,-0,-0,-0,0,0,0,-0,0,-0
34.06,0,0,-0,-0,-0,-0,0,0,0,-0,0,-0
34.08,0,0,-0,-0,-0,-0,0,0,0,-0,0,-0
34.1,0,0,-0,-0,-0,-0,0,0,0,-0,0,-0
34.12,0,0,-0,-0,-0,-0,0,0,0,-0,0,-0
34.14,0,0,-0,-0,-0,-0,0,0,-0,-0,-0,-0
34.16,0,0,0,-0,0,-0,0,0,-0,-0,-0,-0
34.18,0,0,0,-0,0,-0,0,0,-0,-0,-0,-0
34.2,-0,0,0,-0,0,-0,0,0,-0,-0,-0,-0
34.22,-0,0,0,-0,0,-0,-0,0,-0,-0,-0,-0
34.24,-0,0,0,-0,0,-0,-0,0,-0,-0,-0,-0
34.26,-0,0,0,0,0,0,-0,0,-0,0,-0,0
34.28,-0,0,0,0,0,0,-0,0,-0,0,-0,0
34.3,-0,0,0,0,0,0,-0,0,-0,0,-0,0
34.32,-0,0,0,0,0,0,-0,0,-0,0,-0,0
34.34,-0,0,0,0,0,0,-0,0,-0,0,-0,0
34.36,-0,0,0,0,0,0,-0,0,-0,0,-0,0
34.38,-0,0,0,0,0,0,-0,0,-0,0,-0,0
34.4,-0,0,0,0,0,0,-0,0,-0,0,-0,0
34.42,-0,0,0,0,0,0,-0,0,0,0,0,0
34.44,-0,0,-0,0,-0,0,-0,0,0,0,0,0
34.46,-0,0,-0,0,-0,0,-0,0,0,0,0,0
34.48,0,0,-0,0,-0,0,-0,0,0,0,0,0
34.5,0,0,-0,0,-0,0,0,0,0,0,0,0
34.52,0,0,-0,0,-0,0,0,0,0,0,0,0
34.54,0,0,-0,-0,-0,-0,0,0,0,-0,0,-0
34.56,0,0,-0,-0,-0,-0,0,0,0,-0,0,-0
34.58,0,0,-0,-0,-0,-0,0,0,0,-0,0,-0
34.6,0,0,-0,-0,-0,-0,0,0,0,-0,0,-0
34.62,0,0,-0,-0,-0,-0,0,0,0,-0,0,-0
34.64,0,0,-0,-0,-0,-0,0,0,0,-0,0,-0
34.66,0,0,-0,-0,-0,-0,0,0,0,-0,0,-0
34.68,0,0,-0,-0,-0,-0,0,0,0,-0,0,-0
34.7,0,0,-0,-0,-0,-0,0,0,-0,-0,-0,-0
34.72,0,0,0,-0,0,-0,0,0,-0,-0,-0,-0
34.74,0,0,0,-0,0,-0,0,0,-0,-0,-0,-0
34.76,-0,0,0,-0,0,-0,-0,0,-0,-0,-0,-0
34.78,-0,0,0,-0,0,-0,-0,0,-0,-0,-0,-0
34.8,-0,0,0,-0,0,-0,-0,0,-0,-0,-0,-0
34.82,-0,0,0,0,0,0,-0,0,-0,0,-0,0
34.84,-0,0,0,0,0,0,-0,0,-0,0,-0,0
34.86,-0,0,0,0,0,0,-0,0,-0,0,-0,0
34.88,-0,0,0,0,0,0,-0,0,-0,0,-0,0
34.9,-0,0,0,0,0,0,-0,0,-0,0,-0,0
34.92,-0,0,0,0,0,0,-0,0,-0,0,-0,0
34.94,-0,0,0,0,0,0,-0,0,-0,0,-0,0
34.96,-0,0,0,0,0,0,-0,0,-0,0,-0,0
34.98,-0,0,0,0,0,0,-0,0,0,0,0,0
35,-0,0,-0,0,-0,0,-0,0,0,0,0,0
35.02,-0,0,-0,0,-0,0,-0,0,0,0,0,0
35.04,0,0,-0,0,-0,0,0,0,0,0,0,0
35.06,0,0,-0,0,-0,0,0,0,0,0,0,0
35.08,0,0,-0,0,-0,0,0,0,0,0,0,0
35.1,0,0,-0,-0,-0,-0,0,0,0,-0,0,-0
35.12,0,0,-0,-0,-0,-0,0,0,0,-0,0,-0
35.14,0,0,-0,-0,-0,-0,0,0,0,-0,0,-0
35.16,0,0,-0,-0,-0,-0,0,0,0,-0,0,-0
35.18,0,0,-0,-0,-0,-0,0,0,0,-0,0,-0
35.2,0,0,-0,-0,-0,-0,0,0,0,-0,0,-0
35.22,0,0,-0,-0,-0,-0,0,0,0,-0,0,-0
35.24,0,0,-0,-0,-0,-0,0,0,-0,-0,-0,-0
35.26,0,0,-0,-0,-0,-0,0,0,-0,-0,-0,-0
35.28,0,0,0,-0,0,-0,0,0,-0,-0,-0,-0
35.3,0,0,0,-0,0,-0,0,0,-0,-0,-0,-0
35.32,-0,0,0,-0,0,-0,-0,0,-0,-0,-0,-0
35.34,-0,0,0,-0,0,-0,-0,0,-0,-0,-0,-0
35.36,-0,0,0,-0,0,-0,-0,0,-0,-0,-0,-0
35.38,-0,0,0,0,0,0,-0,0,-0,0,-0,0
35.4,-0,0,0,0,0,0,-0,0,-0,0,-0,0
35.42,-0,0,0,0,0,0,-0,0,-0,0,-0,0
35.44,-0,0,0,0,0,0,-0,0,-0,0,-0,0
35.46,-0,0,0,0,0,0,-0,0,-0,0,-0,0
35.48,-0,0,0,0,0,0,-0,0,-0,0,-0,0
35.5,-0,0,0,0,0,0,-0,0,-0,0,-0,0
35.52,-0,0,0,0,0,0,-0,0,0,0,0,0
35.54,-0,0,0,0,0,0,-0,0,0,0,0,0
35.56,-0,0,-0,0,-0,0,-0,0,0,0,0,0
35.58,-0,0,-0,0,-0,0,-0,0,0,0,0,0
35.6,0,0,-0,0,-0,0,0,0,0,0,0,0
35.62,0,0,-0,0,-0,0,0,0,0,0,0,0
35.64,0,0,-0,0,-0,0,0,0,0,0,0,0
35.66,0,0,-0,-0,-0,-0,0,0,0,-0,0,-0
35.68,0,0,-0,-0,-0,-0,0,0,0,-0,0,-0
35.7,0,0,-0,-0,-0,-0,0,0,0,-0,0,-0
35.72,0,0,-0,-0,-0,-0,0,0,0,-0,0,-0
35.74,0,0,-0,-0,-0,-0,0,0,0,-0,0,-0
35.76,0,0,-0,-0,-0,-0,0,0,0,-0,0,-0
35.78,0,0,-0,-0,-0,-0,0,0,0,-0,0,-0
35.8,0,0,-0,-0,-0,-0,0,0,-0,-0,-0,-0
35.82,0,0,-0,-0,-0,-0,0,0,-0,-0,-0,-0
35.84,0,0,0,-0,0,-0,0,0,-0,-0,-0,-0
35.86,0,0,0,-0,0,-0,0,0,-0,-0,-0,-0
35.88,-0,0,0,-0,0,-0,-0,0,-0,-0,-0,-0
35.9,-0,0,0,-0,0,-0,-0,0,-0,-0,-0,-0
35.92,-0,0,0,-0,0,-0,-0,0,-0,-0,-0,-0
35.94,-0,0,0,0,0,0,-0,0,-0,0,-0,0
35.96,-0,0,0,0,0,0,-0,0,-0,0,-0,0
35.98,-0,0,0,0,0,0,-0,0,-0,0,-0,0
36,-0,0,0,0,0,0,-0,0,-0,0,-0,0
36.02,-0,0,0,0,0,0,-0,0,-0,0,-0,0
36.04,-0,0,0,0,0,0,-0,0,-0,0,-0,0
36.06,-0,0,0,0,0,0,-0,0,-0,0,-0,0
36.08,-0,0,0,0,0,0,-0,0,0,0,0,0
36.1,-0,0,0,0,0,0,-0,0,0,0,0,0
36.12,-0,0,-0,0,-0,0,-0,0,0,0,0,0
36.14,-0,0,-0,0,-0,0,-0,0,0,0,0,0
36.16,0,0,-0,0,-0,0,0,0,0,0,0,0
36.18,0,0,-0,0,-0,0,0,0,0,0,0,0
36.2,0,0,-0,0,-0,0,0,0,0,0,0,0
36.22,0,0,-0,-0,-0,-0,0,0,0,-0,0,-0
36.24,0,0,-0,-0,-0,-0,0,0,0,-0,0,-0
36.26,0,0,-0,-0,-0,-0,0,0,0,-0,0,-0
36.28,0,0,-0,-0,-0,-0,0,0,0,-0,0,-0
36.3,0,0,-0,-0,-0,-0,0,0,0,-0,0,-0
36.32,0,0,-0,-0,-0,-0,0,0,0,-0,0,-0
36.34,0,0,-0,-0,-0,-0,0,0,0,-0,0,-0
36.36,0,0,-0,-0,-0,-0,0,0,-0,-0,-0,-0
36.38,0,0,-0,-0,-0,-0,0,0,-0,-0,-0,-0
36.4,0,0,0,-0,0,-0,0,0,-0,-0,-0,-0
36.42,0,0,0,-0,0,-0,0,0,-0,-0,-0,-0
36.44,-0,0,0,-0,0,-0,-0,0,-0,-0,-0,-0
36.46,-0,0,0,-0,0,-0,-0,0,-0,-0,-0,-0
36.48,-0,0,0,-0,0,-0,-0,0,-0,-0,-0,-0
36.5,-0,0,0,0,0,0,-0,0,-0,0,-0,0
36.52,-0,0,0,0,0,0,-0,0,-0,0,-0,0
36.54,-0,0,0,0,0,0,-0,0,-0,0,-0,0
36.56,-0,0,0,0,0,0,-0,0,-0,0,-0,0
36.58,-0,0,0,0,0,0,-0,0,-0,0,-0,0
36.6,-0,0,0,0,0,0,-0,0,-0,0,-0,0
36.62,-0,0,0,0,0,0,-0,0,-0,0,-0,0
36.64,-0,0,0,0,0,0,-0,0,0,0,0,0
36.66,-0,0,-0,0,-0,0,-0,0,0,0,0,0
36.68,-0,0,-0,0,-0,0,-0,0,0,0,0,0
36.7,-0,0,-0,0,-0,0,-0,0,0,0,0,0
36.72,0,0,-0,0,-0,0,0,0,0,0,0,0
36.74,0,0,-0,0,-0,0,0,0,0,0,0,0
36.76,0,0,-0,-0,-0,-0,0,0,0,-0,0,-0
36.78,0,0,-0,-0,-0,-0,0,0,0,-0,0,-0
36.8,0,0,-0,-0,-0,-0,0,0,0,-0,0,-0
36.82,0,0,-0,-0,-0,-0,0,0,0,-0,0,-0
36.84,0,0,-0,-0,-0,-0,0,0,0,-0,0,-0
36.86,0,0,-0,-0,-0,-0,0,0,0,-0,0,-0
36.88,0,0,-0,-0,-0,-0,0,0,0,-0,0,-0
36.9,0,0,-0,-0,-0,-0,0,0,0,-0,0,-0
36.92,0,0,-0,-0,-0,-0,0,0,-0,-0,-0,-0
36.94,0,0,0,-0,0,-0,0,0,-0,-0,-0,-0
36.96,0,0,0,-0,0,-0,0,0,-0,-0,-0,-0
36.98,0,0,0,-0,0,-0,0,0,-0,-0,-0,-0
37,0,0,0,-0,0,-0,-0,0,-0,-0,-0,-0
37.02,0,0,0,-0,0,-0,-0,0,-0,-0,-0,-0
37.04,0,0,0,0,0,0,-0,0,-0,0,-0,0
37.06,0,0,0,0,0,0,-0,0,-0,0,-0,0
37.08,0,0,0,0,0,0,-0,0,-0,0,-0,0
37.1,0,0,0,0,0,0,-0,0,-0,0,-0,0
37.12,0,0,0,0,0,0,-0,0,-0,0,-0,0
37.14,-0,0,0,0,0,0,-0,0,-0,0,-0,0
37.16,-0,0,-0,0,-0,0,-0,0,-0,0,-0,0
37.18,-0,0,-0,0,-0,0,-0,0,-0,0,-0,0
37.2,-0,0,-0,0,-0,0,-0,0,0,0,0,0
37.22,-0,0,-0,0,-0,0,-0,0,0,0,0,0
37.24,-0,0,-0,0,-0,0,-0,0,0,0,0,0
37.26,-0,0,-0,0,-0,0,-0,0,0,0,0,0
37.28,-0,0,-0,0,-0,0,0,0,0,0,0,0
37.3,-0,0,-0,0,-0,0,0,0,0,0,0,0
37.32,-0,0,-0,-0,-0,-0,0,0,0,-0,0,-0
37.34,-0,0,-0,-0,-0,-0,0,0,0,-0,0,-0
37.36,-0,0,-0,-0,-0,-0,0,0,0,-0,0,-0
37.38,-0,0,-0,-0,-0,-0,0,0,0,-0,0,-0
37.4,-0,0,-0,-0,-0,-0,0,0,0,-0,0,-0
37.42,0,0,-0,-0,-0,-0,0,0,0,-0,0,-0
37.44,0,0,0,-0,0,-0,0,0,0,-0,0,-0
37.46,0,0,0,-0,0,-0,0,0,0,-0,0,-0
37.48,0,0,0,-0,0,-0,0,0,-0,-0,-0,-0
37.5,0,0,0,-0,0,-0,0,0,-0,-0,-0,-0
37.52,0,0,0,-0,0,-0,0,0,-0,-0,-0,-0
37.54,0,0,0,-0,0,-0,0,0,-0,-0,-0,-0
37.56,0,0,0,-0,0,-0,-0,0,-0,-0,-0,-0
37.58,0,0,0,-0,0,-0,-0,0,-0,-0,-0,-0
37.6,0,0,0,0,0,0,-0,0,-0,0,-0,0
37.62,0,0,0,0,0,0,-0,0,-0,0,-0,0
37.64,0,0,0,0,0,0,-0,0,-0,0,-0,0
37.66,0,0,0,0,0,0,-0,0,-0,0,-0,0
37.68,0,0,0,0,0,0,-0,0,-0,0,-0,0
37.7,-0,0,-0,0,-0,0,-0,0,-0,0,-0,0
37.72,-0,0,-0,0,-0,0,-0,0,-0,0,-0,0
37.74,-0,0,-0,0,-0,0,-0,0,-0,0,-0,0
37.76,-0,0,-0,0,-0,0,-0,0,0,0,0,0
37.78,-0,0,-0,0,-0,0,-0,0,0,0,0,0
37.8,-0,0,-0,0,-0,0,-0,0,0,0,0,0
37.82,-0,0,-0,0,-0,0,0,0,0,0,0,0
37.84,-0,0,-0,0,-0,0,0,0,0,0,0,0
37.86,-0,0,-0,0,-0,0,0,0,0,0,0,0
37.88,-0,0,-0,-0,-0,-0,0,0,0,-0,0,-0
37.9,-0,0,-0,-0,-0,-0,0,0,0,-0,0,-0
37.92,-0,0,-0,-0,-0,-0,0,0,0,-0,0,-0
37.94,-0,0,-0,-0,-0,-0,0,0,0,-0,0,-0
37.96,-0,0,-0,-0,-0,-0,0,0,0,-0,0,-0
37.98,0,0,0,-0,0,-0,0,0,0,-0,0,-0
38,0,0,0,-0,0,-0,0,0,0,-0,0,-0
38.02,0,0,0,-0,0,-0,0,0,0,-0,0,-0
38.04,0,0,0,-0,0,-0,0,0,-0,-0,-0,-0
38.06,0,0,0,-0,0,-0,0,0,-0,-0,-0,-0
38.08,0,0,0,-0,0,-0,0,0,-0,-0,-0,-0
38.1,0,0,0,-0,0,-0,-0,0,-0,-0,-0,-0
38.12,0,0,0,-0,0,-0,-0,0,-0,-0,-0,-0
38.14,0,0,0,-0,0,-0,-0,0,-0,-0,-0,-0
38.16,0,0,0,0,0,0,-0,0,-0,0,-0,0
38.18,0,0,0,0,0,0,-0,0,-0,0,-0,0
38.2,0,0,0,0,0,0,-0,0,-0,0,-0,0
38.22,0,0,0,0,0,0,-0,0,-0,0,-0,0
38.24,0,0,0,0,0,0,-0,0,-0,0,-0,0
38.26,-0,0,-0,0,-0,0,-0,0,-0,0,-0,0
38.28,-0,0,-0,0,-0,0,-0,0,-0,0,-0,0
38.3,-0,0,-0,0,-0,0,-0,0,0,0,0,0
38.32,-0,0,-0,0,-0,0,-0,0,0,0,0,0
38.34,-0,0,-0,0,-0,0,-0,0,0,0,0,0
38.36,-0,0,-0,0,-0,0,-0,0,0,0,0,0
38.38,-0,0,-0,0,-0,0,0,0,0,0,0,0
38.4,-0,0,-0,0,-0,0,0,0,0,0,0,0
38.42,-0,0,-0,0,-0,0,0,0,0,0,0,0
38.44,-0,0,-0,-0,-0,-0,0,0,0,-0,0,-0
38.46,-0,0,-0,-0,-0,-0,0,0,0,-0,0,-0
38.48,-0,0,-0,-0,-0,-0,0,0,0,-0,0,-0
38.5,-0,0,-0,-0,-0,-0,0,0,0,-0,0,-0
38.52,-0,0,-0,-0,-0,-0,0,0,0,-0,0,-0
38.54,0,0,0,-0,0,-0,0,0,0,-0,0,-0
38.56,0,0,0,-0,0,-0,0,0,0,-0,0,-0
38.58,0,0,0,-0,0,-0,0,0,-0,-0,-0,-0
38.6,0,0,0,-0,0,-0,0,0,-0,-0,-0,-0
38.62,0,0,0,-0,0,-0,0,0,-0,-0,-0,-0
38.64,0,0,0,-0,0,-0,0,0,-0,-0,-0,-0
38.66,0,0,0,-0,0,-0,-0,0,-0,-0,-0,-0
38.68,0,0,0,-0,0,-0,-0,0,-0,-0,-0,-0
38.7,0,0,0,-0,0,-0,-0,0,-0,-0,-0,-0
38.72,0,0,0,0,0,0,-0,0,-0,0,-0,0
38.74,0,0,0,0,0,0,-0,0,-0,0,-0,0
38.76,0,0,0,0,0,0,-0,0,-0,0,-0,0
38.78,0,0,0,0,0,0,-0,0,-0,0,-0,0
38.8,0,0,0,0,0,0,-0,0,-0,0,-0,0
38.82,-0,0,-0,0,-0,0,-0,0,-0,0,-0,0
38.84,-0,0,-0,0,-0,0,-0,0,-0,0,-0,0
38.86,-0,0,-0,0,-0,0,-0,2e-05,0,0,0,0
38.88,-0,0,-0,0,-0,0,-0,0.00011,0,0,0,0
38.9,-0,0,-0,0,-0,0,-0,0.00025,0,0,0,0
38.92,-0,0,-0,0,-0,0,-0,0.00044,0,0,0,0
38.94,-0,0,-0,0,-0,0,0,0.00067,1e-05,0,1e-05,0
38.96,-0,0,-0,0,-0,0,0,0.00095,1e-05,0,1e-05,0
38.98,-0,0,-0,0,-0,0,0,0.00126,1e-05,0,1e-05,0
39,-0,0,-0,-0,-0,-0,1e-05,0.0016,2e-05,-0,2e-05,-0
39.02,-0,0,-0,-0,-0,-0,1e-05,0.00192,2e-05,-0,2e-05,-0
39.04,-0,0,-0,-0,-0,-0,1e-05,0.00218,2e-05,-0,2e-05,-0
39.06,-0,0,-0,-0,-0,-0,1e-05,0.00231,2e-05,-0,2e-05,-0
39.08,-0,0,-0,-0,-0,-0,2e-05,0.00223,2e-05,-0,2e-05,-0
39.1,0,0,0,-0,0,-0,2e-05,0.00182,2e-05,-0,2e-05,-0
39.12,0,0,0,-0,0,-0,2e-05,0.00096,1e-05,-0,1e-05,-0
39.14,0,0,0,-0,0,-0,3e-05,0,-1e-05,-0,-1e-05,-0
39.16,0,0,0,-0,0,-0,2e-05,0,-3e-05,-0,-3e-05,-0
39.18,0,0,0,-0,0,-0,2e-05,0,-6e-05,-0,-6e-05,-0
39.2,0,0,0,-0,0,-0,1e-05,0,-0.0001,-0,-0.0001,-0
39.22,0,0,0,-0,0,-0,-1e-05,0,-0.00016,-0,-0.00016,-0
39.24,0,0,0,-0,0,-0,-3e-05,0,-0.00022,-0,-0.00022,-0
39.26,0,0,0,-0,0,-0,-7e-05,0,-0.00029,-0,-0.00029,-0
39.28,0,0,0,0,0,0,-0.00012,0,-0.00037,0,-0.00037,0
39.3,0,0,0,0,0,0,-0.00018,0,-0.00044,0,-0.00044,0
39.32,0,0,0,0,0,0,-0.00025,0,-0.0005,0,-0.0005,0
39.34,0,0,0,0,0,0,-0.00032,0,-0.00052,0,-0.00052,0
39.36,0,0,0,0,0,0,-0.00041,0,-0.0005,0,-0.0005,0
39.38,-0,0,-0,0,-0,0,-0.00048,0,-0.0004,0,-0.0004,0
39.4,-0,0,-0,0,-0,0,-0.00054,0,-0.00019,0,-0.00019,0
39.42,-0,0,-0,0,-0,0,-0.00056,0.01486,0.00015,0,0.00015,0
39.44,-0,0,-0,0,-0,0,-0.00052,0.0654,0.00067,0,0.00067,0
39.46,-0,0,-0,0,-0,0,-0.0004,0.13602,0.00139,0,0.00139,0
39.48,-0,0,-0,0,-0,0,-0.00016,0.22908,0.00234,0,0.00234,0
39.5,-0,0,-0,0,-0,0,0.00024,0.3455,0.00354,0,0.00354,0
39.52,-0,0,-0,0,-0,0,0.00082,0.48374,0.00495,0,0.00495,0
39.54,-0,0,-0,0,-0,0,0.00164,0.63869,0.00654,0,0.00654,0
39.56,-0,0,-0,-0,-0,-0,0.0027,0.80029,0.0082,-0,0.0082,-0
39.58,-0,0,-0,-0,-0,-0,0.00402,0.95201,0.00975,-0,0.00975,-0
39.6,-0,0,-0,-0,-0,-0,0.00557,1.06934,0.01096,-0,0.01096,-0
39.62,-0,0,-0,-0,-0,-0,0.00729,1.11834,0.01147,-0,0.01147,-0
39.64,-0,0,-0,-0,-0,-0,0.00906,1.05466,0.01082,-0,0.01082,-0
39.66,0,0,0,-0,0,-0,0.01069,0.82326,0.00846,-0,0.00846,-0
39.68,0,0,0,-0,0,-0,0.01188,0.35935,0.00371,-0,0.00371,-0
39.7,0,0,0,-0,0,-0,0.01226,0,-0.00415,-0,-0.00415,-0
39.72,0,0,0,-0,0,-0,0.01132,0,-0.01588,-0,-0.01588,-0
39.74,0,0,0,-0,0,-0,0.00842,0,-0.03219,-0,-0.03219,-0
39.76,0,0,0,-0,0,-0,0.00286,0,-0.05359,-0,-0.05359,-0
39.78,0,0,0,-0,0,-0,-0.00617,0,-0.08024,-0,-0.08024,-0
39.8,0,0,0,-0,0,-0,-0.01949,0,-0.11175,-0,-0.11175,-0
39.82,0,0,0,0,0,0,-0.0378,0,-0.14688,0,-0.14688,0
39.84,0,0,0,0,0,0,-0.06163,0,-0.18325,0,-0.18325,0
39.86,0,0,0,0,0,0,-0.09106,0,-0.21701,0,-0.21701,0
39.88,0,0,0,0,0,0,-0.12553,0,-0.24247,0,-0.24247,0
39.9,0,0,0,0,0,0,-0.16357,0,-0.25179,0,-0.25179,0
39.92,0,0,0,0,0,0,-0.20239,0,-0.23479,0,-0.23479,0
39.94,-0,0,-0,0,-0,0,-0.23756,0,-0.17887,0,-0.17887,0
39.96,-0,0,-0,0,-0,0,-0.26265,0,-0.06927,0,-0.06927,0
39.98,-0,0,-0,0,-0,0,-0.26887,10.86372,0.11029,0,0.11029,0
40,-0,0,-0,0,-0,0,-0.24489,36.86913,0.37644,0,0.37644,0
40.02,-0,0,-0,0,-0,0,-0.17682,72.79886,0.74428,0,0.74428,0
40.04,-0,0,-0,0,-0,0,-0.04854,119.70222,1.22459,0,1.22459,0
40.06,-0,0,-0,0,-0,0,0.15755,177.8408,1.8201,0,1.8201,0
40.08,-0,0,-0,0,-0,0,0.45915,246.21517,2.52065,0,2.52065,0
40.1,-0,0,-0,-0,-0,-0,0.87191,321.98494,3.29723,-0,3.29723,-0
40.12,-0,0,-0,-0,-0,-0,1.40489,400.22513,4.09947,-0,4.09947,-0
40.14,-0,0,-0,-0,-0,-0,2.05191,474.90899,4.86574,-0,4.86574,-0
40.16,-0,0,-0,-0,-0,-0,2.78314,540.73152,5.54172,-0,5.54172,-0
40.18,-0,0,-0,-0,-0,-0,3.54551,594.10446,6.09067,-0,6.09067,-0
40.2,-0,0,-0,-0,-0,-0,4.27269,632.94082,6.49111,-0,6.49111,-0
40.22,0,0,0,-0,0,-0,4.89897,656.12635,6.7315,-0,6.7315,-0
40.24,0,0,0,-0,0,-0,5.37072,663.13162,6.80621,-0,6.80621,-0
40.26,0,0,0,-0,0,-0,5.65167,653.77771,6.71313,-0,6.71313,-0
40.28,0,0,0,-0,0,-0,5.72229,628.16205,6.45296,-0,6.45296,-0
40.3,0,0,0,-0,0,-0,5.57765,586.7464,6.03013,-0,6.03013,-0
40.32,0,0,0,-0,0,-0,5.22679,530.60574,5.45539,-0,5.45539,-0
40.34,0,0,0,-0,0,-0,4.69408,461.83204,4.75,-0,4.75,-0
40.36,0,0,0,-0,0,-0,4.02265,384.08036,3.95144,-0,3.95144,-0
40.38,0,0,0,0,0,0,3.27515,302.80796,3.11589,0,3.11589,0
40.4,0,0,0,0,0,0,2.52253,224.31768,2.30837,0,2.30837,0
40.42,0,0,0,0,0,0,1.82483,153.98349,1.58443,0,1.58443,0
40.44,0,0,0,0,0,0,1.22085,95.30742,0.98037,0,0.98037,0
40.46,0,0,0,0,0,0,0.73054,50.18345,0.51594,0,0.51594,0
40.48,0,0,0,0,0,0,0.361,19.47834,0.20032,0,0.20032,0
40.5,-0,0,-0,0,-0,0,0.11136,3.48138,0.03677,0,0.03677,0
40.52,-0,0,-0,0,-0,0,-0.02346,2.21182,0.02575,0,0.02575,0
40.54,-0,0,-0,0,-0,0,-0.05027,15.57982,0.16658,0,0.16658,0
40.56,-0,0,-0,0,-0,0,0.02385,43.39963,0.45756,0,0.45756,0
40.58,-0,0,-0,0,-0,0,0.19177,85.25602,0.89458,0,0.89458,0
40.6,-0,0,-0,0,-0,0,0.44569,140.22644,1.46817,0,1.46817,0
40.62,-0,0,-0,0,-0,0,0.77543,206.46449,2.15917,0,2.15917,0
40.64,-0,0,-0,0,-0,0,1.16595,280.65608,2.93306,0,2.93306,0
40.66,-0,0,-0,-0,-0,-0,1.59559,357.79116,3.73758,-0,3.73758,-0
40.68,-0,0,-0,-0,-0,-0,2.03843,432.1286,4.51282,-0,4.51282,-0
40.7,-0,0,-0,-0,-0,-0,2.46987,498.97835,5.20982,-0,5.20982,-0
40.72,-0,0,-0,-0,-0,-0,2.87021,555.66361,5.80066,-0,5.80066,-0
40.74,-0,0,-0,-0,-0,-0,3.22467,601.28382,6.27594,-0,6.27594,-0
40.76,0,0,0,-0,0,-0,3.52251,636.14968,6.63893,-0,6.63893,-0
40.78,0,0,0,-0,0,-0,3.75656,661.32361,6.90073,-0,6.90073,-0
40.8,0,0,0,-0,0,-0,3.92298,678.26478,7.07662,-0,7.07662,-0
40.82,0,0,0,-0,0,-0,4.02116,688.56965,7.18326,-0,7.18326,-0
40.84,0,0,0,-0,0,-0,4.05366,693.79462,7.23694,-0,7.23694,-0
40.86,0,0,0,-0,0,-0,4.02601,695.34572,7.25233,-0,7.25233,-0
40.88,0,0,0,-0,0,-0,3.94656,694.41985,7.24192,-0,7.24192,-0
40.9,0,0,0,-0,0,-0,3.82606,691.98414,7.21581,-0,7.21581,-0
40.92,0,0,0,-0,0,-0,3.67726,688.78107,7.18173,-0,7.18173,-0
40.94,0,0,0,0,0,0,3.51431,685.34994,7.14527,0,7.14527,0
40.96,0,0,0,0,0,0,3.35212,682.05691,7.11022,0,7.11022,0
40.98,0,0,0,0,0,0,3.20567,679.12815,7.07889,0,7.07889,0
41,0,0,0,0,0,0,3.08922,676.6823,7.05247,0,7.05247,0
41.02,0,0,0,0,0,0,3.01558,674.75985,7.03132,0,7.03132,0
41.04,-0,1e-05,-0,0,-0,0,2.99539,673.34814,7.01526,0,7.01526,0
41.06,-0,0.0001,-0,0,-0,0,3.03646,672.40149,7.00376,0,7.00376,0
41.08,-0,0.00023,-0,0,-0,0,3.14325,671.85666,6.99611,0,6.99611,0
41.1,-0,0.00041,-0,0,-0,0,3.31649,671.64395,6.99156,0,6.99156,0
41.12,-1e-05,0.00063,-1e-05,0,-1e-05,0,3.55298,671.69473,6.98936,0,6.98936,0
41.14,-1e-05,0.0009,-1e-05,0,-1e-05,0,3.84565,671.94598,6.98886,0,6.98886,0
41.16,-1e-05,0.0012,-1e-05,0,-1e-05,0,4.1838,672.34269,6.98948,0,6.98948,0
41.18,-2e-05,0.00152,-2e-05,0,-2e-05,0,4.55371,672.83856,6.99077,0,6.99077,0
41.2,-2e-05,0.00183,-2e-05,0,-2e-05,0,4.93946,673.39579,6.99237,0,6.99237,0
41.22,-2e-05,0.00209,-2e-05,-0,-2e-05,-0,5.324,673.98416,6.99401,-0,6.99401,-0
41.24,-2e-05,0.00222,-2e-05,-0,-2e-05,-0,5.6906,674.57993,6.9955,-0,6.9955,-0
41.26,-2e-05,0.00216,-2e-05,-0,-2e-05,-0,6.02437,675.16465,6.99672,-0,6.99672,-0
41.28,-2e-05,0.00179,-2e-05,-0,-2e-05,-0,6.31405,675.7242,6.99758,-0,6.99758,-0
41.3,-1e-05,0.00098,-1e-05,-0,-1e-05,-0,6.55344,676.24796,6.99804,-0,6.99804,-0
41.32,0,0,0,-0,0,-0,6.74182,676.72834,6.99807,-0,6.99807,-0
41.34,3e-05,0,3e-05,-0,3e-05,-0,6.88295,677.16066,6.99768,-0,6.99768,-0
41.36,6e-05,0,6e-05,-0,6e-05,-0,6.98341,677.54329,6.99689,-0,6.99689,-0
41.38,0.0001,0,0.0001,-0,0.0001,-0,7.05118,677.87813,6.99574,-0,6.99574,-0
41.4,0.00015,0,0.00015,-0,0.00015,-0,7.09456,678.17142,6.99432,-0,6.99432,-0
41.42,0.00021,0,0.00021,-0,0.00021,-0,7.12147,678.43472,6.99276,-0,6.99276,-0
41.44,0.00027,0,0.00027,-0,0.00027,-0,7.13895,678.68609,6.99123,-0,6.99123,-0
41.46,0.00035,0,0.00035,-0,0.00035,-0,7.15287,678.95129,6.99,-0,6.99,-0
41.48,0.00042,0,0.00042,-0,0.00042,-0,7.16771,679.2649,6.9894,-0,6.9894,-0
41.5,0.00047,0,0.00047,0,0.00047,0,7.18643,679.67111,6.98987,0,6.98987,0
41.52,0.0005,0,0.0005,0,0.0005,0,7.21025,680.22382,6.99197,0,6.99197,0
41.54,0.00048,0,0.00048,0,0.00048,0,7.23853,680.98578,6.99631,0,6.99631,0
41.56,0.00039,0,0.00039,0,0.00039,0,7.26845,682.02612,7.00361,0,7.00361,0
41.58,0.0002,0,0.0002,0,0.0002,0,7.29481,683.41568,7.01459,0,7.01459,0
41.6,-0.00013,0.01202,-0.00012,0,-0.00012,0,7.30972,685.21953,7.02993,0,7.02993,0
41.62,-0.00061,0.05959,-0.00061,0,-0.00061,0,7.30237,687.48593,7.05013,0,7.05013,0
41.64,-0.00129,0.12631,-0.00129,0,-0.00129,0,7.25896,690.2311,7.07536,0,7.07536,0
41.66,-0.00219,0.21451,-0.00219,0,-0.00219,0,7.16282,693.41933,7.10528,0,7.10528,0
41.68,-0.00332,0.32516,-0.00332,0,-0.00332,0,6.99494,696.93844,7.13874,0,7.13874,0
41.7,-0.00466,0.45696,-0.00467,0,-0.00467,0,6.73504,700.57095,7.17355,0,7.17355,0
41.72,-0.00617,0.60523,-0.00618,0,-0.00618,0,6.36335,703.96228,7.20608,0,7.20608,0
41.74,-0.00775,0.7606,-0.00776,0,-0.00776,0,5.86332,706.5883,7.23098,0,7.23098,0
41.76,-0.00925,0.90758,-0.00926,0,-0.00926,0,5.22546,707.72598,7.24088,0,7.24088,0
41.78,-0.01042,1.02308,-0.01044,-0,-0.01044,-0,4.45198,706.4325,7.22614,-0,7.22614,-0
41.8,-0.01094,1.07503,-0.01097,-0,-0.01097,-0,3.56064,701.54037,7.17482,-0,7.17482,-0
41.82,-0.01039,1.02136,-0.01041,-0,-0.01041,-0,2.58561,691.67778,7.0729,-0,7.0729,-0
41.84,-0.00822,0.80975,-0.00825,-0,-0.00825,-0,1.57491,675.32615,6.90485,-0,6.90485,-0
41.86,-0.00381,0.37839,-0.00384,-0,-0.00384,-0,0.58605,650.92814,6.65475,-0,6.65475,-0
41.88,0.00355,0,0.00351,-0,0.00351,-0,-0.31924,617.06092,6.30804,-0,6.30804,-0
41.9,0.01457,0,0.01454,-0,0.01454,-0,-1.08105,572.68964,5.85411,-0,5.85411,-0
41.92,0.02993,0,0.02991,-0,0.02991,-0,-1.64892,517.51379,5.28986,-0,5.28986,-0
41.94,0.05014,0,0.05013,-0,0.05013,-0,-1.99127,452.41547,4.62429,-0,4.62429,-0
41.96,0.07536,0,0.07537,-0,0.07537,-0,-2.10666,380.01007,3.88411,-0,3.88411,-0
41.98,0.10524,0,0.1053,-0,0.1053,-0,-2.02971,304.85727,3.11589,-0,3.11589,-0
42,0.13865,0,0.13877,-0,0.13877,-0,-1.82012,232.44385,2.37571,-0,2.37571,-0
42.02,0.17339,0,0.17358,-0,0.17358,-0,-1.53949,167.32837,1.71014,-0,1.71014,-0
42.04,0.20582,0,0.20611,-0,0.20611,-0,-1.23583,112.12439,1.1459,-0,1.1459,-0
42.06,0.23062,0,0.23102,0,0.23102,0,-0.9418,67.71189,0.69196,0,0.69196,0
42.08,0.24039,0,0.24092,0,0.24092,0,-0.67757,33.78834,0.34524,0,0.34524,0
42.1,0.22552,0,0.22617,0,0.22617,0,-0.45367,9.31708,0.09514,0,0.09514,0
42.12,0.17409,0,0.17485,0,0.17485,0,-0.27362,0,-0.07291,0,-0.07291,0
42.14,0.07208,0,0.07293,0,0.07293,0,-0.13617,0,-0.17483,0,-0.17483,0
42.16,-0.09599,9.26966,-0.09512,0,-0.09512,0,-0.03708,0,-0.22615,0,-0.22615,0
42.18,-0.34602,33.76525,-0.34523,0,-0.34523,0,0.02945,0,-0.2409,0,-0.2409,0
42.2,-0.69254,67.72963,-0.69197,0,-0.69197,0,0.06976,0,-0.231,0,-0.231,0
42.22,-1.14608,112.20357,-1.14592,0,-1.14592,0,0.09,0,-0.2061,0,-0.2061,0
42.24,-1.7097,167.49343,-1.71019,0,-1.71019,0,0.09576,0,-0.17357,0,-0.17357,0
42.26,-2.37434,232.72213,-2.3758,0,-2.3758,0,0.09176,0,-0.13877,0,-0.13877,0
42.28,-3.11325,305.27725,-3.11604,0,-3.11604,0,0.08182,0,-0.1053,0,-0.1053,0
42.3,-3.87981,380.59875,-3.88432,0,-3.88432,0,0.06887,0,-0.07537,0,-0.07537,0
42.32,-4.61796,453.19609,-4.62457,0,-4.62457,0,0.05504,0,-0.05012,0,-0.05012,0
42.34,-5.28113,518.50482,-5.29021,-0,-5.29021,-0,0.04174,0,-0.02991,-0,-0.02991,-0
42.36,-5.84274,573.9048,-5.85452,-0,-5.85452,-0,0.02986,0,-0.01454,-0,-0.01454,-0
42.38,-6.29399,618.5096,-6.30851,-0,-6.30851,-0,0.01984,0,-0.00351,-0,-0.00351,-0
42.4,-6.63829,652.61576,-6.65525,-0,-6.65525,-0,0.01182,0.37566,0.00384,-0,0.00384,-0
42.42,-6.88668,677.25453,-6.90534,-0,-6.90534,-0,0.00573,0.80693,0.00825,-0,0.00825,-0
42.44,-7.05433,693.84528,-7.07329,-0,-7.07329,-0,0.00136,1.0187,0.01041,-0,0.01041,-0
42.46,-7.15795,703.94208,-7.17502,-0,-7.17502,-0,-0.00155,1.07269,0.01096,-0,0.01096,-0
42.48,-7.21405,709.06038,-7.22602,-0,-7.22602,-0,-0.00329,1.02114,0.01044,-0,0.01044,-0
42.5,-7.23776,710.56907,-7.24029,-0,-7.24029,-0,-0.00414,0.90604,0.00926,-0,0.00926,-0
42.52,-7.24223,709.6332,-7.22971,-0,-7.22971,-0,-0.00436,0.75944,0.00776,-0,0.00776,-0
42.54,-7.23832,707.1939,-7.20391,-0,-7.20391,-0,-0.00415,0.60441,0.00618,-0,0.00618,-0
42.56,-7.23448,703.97392,-7.17025,-0,-7.17025,-0,-0.00368,0.45643,0.00466,-0,0.00466,-0
42.58,-7.23679,700.4993,-7.1341,-0,-7.1341,-0,-0.00308,0.32485,0.00332,-0,0.00332,-0
42.6,-7.2489,697.12972,-7.09912,-0,-7.09912,-0,-0.00245,0.21437,0.00219,-0,0.00219,-0
42.62,-7.27207,694.09224,-7.06761,0,-7.06761,0,-0.00185,0.12629,0.00129,0,0.00129,0
42.64,-7.30496,691.5145,-7.04086,0,-7.04086,0,-0.00132,0.05965,0.00061,0,0.00061,0
42.66,-7.34347,689.45509,-7.01947,0,-7.01947,0,-0.00087,0.01213,0.00012,0,0.00012,0
42.68,-7.38039,687.92954,-7.00357,0,-7.00357,0,-0.00051,0,-0.0002,0,-0.0002,0
42.7,-7.40508,686.9313,-6.9931,0,-6.99309,0,-0.00024,0,-0.00039,0,-0.00039,0
42.72,-7.40312,686.44739,-6.98791,0,-6.98791,0,-5e-05,0,-0.00048,0,-0.00048,0
42.74,-7.35613,686.46882,-6.98791,0,-6.98791,0,8e-05,0,-0.0005,0,-0.0005,0
42.76,-7.24195,686.99568,-6.9931,0,-6.99309,0,0.00015,0,-0.00047,0,-0.00047,0
42.78,-7.03511,688.03718,-7.00357,0,-7.00357,0,0.00019,0,-0.00042,0,-0.00042,0
42.8,-6.70824,689.6065,-7.01947,0,-7.01947,0,0.0002,0,-0.00035,0,-0.00035,0
42.82,-6.23416,691.71039,-7.04086,0,-7.04086,0,0.00019,0,-0.00027,0,-0.00027,0
42.84,-5.5894,694.33346,-7.06761,0,-7.06761,0,0.00017,0,-0.00021,0,-0.00021,0
42.86,-4.75905,697.41726,-7.09912,0,-7.09912,0,0.00014,0,-0.00015,0,-0.00015,0
42.88,-3.7429,700.83414,-7.1341,0,-7.1341,0,0.00011,0,-0.0001,0,-0.0001,0
42.9,-2.56085,704.35693,-7.17025,-0,-7.17025,-0,8e-05,0,-6e-05,-0,-6e-05,-0
42.92,-1.2545,707.62559,-7.20391,-0,-7.20391,-0,6e-05,0,-3e-05,-0,-3e-05,-0
42.94,0.11639,710.11342,-7.22971,-0,-7.22971,-0,4e-05,0,-0,-0,-0,-0
42.96,1.48029,711.09659,-7.24029,-0,-7.24029,-0,2e-05,0.00098,1e-05,-0,1e-05,-0
42.98,2.76149,709.63245,-7.22602,-0,-7.22602,-0,1e-05,0.00178,2e-05,-0,2e-05,-0
43,3.88872,704.55396,-7.17502,-0,-7.17502,-0,0,0.00215,2e-05,-0,2e-05,-0
43.02,4.8044,694.48984,-7.07329,-0,-7.07329,-0,-0,0.00222,2e-05,-0,2e-05,-0
43.04,5.47104,677.92189,-6.90534,-0,-6.90534,-0,-1e-05,0.00208,2e-05,-0,2e-05,-0
43.06,5.87145,653.29321,-6.65525,-0,-6.65525,-0,-1e-05,0.00183,2e-05,-0,2e-05,-0
43.08,6.00487,619.1817,-6.30851,-0,-6.30851,-0,-1e-05,0.00152,2e-05,-0,2e-05,-0
43.1,5.88322,574.55397,-5.85452,-0,-5.85452,-0,-1e-05,0.0012,1e-05,-0,1e-05,-0
43.12,5.52975,519.11235,-5.29021,-0,-5.29021,-0,-1e-05,0.00089,1e-05,-0,1e-05,-0
43.14,4.98009,453.74389,-4.62457,-0,-4.62457,-0,-1e-05,0.00063,1e-05,-0,1e-05,-0
43.16,4.28566,381.07189,-3.88432,0,-3.88432,0,-0,0.00041,0,0,0,0
43.18,3.51453,305.66697,-3.11604,0,-3.11604,0,-0,0.00023,0,0,0,0
43.2,2.74046,233.02743,-2.3758,0,-2.3758,0,-0,0.0001,0,0,0,0
43.22,2.02385,167.72004,-1.71019,0,-1.71019,0,-0,1e-05,0,0,0,0
43.24,1.40167,112.36152,-1.14592,0,-1.14592,0,-0,0,-0,0,-0,0
43.26,0.89003,67.83086,-0.69197,0,-0.69197,0,-0,0,-0,0,-0,0
43.28,0.4904,33.82196,-0.34523,0,-0.34523,0,-0,0,-0,0,-0,0
43.3,0.19469,9.29327,-0.09512,0,-0.09512,0,0,0,-0,0,-0,0
43.32,-0.0106,0,0.07293,0,0.07293,0,0,0,-0,0,-0,0
43.34,-0.14141,0,0.17485,0,0.17485,0,0,0,-0,0,-0,0
43.36,-0.21395,0,0.22617,0,0.22617,0,0,0,-0,0,-0,0
43.38,-0.24328,0,0.24092,0,0.24092,0,0,0,-0,0,-0,0
43.4,-0.24255,0,0.23102,0,0.23102,0,0,0,-0,0,-0,0
43.42,-0.2226,0,0.20611,0,0.20611,0,0,0,-0,0,-0,0
43.44,-0.19192,0,0.17358,-0,0.17358,-0,0,0,-0,-0,-0,-0
43.46,-0.15683,0,0.13877,-0,0.13877,-0,0,0,-0,-0,-0,-0
43.48,-0.12172,0,0.1053,-0,0.1053,-0,0,0,-0,-0,-0,-0
43.5,-0.08943,0,0.07537,-0,0.07537,-0,0,0,-0,-0,-0,-0
43.52,-0.06153,0,0.05013,-0,0.05013,-0,0,0,0,-0,0,-0
43.54,-0.0387,0,0.02991,-0,0.02991,-0,0,0,0,-0,0,-0
43.56,-0.02094,0,0.01454,-0,0.01454,-0,0,0,0,-0,0,-0
43.58,-0.00788,0,0.00351,-0,0.00351,-0,-0,0,0,-0,0,-0
43.6,0.00114,0.37839,-0.00384,-0,-0.00384,-0,-0,0,0,-0,0,-0
43.62,0.00683,0.81041,-0.00825,-0,-0.00825,-0,-0,0,0,-0,0,-0
43.64,0.00993,1.02239,-0.01041,-0,-0.01041,-0,-0,0,0,-0,0,-0
43.66,0.01112,1.07622,-0.01097,-0,-0.01097,-0,-0,0,0,-0,0,-0
43.68,0.01099,1.02431,-0.01044,-0,-0.01044,-0,-0,0,0,-0,0,-0
43.7,0.01003,0.90876,-0.00926,-0,-0.00926,-0,-0,0,0,-0,0,-0
43.72,0.0086,0.76169,-0.00776,0,-0.00776,0,-0,0,0,0,0,0
43.74,0.007,0.60624,-0.00618,0,-0.00618,0,-0,0,0,0,0,0
43.76,0.00541,0.45791,-0.00467,0,-0.00467,0,-0,0,0,0,0,0
43.78,0.00395,0.32608,-0.00332,0,-0.00332,0,-0,0,-0,0,-0,0
43.8,0.00271,0.21543,-0.0022,0,-0.0022,0,-0,0,-0,0,-0,0
43.82,0.00169,0.12726,-0.0013,0,-0.0013,0,-0,0,-0,0,-0,0
43.84,0.0009,0.06059,-0.00062,0,-0.00062,0,0,0,-0,0,-0,0
43.86,0.00033,0.01304,-0.00013,0,-0.00013,0,0,0,-0,0,-0,0
43.88,-7e-05,0,0.00019,0,0.00019,0,0,0,-0,0,-0,0
43.9,-0.00032,0,0.00038,0,0.00038,0,0,0,-0,0,-0,0
43.92,-0.00045,0,0.00047,0,0.00047,0,0,0,-0,0,-0,0
43.94,-0.00051,0,0.0005,0,0.0005,0,0,0,-0,0,-0,0
43.96,-0.0005,0,0.00048,0,0.00048,0,0,0,-0,0,-0,0
43.98,-0.00047,0,0.00043,0,0.00043,0,0,0,-0,0,-0,0
44,-0.00042,0,0.00038,-0,0.00038,-0,0,0,-0,-0,-0,-0
