T,J1,J2,J3,J4,J5,J6,J7,J8,J9,J10,J11,J12,J13,J14,J15,J16,J17,J18,J19,J20,J21,J22,J23,J24,J25,J26,J27,J28,J29,J30,J31,J32,J33,J34,J35,J36,J37,J38,J39,J40
0,0.00937,3e-05,-0.01286,0.00474,-0.01356,0.00117,-0.01947,0.0093,-0.00065,0.01295,0.00231,-0.0003,-0.12261,-0.03867,0.0189,0.00404,-0.00702,-0.01278,-0.00821,-0.02858,0.00248,0.02686,-0.00706,0.00051,0.00686,-0.00219,-0.00613,-0.11182,-0.46842,-0.00857,0.03813,0.02785,0.0256,-0.00822,0.05155,0.26931,0.00124,0.00797,0.00133,-0.01757
0.02,0.00953,2e-05,-0.01324,0.00507,-0.01395,0.00118,-0.01993,0.0095,-0.00094,0.01326,0.00237,-0.0003,-0.11614,-0.0382,0.01664,0.00371,-0.00743,-0.01398,-0.00986,-0.03007,0.00273,0.02568,-0.00746,-2e-05,0.00677,-0.00234,-0.00624,-0.11441,-0.47865,-0.00873,0.03903,0.0286,0.02617,-0.00826,0.05166,0.27152,0.00128,0.00799,0.00155,-0.01773
0.04,0.00959,1e-05,-0.01348,0.00547,-0.01424,0.00118,-0.02023,0.00961,-0.00136,0.01338,0.00238,-0.00031,-0.10382,-0.03647,0.01105,0.00241,-0.00771,-0.01575,-0.01177,-0.0319,0.00299,0.02415,-0.00787,-0.00067,0.00648,-0.00254,-0.00622,-0.11563,-0.48285,-0.00881,0.03948,0.02907,0.02642,-0.00812,0.05065,0.26856,0.00129,0.00786,0.0018,-0.01756
0.06,0.00956,-1e-05,-0.01358,0.00599,-0.01449,0.00121,-0.02042,0.00965,-0.00191,0.0133,0.00232,-0.00032,-0.08504,-0.03331,0.00099,-0.00027,-0.00782,-0.01831,-0.01392,-0.03433,0.00325,0.0226,-0.00831,-0.00143,0.006,-0.00281,-0.00607,-0.11556,-0.48145,-0.00887,0.03953,0.02929,0.02636,-0.00777,0.04849,0.26038,0.00128,0.00757,0.00209,-0.01706
0.08,0.00947,-2e-05,-0.01354,0.00666,-0.01471,0.00126,-0.02057,0.00965,-0.00263,0.013,0.00218,-0.00032,-0.05938,-0.02859,-0.01477,-0.00477,-0.00769,-0.02191,-0.01619,-0.03761,0.00348,0.02144,-0.00877,-0.00225,0.00533,-0.00318,-0.00578,-0.1143,-0.47474,-0.00894,0.03922,0.0293,0.02601,-0.00722,0.04518,0.24695,0.00124,0.00713,0.00241,-0.01624
0.1,0.00934,-4e-05,-0.01337,0.00752,-0.01495,0.00137,-0.02073,0.00964,-0.00351,0.01246,0.00193,-0.00033,-0.02678,-0.0222,-0.03747,-0.01158,-0.00721,-0.02677,-0.01841,-0.04197,0.00365,0.02121,-0.00925,-0.00305,0.00446,-0.00366,-0.00531,-0.11185,-0.46284,-0.00906,0.03855,0.02912,0.02539,-0.00644,0.04073,0.2283,0.00116,0.00657,0.00274,-0.0151
0.12,0.00919,-6e-05,-0.01303,0.00857,-0.01521,0.00155,-0.02095,0.00962,-0.00453,0.01165,0.00155,-0.00034,0.01218,-0.01412,-0.06812,-0.02114,-0.00628,-0.03301,-0.02028,-0.04755,0.00371,0.02255,-0.00973,-0.00371,0.00344,-0.00427,-0.00466,-0.10823,-0.44582,-0.00928,0.03755,0.02875,0.02448,-0.00543,0.03522,0.20469,0.00104,0.00588,0.00304,-0.01365
0.14,0.00907,-7e-05,-0.01251,0.00981,-0.01552,0.00181,-0.02127,0.00963,-0.00565,0.01054,0.00103,-0.00034,0.05596,-0.00449,-0.10733,-0.0338,-0.00476,-0.04066,-0.02138,-0.0544,0.0036,0.02626,-0.01015,-0.00407,0.00229,-0.00501,-0.00381,-0.10341,-0.42377,-0.00964,0.03622,0.02818,0.02329,-0.00421,0.02883,0.17677,0.00087,0.00513,0.00328,-0.01194
0.16,0.00899,-7e-05,-0.01178,0.01117,-0.01586,0.00219,-0.02171,0.00969,-0.00679,0.0091,0.00035,-0.00035,0.10167,0.00634,-0.15499,-0.0497,-0.00253,-0.04956,-0.02115,-0.0624,0.00323,0.03321,-0.01042,-0.00393,0.00112,-0.00585,-0.00277,-0.09742,-0.397,-0.01017,0.03455,0.02738,0.02184,-0.00282,0.02192,0.14584,0.00064,0.00435,0.00338,-0.01006
0.18,0.009,-5e-05,-0.0108,0.01256,-0.01622,0.00268,-0.0223,0.00981,-0.00781,0.00736,-0.0005,-0.00035,0.14467,0.01767,-0.20983,-0.06868,0.00053,-0.0593,-0.01887,-0.07118,0.0025,0.04435,-0.01045,-0.003,4e-05,-0.00675,-0.00154,-0.09038,-0.36628,-0.01091,0.03259,0.02633,0.02016,-0.00134,0.01507,0.11411,0.00035,0.00364,0.00326,-0.00813
0.2,0.00913,-1e-05,-0.00956,0.01384,-0.01655,0.0033,-0.02304,0.01001,-0.00853,0.00532,-0.0015,-0.00036,0.17798,0.02836,-0.26903,-0.09013,0.00451,-0.06913,-0.01368,-0.0801,0.00131,0.06065,-0.01006,-0.00097,-0.00078,-0.00763,-0.00019,-0.08248,-0.33289,-0.01189,0.03039,0.02502,0.01831,0.00011,0.00907,0.08477,0,0.00312,0.0028,-0.00636
0.22,0.00943,6e-05,-0.00804,0.01483,-0.01682,0.00406,-0.02391,0.01029,-0.00875,0.00304,-0.00263,-0.00036,0.19148,0.0367,-0.32759,-0.11303,0.00944,-0.07794,-0.00446,-0.08823,-0.00051,0.0832,-0.00897,0.00253,-0.00121,-0.00837,0.00123,-0.074,-0.29845,-0.0131,0.02804,0.02344,0.01638,0.0014,0.00483,0.06125,-0.00039,0.0029,0.0019,-0.00496
0.24,0.00996,0.00017,-0.00619,0.01541,-0.017,0.00493,-0.02487,0.01066,-0.0083,0.00056,-0.00386,-0.00035,0.17091,0.04026,-0.37783,-0.1361,0.01527,-0.08417,0.01013,-0.09441,-0.00319,0.11328,-0.00667,0.00795,-0.0013,-0.00882,0.00269,-0.06514,-0.26431,-0.01454,0.02559,0.02159,0.01444,0.00245,0.00304,0.04614,-0.00081,0.00306,0.00051,-0.00409
0.26,0.01074,0.00033,-0.00399,0.01552,-0.01713,0.00592,-0.02587,0.01109,-0.00709,-0.00213,-0.00513,-0.00034,0.09743,0.03575,-0.4088,-0.15772,0.0218,-0.08587,0.03168,-0.09727,-0.00703,0.15234,-0.00236,0.01574,-0.00134,-0.00878,0.00416,-0.05602,-0.23144,-0.01616,0.02315,0.01952,0.01255,0.00322,0.004,0.04037,-0.00122,0.00361,-0.00139,-0.0038
0.28,0.01182,0.00055,-0.00138,0.01518,-0.01724,0.007,-0.02683,0.01153,-0.00513,-0.005,-0.00639,-0.00031,-0.05225,0.01907,-0.40586,-0.17582,0.02869,-0.08055,0.0619,-0.09519,-0.01242,0.2017,0.00502,0.02634,-0.00189,-0.00801,0.00565,-0.04669,-0.20051,-0.01786,0.0208,0.0173,0.01076,0.00376,0.0076,0.04312,-0.00156,0.00446,-0.0037,-0.00406
0.3,0.0132,0.00082,0.00166,0.01446,-0.01744,0.00813,-0.02761,0.01192,-0.00251,-0.00802,-0.00755,-0.00026,-0.30504,-0.0147,-0.35042,-0.18769,0.03531,-0.0653,0.10238,-0.08632,-0.01977,0.26229,0.01678,0.04009,-0.00375,-0.00622,0.00716,-0.03724,-0.17222,-0.01953,0.01866,0.01509,0.00914,0.00417,0.01335,0.05205,-0.00175,0.00546,-0.00625,-0.00472
0.32,0.01488,0.00116,0.00515,0.0135,-0.01781,0.00928,-0.02808,0.01217,0.00061,-0.01117,-0.00853,-0.0002,-0.68995,-0.07099,-0.22006,-0.18991,0.0408,-0.03683,0.15443,-0.06857,-0.0297,0.3345,0.03456,0.05729,-0.00785,-0.00302,0.00872,-0.02779,-0.14722,-0.02099,0.01686,0.01304,0.00774,0.00459,0.02051,0.06394,-0.00171,0.00642,-0.0088,-0.00558
0.34,0.01688,0.00156,0.00912,0.01243,-0.01846,0.01042,-0.02815,0.01223,0.00407,-0.01442,-0.00934,-0.00011,-1.23567,-0.15534,0.01078,-0.17846,0.04396,0.00824,0.21882,-0.03978,-0.04309,0.41814,0.0604,0.07814,-0.01503,0.00208,0.01034,-0.0184,-0.12596,-0.02214,0.01549,0.01129,0.00661,0.00514,0.02834,0.07557,-0.00134,0.00711,-0.01113,-0.00645
0.36,0.01917,0.00201,0.01361,0.01137,-0.0194,0.0116,-0.02774,0.01209,0.00772,-0.0178,-0.01013,-0,-1.96668,-0.27273,0.36937,-0.14881,0.04329,0.073,0.29535,0.0021,-0.06119,0.51212,0.09665,0.10271,-0.02595,0.00974,0.01205,-0.0091,-0.10854,-0.0229,0.01458,0.00993,0.00577,0.00591,0.03621,0.08423,-0.00055,0.00735,-0.01305,-0.00716
0.38,0.02174,0.00249,0.01867,0.01045,-0.02063,0.01289,-0.02685,0.01178,0.0114,-0.02131,-0.01115,0.00012,-2.89765,-0.42671,0.88221,-0.09612,0.03697,0.1598,0.38225,0.05868,-0.08551,0.61365,0.14581,0.13078,-0.04093,0.02069,0.0139,5e-05,-0.09492,-0.02328,0.01408,0.00897,0.0052,0.00692,0.04356,0.08784,0.00073,0.00697,-0.01441,-0.00757
0.4,0.02451,0.00296,0.02429,0.00979,-0.02209,0.01441,-0.02554,0.01138,0.01491,-0.02496,-0.01279,0.00024,-4.02619,-0.61815,1.57136,-0.01544,0.02274,0.26959,0.47572,0.13081,-0.1177,0.71786,0.2102,0.16165,-0.05993,0.0357,0.0159,0.00888,-0.08497,-0.02334,0.01391,0.00841,0.00489,0.00817,0.04983,0.08484,0.00257,0.00584,-0.01506,-0.00759
0.42,0.02739,0.00337,0.03042,0.0095,-0.02369,0.01631,-0.02392,0.011,0.01807,-0.0287,-0.01554,0.00036,-4.974,-0.84349,2.44905,0.09803,-0.0023,0.40107,0.57035,0.21835,-0.15956,0.81878,0.29209,0.1944,-0.08256,0.05545,0.01808,0.01717,-0.07852,-0.02315,0.01393,0.00821,0.0048,0.00968,0.05456,0.07421,0.00495,0.00382,-0.0149,-0.00714
0.44,0.03028,0.00369,0.03705,0.00973,-0.02538,0.01876,-0.02208,0.01076,0.02079,-0.03243,-0.01999,0.00043,-4.974,-1.09259,3.51079,0.24866,-0.04209,0.5497,0.66008,0.31992,-0.21318,0.91121,0.39382,0.22822,-0.10823,0.08048,0.02054,0.02472,-0.07521,-0.02277,0.01402,0.00832,0.00489,0.01158,0.05735,0.05551,0.00778,0.0008,-0.01386,-0.00619
0.46,0.03309,0.00389,0.04417,0.01061,-0.02721,0.02198,-0.02017,0.0108,0.02308,-0.03602,-0.02683,0.00044,-4.974,-1.34636,4.7266,0.43955,-0.1016,0.70648,0.73848,0.43242,-0.28078,0.99171,0.51751,0.26258,-0.13608,0.11097,0.02346,0.03135,-0.07438,-0.02224,0.01401,0.00868,0.00513,0.01414,0.058,0.02905,0.01084,-0.0033,-0.01196,-0.00476
0.48,0.0357,0.00395,0.05174,0.01228,-0.02928,0.02621,-0.01833,0.01128,0.02506,-0.03922,-0.03675,0.00033,-4.974,-1.57412,6.03005,0.67104,-0.18661,0.85639,0.79828,0.55009,-0.3642,1.0582,0.66417,0.29701,-0.16482,0.14652,0.02709,0.0369,-0.07508,-0.02156,0.01376,0.00922,0.00545,0.0178,0.05646,-0.00394,0.01373,-0.00851,-0.00933,-0.00294
0.5,0.03795,0.00385,0.05965,0.01488,-0.03171,0.03165,-0.01676,0.01233,0.02696,-0.04173,-0.05047,6e-05,-4.974,-1.73412,7.31391,0.93979,-0.30258,0.97851,0.83101,0.66372,-0.46456,1.10961,0.83301,0.33084,-0.19253,0.18594,0.03171,0.04114,-0.07615,-0.02069,0.01312,0.00985,0.0058,0.02314,0.05284,-0.04121,0.01588,-0.01476,-0.00618,-0.00087
0.52,0.03966,0.00359,0.06771,0.01859,-0.03464,0.0385,-0.01573,0.01414,0.02901,-0.0433,-0.06868,-0.00044,-4.974,-1.78242,8.44551,1.24019,-0.45227,1.05066,0.82846,0.76093,-0.58256,1.14708,1.02203,0.36333,-0.21689,0.22727,0.03757,0.04376,-0.07646,-0.01965,0.01197,0.01051,0.00611,0.03081,0.04729,-0.07985,0.01645,-0.02191,-0.00281,0.00123
0.54,0.04065,0.00317,0.07574,0.02371,-0.03812,0.04696,-0.01555,0.01686,0.03138,-0.04404,-0.09217,-0.00123,-4.974,-1.68729,8.954,1.5671,-0.63234,1.05699,0.78508,0.82704,-0.71915,1.1761,1.2295,0.39389,-0.23559,0.26796,0.04482,0.04439,-0.07529,-0.01854,0.01026,0.01114,0.00634,0.04154,0.03998,-0.11701,0.01431,-0.02971,0.00044,0.00315
0.56,0.04074,0.00261,0.08355,0.03064,-0.04205,0.05717,-0.01662,0.02066,0.03417,-0.04454,-0.12168,-0.00237,-4.974,-1.4398,8.954,1.91664,-0.8303,0.99335,0.70002,0.84556,-0.87557,1.20793,1.45414,0.42225,-0.24655,0.30484,0.05341,0.04258,-0.07256,-0.01759,0.00805,0.01167,0.00648,0.05602,0.03109,-0.15015,0.00802,-0.03781,0.0032,0.00466
0.58,0.03978,0.00195,0.0909,0.03985,-0.04614,0.06915,-0.01941,0.02567,0.03732,-0.04596,-0.15777,-0.00393,-4.974,-1.05794,8.954,2.28381,-1.02229,0.86894,0.57806,0.79788,-1.05217,1.25982,1.69353,0.44821,-0.24789,0.33379,0.06305,0.0378,-0.06893,-0.01721,0.00554,0.01209,0.00651,0.07482,0.02079,-0.17688,-0.00415,-0.04568,0.00506,0.00556
0.6,0.03763,0.00124,0.09745,0.05186,-0.04993,0.08275,-0.02444,0.03194,0.04067,-0.04988,-0.20054,-0.00594,-3.87067,-0.58468,8.954,2.66014,-1.17383,0.7049,0.42951,0.66448,-1.24745,1.35284,1.94277,0.47143,-0.23791,0.34978,0.07311,0.0295,-0.06572,-0.01794,0.00304,0.01237,0.00647,0.09826,0.00939,-0.19478,-0.02413,-0.0526,0.00556,0.00558
0.62,0.03417,0.00054,0.10278,0.06715,-0.05283,0.09769,-0.03225,0.03949,0.04401,-0.05796,-0.24963,-0.00842,-2.01298,-0.07589,7.99879,3.03437,-1.24827,0.52795,0.26786,0.43043,-1.45822,1.50451,2.19524,0.49136,-0.21566,0.34781,0.08278,0.01713,-0.06469,-0.02031,0.00094,0.01253,0.00639,0.12651,-0.00276,-0.20164,-0.05379,-0.05777,0.00423,0.00452
0.64,0.02936,-9e-05,0.10652,0.08611,-0.05432,0.11366,-0.0433,0.04824,0.04733,-0.07137,-0.30421,-0.01131,-0.83006,0.41801,6.26147,3.3951,-1.22008,0.36124,0.10604,0.09388,-1.68064,1.71816,2.44483,0.5073,-0.18165,0.32465,0.09121,0.00018,-0.0676,-0.02467,-0.00048,0.01258,0.00631,0.15969,-0.01526,-0.19601,-0.09455,-0.06062,0.00073,0.00218
0.66,0.02323,-0.00059,0.10839,0.10899,-0.05401,0.13033,-0.05789,0.05802,0.05091,-0.09038,-0.36284,-0.01449,-0.48717,0.86297,4.04349,3.73142,-1.08439,0.21852,-0.04558,-0.32671,-1.91015,1.9747,2.68664,0.5184,-0.13868,0.28014,0.09761,-0.02165,-0.07596,-0.03098,-0.00106,0.01257,0.00627,0.1978,-0.02772,-0.17763,-0.14694,-0.06092,-0.00511,-0.00148
0.68,0.01594,-0.00092,0.10819,0.13567,-0.05169,0.14726,-0.07605,0.06848,0.05529,-0.11406,-0.384,-0.01777,-0.92421,1.24061,1.53914,4.03043,-0.86013,0.10379,-0.17849,-0.78771,-2.13969,2.22856,2.91531,0.52357,-0.09221,0.21778,0.10121,-0.04831,-0.09092,-0.03879,-0.00082,0.01258,0.00633,0.24047,-0.03964,-0.14768,-0.21019,-0.05885,-0.01317,-0.0064
0.7,0.00785,-0.00104,0.10577,0.16553,-0.04729,0.16377,-0.09742,0.07904,0.06125,-0.14038,-0.384,-0.02081,-1.88654,1.54379,-0.95885,4.27532,-0.58763,0.01337,-0.28502,-1.22167,-2.35862,2.41045,3.1234,0.52142,-0.05025,0.14454,0.10125,-0.07924,-0.11309,-0.04719,9e-05,0.01271,0.00653,0.2867,-0.05031,-0.10867,-0.2819,-0.05494,-0.02308,-0.01233
0.72,-0.00059,-0.00092,0.10105,0.19758,-0.04091,0.17901,-0.12138,0.08901,0.06965,-0.16667,-0.384,-0.02325,-3.01799,1.7731,-3.1217,4.44782,-0.3172,-0.06079,-0.3589,-1.55326,-2.55494,2.44433,3.3021,0.51046,-0.0214,0.0691,0.09708,-0.11343,-0.14235,-0.05507,0.00139,0.01302,0.00687,0.33507,-0.05893,-0.06404,-0.35837,-0.04991,-0.03423,-0.01894
0.74,-0.00895,-0.00055,0.09395,0.23065,-0.03284,0.19216,-0.14712,0.09776,0.08125,-0.19046,-0.384,-0.02483,-3.99225,1.93439,-4.68612,4.53367,-0.09218,-0.12704,-0.39687,-1.72444,-2.71962,2.27362,3.44361,0.48961,-0.01186,-0.0008,0.08836,-0.14959,-0.17731,-0.06142,0.00281,0.0135,0.00734,0.38407,-0.06469,-0.01737,-0.43521,-0.0445,-0.04589,-0.02577
0.76,-0.01684,4e-05,0.08451,0.26347,-0.02354,0.20248,-0.17371,0.10482,0.09651,-0.20999,-0.384,-0.02541,-4.59959,2.03662,-5.51987,4.52637,0.06203,-0.19107,-0.39982,-1.71158,-2.84916,1.88018,3.5424,0.45847,-0.02339,-0.05999,0.07523,-0.18609,-0.21501,-0.06556,0.00406,0.01396,0.00779,0.43224,-0.0669,0.02797,-0.5075,-0.0393,-0.05718,-0.03232
0.78,-0.02386,0.00079,0.07285,0.29442,-0.01375,0.20929,-0.19991,0.10986,0.11545,-0.22417,-0.384,-0.02503,-4.76396,2.09035,-5.63013,4.42781,0.13945,-0.25466,-0.37293,-1.5294,-2.94515,1.29159,3.59461,0.4177,-0.05274,-0.10583,0.05845,-0.22069,-0.25041,-0.06716,0.00486,0.01408,0.00803,0.47782,-0.06498,0.06852,-0.56929,-0.03481,-0.06707,-0.03798
0.8,-0.0296,0.00159,0.05931,0.3214,-0.00451,0.21184,-0.224,0.11262,0.13759,-0.23237,-0.384,-0.02389,-4.52504,2.10655,-5.14105,4.24722,0.15034,-0.31558,-0.32494,-1.22618,-3.01265,0.57777,3.59715,0.36907,-0.09224,-0.13751,0.03941,-0.25041,-0.27659,-0.06615,0.00496,0.01338,0.00778,0.51847,-0.05842,0.10053,-0.61334,-0.03144,-0.07427,-0.04198
0.82,-0.03363,0.0023,0.04428,0.34218,0.00305,0.20941,-0.24414,0.11291,0.16207,-0.23432,-0.384,-0.02223,-3.99457,2.09558,-4.24327,3.99811,0.11468,-0.36916,-0.26629,-0.86794,-3.05834,-0.16941,3.54761,0.31503,-0.13204,-0.15553,0.01973,-0.27206,-0.28617,-0.0627,0.00411,0.01137,0.00672,0.55168,-0.04687,0.12036,-0.63225,-0.02953,-0.07747,-0.04356
0.84,-0.03567,0.00279,0.02807,0.35521,0.00805,0.2014,-0.25892,0.11063,0.18791,-0.23005,-0.384,-0.0203,-3.29772,2.06648,-3.12712,3.69431,0.0538,-0.41081,-0.20626,-0.51593,-3.08856,-0.86714,3.44485,0.25796,-0.16345,-0.16114,0.00073,-0.28321,-0.27361,-0.05709,0.00215,0.00766,0.00463,0.57553,-0.03017,0.12537,-0.62063,-0.02934,-0.07564,-0.04212
0.86,-0.03563,0.00296,0.01082,0.36002,0.01007,0.18748,-0.26775,0.10581,0.21408,-0.21987,-0.384,-0.01828,-2.53575,2.02656,-1.94169,3.34831,-0.01509,-0.43769,-0.15141,-0.21248,-3.10788,-1.46057,3.28997,0.19989,-0.18102,-0.15609,-0.01689,-0.28283,-0.23697,-0.04972,-0.00094,0.00212,0.00142,0.58924,-0.00858,0.11449,-0.57663,-0.03098,-0.06834,-0.03742
0.88,-0.03364,0.00271,-0.00737,0.35737,0.00918,0.16772,-0.27086,0.09865,0.2393,-0.20444,-0.384,-0.01625,-1.78153,1.98165,-0.79251,2.97335,-0.07987,-0.44887,-0.1055,0.0203,-3.1186,-1.92303,3.08745,0.14286,-0.18299,-0.14247,-0.03305,-0.27142,-0.17847,-0.04118,-0.00503,-0.00508,-0.00281,0.5931,0.01715,0.08844,-0.50256,-0.03443,-0.05581,-0.02962
0.9,-0.03001,0.00197,-0.02634,0.34899,0.00589,0.14262,-0.26912,0.08952,0.26196,-0.18478,-0.384,-0.01427,-1.08645,1.9363,0.24776,2.58538,-0.13276,-0.44492,-0.07015,0.17661,-3.12066,-2.24918,2.84569,0.08924,-0.17078,-0.12268,-0.04805,-0.25083,-0.10428,-0.0322,-0.00986,-0.01345,-0.00779,0.58827,0.0456,0.04962,-0.40473,-0.03956,-0.03888,-0.01927
0.92,-0.02516,0.00069,-0.0459,0.33715,0.00099,0.1129,-0.2638,0.07888,0.2803,-0.16212,-0.32834,-0.01236,-0.48407,1.89385,1.13323,2.20108,-0.16943,-0.42746,-0.0454,0.26188,-3.11201,-2.44806,2.57528,0.04146,-0.14774,-0.09914,-0.0625,-0.2237,-0.02276,-0.02363,-0.01506,-0.02233,-0.01313,0.57632,0.07502,0.00163,-0.29188,-0.04617,-0.01879,-0.00714
0.94,-0.0195,-0.00117,-0.06603,0.32399,-0.00459,0.07923,-0.25624,0.06714,0.29294,-0.13772,-0.26294,-0.01051,0.00827,1.85625,1.84185,1.83352,-0.18828,-0.39861,-0.03034,0.28716,-3.08931,-2.53635,2.28586,0.00131,-0.11755,-0.07387,-0.07725,-0.19263,0.05817,-0.01629,-0.02032,-0.03111,-0.01847,0.55872,0.10376,-0.05144,-0.17287,-0.05406,0.00325,0.00601
0.96,-0.01335,-0.00362,-0.08683,0.31114,-0.00997,0.04208,-0.24762,0.05457,0.29915,-0.11273,-0.20007,-0.00872,0.38707,1.82408,2.37157,1.49033,-0.18973,-0.3608,-0.02351,0.26532,-3.04855,-2.53387,1.98505,-0.03045,-0.08331,-0.04831,-0.09325,-0.15979,0.13252,-0.01083,-0.02547,-0.03931,-0.02355,0.53661,0.13054,-0.10526,-0.05553,-0.06313,0.0262,0.01959
0.98,-0.007,-0.00665,-0.10847,0.29971,-0.01422,0.00204,-0.239,0.04145,0.29887,-0.08844,-0.14176,-0.00702,0.65863,1.79684,2.73461,1.17591,-0.17609,-0.31691,-0.02311,0.2101,-2.9854,-2.46197,1.68041,-0.05394,-0.04744,-0.02348,-0.11144,-0.12704,0.19603,-0.00779,-0.03039,-0.04659,-0.02814,0.5108,0.15427,-0.15495,0.05278,-0.07323,0.04915,0.03309
1,-0.00075,-0.01016,-0.13098,0.29046,-0.01637,-0.04002,-0.23138,0.0281,0.29259,-0.06634,-0.09002,-0.00547,0.83513,1.77325,2.95167,0.8941,-0.15119,-0.27048,-0.02711,0.13576,-2.89558,-2.34282,1.38133,-0.06978,-0.01202,-0.00012,-0.13262,-0.09613,0.2456,-0.00767,-0.03507,-0.0527,-0.03206,0.48198,0.17386,-0.19483,0.14446,-0.08415,0.07106,0.04595
1.02,0.00515,-0.01403,-0.15434,0.28386,-0.01549,-0.08305,-0.22569,0.0148,0.28109,-0.04806,-0.04671,-0.00412,0.93133,1.75149,3.04719,0.64836,-0.11961,-0.22533,-0.03355,0.05584,-2.77523,-2.19736,1.09804,-0.07892,0.0211,0.02132,-0.15742,-0.0687,0.27908,-0.01099,-0.0395,-0.05741,-0.03517,0.45055,0.18828,-0.21924,0.21236,-0.09551,0.09088,0.05762
1.04,0.01048,-0.01815,-0.17861,0.28031,-0.01085,-0.12622,-0.22269,0.00169,0.26521,-0.03498,-0.01301,-0.00303,0.96217,1.72942,3.04557,0.44018,-0.08542,-0.18481,-0.04087,-0.01871,-2.62145,-2.04254,0.83862,-0.08244,0.05026,0.04089,-0.18636,-0.04594,0.29548,-0.01835,-0.04379,-0.06064,-0.03739,0.41637,0.19678,-0.22382,0.25151,-0.10669,0.10768,0.06759
1.06,0.01509,-0.0224,-0.20403,0.28015,-0.002,-0.16901,-0.22298,-0.01131,0.24568,-0.02804,0.01082,-0.00224,0.94129,1.70475,2.96903,0.26858,-0.0516,-0.15148,-0.04806,-0.08058,-2.43318,-1.89005,0.60781,-0.0815,0.07386,0.0592,-0.2197,-0.02851,0.29513,-0.03043,-0.04811,-0.06242,-0.03874,0.37876,0.19904,-0.20657,0.26017,-0.11671,0.1207,0.07541
1.08,0.0189,-0.02663,-0.23077,0.28373,0.01112,-0.21094,-0.22694,-0.02443,0.22325,-0.02775,0.02533,-0.00174,0.88051,1.6753,2.83731,0.13137,-0.02003,-0.12725,-0.05471,-0.1258,-2.2128,-1.74715,0.40845,-0.07726,0.09019,0.07733,-0.25727,-0.01666,0.27959,-0.04793,-0.0527,-0.06293,-0.03931,0.3367,0.19517,-0.16815,0.23997,-0.12417,0.12929,0.08064
1.1,0.0218,-0.03066,-0.2588,0.29143,0.02819,-0.25126,-0.23482,-0.03791,0.19882,-0.03436,0.03156,-0.00152,0.78986,1.63914,2.66779,0.02663,0.00814,-0.1137,-0.06086,-0.15304,-1.96696,-1.61799,0.24331,-0.07091,0.0972,0.09658,-0.29819,-0.01042,0.25157,-0.07152,-0.05781,-0.06243,-0.03928,0.28913,0.18563,-0.11158,0.1954,-0.12722,0.13283,0.0828
1.12,0.02368,-0.03426,-0.28792,0.30358,0.04867,-0.28901,-0.24686,-0.05196,0.17343,-0.04794,0.03087,-0.00153,0.67742,1.59461,2.47495,-0.04729,0.03226,-0.11192,-0.06683,-0.16263,-1.70491,-1.50434,0.11475,-0.0636,0.09279,0.11828,-0.34094,-0.00959,0.21451,-0.10215,-0.06372,-0.06124,-0.03885,0.23502,0.17106,-0.04116,0.13275,-0.12391,0.13073,0.08143
1.14,0.0244,-0.0372,-0.31796,0.32046,0.07213,-0.32339,-0.2634,-0.06676,0.14817,-0.06855,0.02466,-0.00175,0.54923,1.5402,2.2692,-0.09267,0.05206,-0.1222,-0.07294,-0.1556,-1.43544,-1.4058,0.02297,-0.05636,0.07523,0.14356,-0.38363,-0.01383,0.17217,-0.14139,-0.07072,-0.05967,-0.03822,0.17328,0.15218,0.03916,0.0586,-0.11273,0.12266,0.07623
1.16,0.02381,-0.03927,-0.34878,0.34214,0.09836,-0.35381,-0.28497,-0.08237,0.12421,-0.09631,0.01439,-0.00212,0.40969,1.47472,2.05697,-0.11299,0.06748,-0.1437,-0.0793,-0.13307,-1.16554,-1.32029,-0.03495,-0.0501,0.04355,0.17303,-0.424,-0.02256,0.12842,-0.19154,-0.07913,-0.05797,-0.03756,0.1029,0.1297,0.12663,-0.02087,-0.09303,0.1087,0.06721
1.18,0.02174,-0.04025,-0.38008,0.3683,0.1272,-0.37975,-0.31214,-0.09859,0.10298,-0.13116,0.0015,-0.00258,0.2627,1.39775,1.84224,-0.11287,0.07847,-0.17428,-0.08575,-0.0962,-0.90219,-1.24486,-0.06479,-0.04568,-0.00215,0.20656,-0.45913,-0.03491,0.08758,-0.25535,-0.08925,-0.05636,-0.03704,0.02355,0.10451,0.21926,-0.09952,-0.06527,0.08949,0.05472
1.2,0.01799,-0.03992,-0.41114,0.39819,0.15834,-0.40051,-0.34533,-0.11491,0.08624,-0.17269,-0.01245,-0.00305,0.11262,1.31001,1.62821,-0.09761,0.0849,-0.21052,-0.09181,-0.0463,-0.65402,-1.17638,-0.07424,-0.04391,-0.06061,0.24305,-0.48516,-0.04972,0.05445,-0.33554,-0.10121,-0.05503,-0.0368,-0.06403,0.07769,0.31504,-0.17078,-0.03099,0.06621,0.03957
1.22,0.01242,-0.03808,-0.44099,0.43091,0.19124,-0.41533,-0.38475,-0.13062,0.07556,-0.22015,-0.02587,-0.00348,-0.03571,1.21292,1.41773,-0.07274,0.08669,-0.24831,-0.09686,0.01512,-0.43018,-1.11176,-0.07151,-0.04557,-0.12974,0.28038,-0.4977,-0.06559,0.03329,-0.43446,-0.1149,-0.05408,-0.0369,-0.15824,0.05027,0.41138,-0.22828,0.00749,0.04044,0.02277
1.24,0.00499,-0.03466,-0.46867,0.46587,0.22517,-0.42381,-0.43026,-0.14505,0.07144,-0.27245,-0.03733,-0.0038,-0.17767,1.10774,1.21285,-0.04331,0.08397,-0.28379,-0.1003,0.08646,-0.23722,-1.04776,-0.06372,-0.05139,-0.20725,0.31547,-0.49244,-0.08116,0.02609,-0.55355,-0.12982,-0.05348,-0.03733,-0.2572,0.02257,0.50458,-0.26711,0.0478,0.01374,0.00538
1.26,-0.00419,-0.02974,-0.49332,0.50304,0.25901,-0.42607,-0.48122,-0.1577,0.07272,-0.3281,-0.04552,-0.00398,-0.30884,0.9953,1.01521,-0.01363,0.07733,-0.31388,-0.10177,0.16569,-0.07754,-0.98105,-0.05581,-0.06194,-0.29076,0.34422,-0.46579,-0.09505,0.03137,-0.69271,-0.14489,-0.05299,-0.03788,-0.35884,-0.00606,0.58927,-0.28461,0.08774,-0.01241,-0.01162
1.28,-0.01471,-0.02365,-0.51405,0.54272,0.29105,-0.42284,-0.53597,-0.16818,0.07642,-0.38471,-0.04927,-0.00403,-0.42399,0.8768,0.82764,0.0126,0.06786,-0.33619,-0.10115,0.2498,0.04966,-0.90876,-0.05032,-0.07757,-0.37722,0.36124,-0.41503,-0.1059,0.04389,-0.84903,-0.15831,-0.05217,-0.03822,-0.46017,-0.03711,0.65755,-0.28035,0.12505,-0.0365,-0.02724
1.3,-0.0259,-0.0169,-0.52977,0.58527,0.31878,-0.41534,-0.59168,-0.1761,0.07799,-0.43874,-0.04746,-0.00398,-0.51634,0.75453,0.65534,0.03211,0.05715,-0.34875,-0.09849,0.33437,0.14689,-0.82891,-0.04767,-0.09834,-0.46243,0.36001,-0.33855,-0.11214,0.0552,-1.01606,-0.16759,-0.05044,-0.03783,-0.55671,-0.07254,0.69896,-0.25578,0.15724,-0.05685,-0.04037
1.32,-0.03689,-0.01012,-0.53939,0.63096,0.33921,-0.40506,-0.64475,-0.18103,0.07217,-0.48608,-0.03904,-0.00385,-0.57867,0.63151,0.50453,0.04224,0.04698,-0.35013,-0.09405,0.41422,0.21756,-0.74024,-0.04687,-0.12385,-0.5415,0.33444,-0.2358,-0.11203,0.05586,-1.18433,-0.16995,-0.04708,-0.03616,-0.64321,-0.11406,0.70301,-0.21347,0.1819,-0.07193,-0.04999
1.34,-0.04684,-0.00376,-0.5422,0.67999,0.3495,-0.39352,-0.69166,-0.18251,0.05427,-0.52307,-0.02321,-0.00369,-0.60575,0.51056,0.37955,0.04144,0.0389,-0.33976,-0.08817,0.48479,0.26573,-0.64174,-0.04661,-0.15305,-0.60994,0.28134,-0.10735,-0.10368,0.03866,-1.3428,-0.16311,-0.04146,-0.03269,-0.71527,-0.16222,0.66327,-0.15629,0.19742,-0.08086,-0.05553
1.36,-0.05507,0.00198,-0.5382,0.73235,0.3474,-0.38211,-0.72952,-0.18013,0.02119,-0.54721,0.00048,-0.00351,-0.59592,0.39393,0.28118,0.02952,0.034,-0.31817,-0.08134,0.5428,0.2959,-0.53263,-0.04594,-0.18409,-0.66415,0.20237,0.04457,-0.08515,0.00092,-1.47937,-0.14585,-0.03305,-0.02703,-0.77014,-0.21563,0.58055,-0.08702,0.20345,-0.08388,-0.05711
1.38,-0.06095,0.00718,-0.52813,0.78738,0.33133,-0.37217,-0.75576,-0.17347,-0.02821,-0.55706,0.0319,-0.00335,-0.55147,0.2842,0.20703,0.00788,0.03283,-0.28725,-0.07419,0.586,0.31262,-0.41315,-0.04447,-0.21393,-0.70115,0.10508,0.21491,-0.05452,-0.05466,-1.57981,-0.11819,-0.02159,-0.01903,-0.80656,-0.27037,0.46411,-0.00879,0.20096,-0.0823,-0.05556
1.4,-0.06393,0.01211,-0.51344,0.84345,0.30036,-0.36498,-0.76799,-0.16214,-0.09297,-0.55197,0.07031,-0.0032,-0.47822,0.18492,0.15264,-0.02067,0.03554,-0.25013,-0.06753,0.61262,0.32014,-0.28519,-0.04229,-0.2384,-0.71812,0.00252,0.39513,-0.01017,-0.12052,-1.62744,-0.08145,-0.00706,-0.00874,-0.82415,-0.32,0.33096,0.07455,0.19198,-0.0784,-0.05234
1.42,-0.0635,0.0171,-0.49593,0.8984,0.25429,-0.36158,-0.76415,-0.14588,-0.17061,-0.53196,0.11463,-0.00306,-0.38404,0.10003,0.11251,-0.05256,0.04199,-0.21059,-0.06222,0.62146,0.32217,-0.15187,-0.03976,-0.25305,-0.71269,-0.09005,0.57469,0.0488,-0.18669,-1.60563,-0.03781,0.01035,0.0036,-0.82328,-0.35725,0.20135,0.15861,0.17908,-0.07478,-0.04912
1.44,-0.05936,0.02238,-0.47734,0.95027,0.1938,-0.36236,-0.7432,-0.12459,-0.25783,-0.49773,0.16399,-0.00294,-0.27688,0.03222,0.081,-0.0844,0.05193,-0.17204,-0.05885,0.6122,0.32171,-0.01629,-0.03712,-0.2545,-0.68358,-0.1603,0.74403,0.1219,-0.24469,-1.50252,0.01029,0.03031,0.01768,-0.8051,-0.37662,0.09189,0.23909,0.16459,-0.07354,-0.04726
1.46,-0.05148,0.02798,-0.45907,0.99771,0.12083,-0.3668,-0.70563,-0.09851,-0.35085,-0.45076,0.21794,-0.00282,-0.16375,-0.01792,0.05302,-0.11358,0.0651,-0.13692,-0.05762,0.5858,0.32094,0.11877,-0.03427,-0.24149,-0.63124,-0.20215,0.89591,0.20653,-0.28991,-1.3148,0.06034,0.0524,0.03309,-0.77172,-0.37621,0.01116,0.31192,0.15014,-0.0757,-0.04749
1.48,-0.04016,0.03363,-0.44224,1.03968,0.03914,-0.37334,-0.65381,-0.06843,-0.4447,-0.3937,0.27607,-0.00269,-0.05134,-0.05173,0.02442,-0.13814,0.08111,-0.10688,-0.05831,0.54466,0.32122,0.24995,-0.03073,-0.21516,-0.55834,-0.21624,1.02466,0.29722,-0.32188,-1.04975,0.10953,0.07595,0.04926,-0.72644,-0.35814,-0.04077,0.37275,0.13668,-0.08108,-0.04976
1.5,-0.02607,0.03878,-0.42787,1.07511,-0.04544,-0.37955,-0.59198,-0.0358,-0.53282,-0.33049,0.3377,-0.00255,0.05336,-0.07182,-0.00782,-0.15658,0.0994,-0.08303,-0.06032,0.49265,0.3231,0.37247,-0.0257,-0.17878,-0.46983,-0.20883,1.12496,0.38544,-0.34343,-0.72532,0.15444,0.09985,0.06536,-0.67367,-0.32798,-0.0707,0.41637,0.12462,-0.08838,-0.05337
1.52,-0.01009,0.04268,-0.4168,1.10299,-0.12607,-0.38257,-0.52533,-0.00232,-0.60799,-0.26561,0.384,-0.00238,0.14369,-0.08145,-0.04575,-0.16789,0.11926,-0.06607,-0.06286,0.4343,0.32655,0.48093,-0.01828,-0.13678,-0.37198,-0.18919,1.1921,0.46144,-0.35904,-0.3661,0.19156,0.12281,0.08042,-0.61793,-0.29303,-0.08904,0.43679,0.11395,-0.0957,-0.05724
1.54,0.00697,0.04461,-0.40958,1.12271,-0.19684,-0.37988,-0.45849,0.03069,-0.66415,-0.20289,0.384,-0.00218,0.21495,-0.08385,-0.09079,-0.17171,0.13989,-0.05619,-0.0652,0.37379,0.33117,0.57113,-0.00772,-0.09312,-0.27089,-0.16615,1.22313,0.51714,-0.3726,0.0031,0.21823,0.14358,0.09355,-0.56219,-0.2599,-0.10556,0.42773,0.10443,-0.10127,-0.06033
1.56,0.02447,0.04401,-0.40633,1.13432,-0.25378,-0.36986,-0.39473,0.0626,-0.69751,-0.14487,0.384,-0.00196,0.2652,-0.08175,-0.14377,-0.16853,0.16036,-0.05302,-0.06683,0.31434,0.33634,0.64107,0.00633,-0.0504,-0.17178,-0.14584,1.21764,0.5481,-0.38596,0.36038,0.23328,0.16119,0.10415,-0.50696,-0.23288,-0.12639,0.38312,0.09572,-0.10391,-0.06194
1.58,0.04182,0.04052,-0.40681,1.13843,-0.29474,-0.35192,-0.33627,0.09335,-0.7065,-0.09308,0.384,-0.00172,0.29511,-0.07734,-0.20465,-0.1597,0.17953,-0.05568,-0.06746,0.25852,0.34127,0.69059,0.02366,-0.01,-0.07953,-0.13122,1.17787,0.55367,-0.39839,0.68481,0.23698,0.17478,0.11176,-0.45049,-0.21379,-0.15311,0.29735,0.08744,-0.1031,-0.06172
1.6,0.05839,0.03395,-0.41043,1.13608,-0.31877,-0.32649,-0.28479,0.12315,-0.69132,-0.04853,0.384,-0.00149,0.30722,-0.07221,-0.27219,-0.14733,0.19589,-0.06293,-0.06702,0.20875,0.34494,0.72068,0.04351,0.02761,0.00065,-0.12255,1.10837,0.53629,-0.40682,0.95433,0.23079,0.18353,0.11604,-0.38928,-0.20237,-0.18304,0.16561,0.07927,-0.09896,-0.05967
1.62,0.07349,0.02427,-0.41644,1.12854,-0.32585,-0.29469,-0.2416,0.15239,-0.65339,-0.01177,0.384,-0.00129,0.30523,-0.06742,-0.34452,-0.13385,0.208,-0.07334,-0.0656,0.16718,0.34631,0.73288,0.06489,0.06262,0.06392,-0.11834,1.01478,0.50009,-0.40706,1.14802,0.21688,0.18667,0.11673,-0.31867,-0.19692,-0.21073,-0.01595,0.07091,-0.092,-0.05599
1.64,0.08656,0.01165,-0.424,1.11717,-0.31677,-0.25777,-0.20746,0.18166,-0.59497,0.01725,0.384,-0.00115,0.29308,-0.06352,-0.42002,-0.12146,0.21505,-0.08576,-0.06342,0.13538,0.34456,0.72905,0.08715,0.09579,0.10722,-0.11668,0.90234,0.4491,-0.39577,1.25145,0.19753,0.18373,0.11374,-0.23339,-0.19506,-0.23029,-0.24986,0.06194,-0.08291,-0.05101
1.66,0.09715,-0.00354,-0.43228,1.10337,-0.29322,-0.2169,-0.18264,0.21161,-0.51904,0.03924,0.384,-0.00108,0.2745,-0.06059,-0.49772,-0.1117,0.2173,-0.09941,-0.06078,0.11415,0.3393,0.71112,0.11026,0.12826,0.13016,-0.11609,0.77524,0.38629,-0.37175,1.26022,0.17483,0.17465,0.10717,-0.1282,-0.19428,-0.23688,-0.53617,0.05182,-0.07241,-0.04508
1.68,0.10492,-0.02056,-0.44039,1.08861,-0.25783,-0.17343,-0.16711,0.2428,-0.42983,0.05541,0.384,-0.00109,0.25297,-0.05828,-0.57684,-0.10548,0.21618,-0.11387,-0.05808,0.10367,0.33066,0.68121,0.13475,0.16132,0.135,-0.11581,0.63735,0.31365,-0.33653,1.18048,0.15075,0.15987,0.09741,0.00116,-0.19201,-0.22706,-0.87026,0.03993,-0.06133,-0.03861
1.7,0.10946,-0.03828,-0.44739,1.07447,-0.21425,-0.12907,-0.16074,0.27535,-0.3331,0.06722,0.384,-0.00118,0.2319,-0.05589,-0.65614,-0.1032,0.21406,-0.12897,-0.05581,0.10367,0.31923,0.64163,0.16143,0.19603,0.12615,-0.11571,0.49307,0.23278,-0.294,1.02756,0.12724,0.14037,0.08509,0.15716,-0.18579,-0.19858,-1.24102,0.02567,-0.0506,-0.03206
1.72,0.1104,-0.0553,-0.45237,1.06203,-0.16664,-0.08555,-0.16313,0.30888,-0.2352,0.07615,0.384,-0.00136,0.2146,-0.05247,-0.73372,-0.10492,0.21374,-0.1447,-0.05449,0.11333,0.30582,0.59487,0.19116,0.23302,0.10897,-0.11602,0.34701,0.1451,-0.24899,0.82245,0.10609,0.11743,0.07102,0.34009,-0.17344,-0.15038,-1.63153,0.00862,-0.04113,-0.02594
1.74,0.10741,-0.07025,-0.45466,1.0511,-0.11894,-0.04396,-0.17323,0.34248,-0.14147,0.08358,0.384,-0.0016,0.20432,-0.04705,-0.80712,-0.11056,0.21762,-0.16116,-0.05455,0.13093,0.29115,0.54348,0.2246,0.27215,0.0883,-0.11697,0.20306,0.05202,-0.20498,0.58702,0.08844,0.09231,0.05597,0.54779,-0.1535,-0.0825,-2.02125,-0.01135,-0.0336,-0.02063
1.76,0.10033,-0.08193,-0.454,1.03967,-0.07454,-0.00435,-0.18904,0.37457,-0.05541,0.09061,0.384,-0.00189,0.20423,-0.03877,-0.87309,-0.12003,0.22717,-0.17848,-0.05617,0.15358,0.27559,0.49015,0.26189,0.31229,0.06757,-0.11848,0.06413,-0.04471,-0.16271,0.34161,0.07465,0.06615,0.04058,0.77472,-0.12553,0.00364,-2.38623,-0.03391,-0.02829,-0.0163
1.78,0.08921,-0.08924,-0.45054,1.02384,-0.0365,0.03397,-0.20741,0.40262,0.02084,0.098,0.384,-0.00219,0.21744,-0.02702,-0.92706,-0.13317,0.24268,-0.19665,-0.05935,0.177,0.25928,0.43818,0.30231,0.35089,0.04866,-0.12014,-0.06682,-0.14207,-0.1201,0.10631,0.06433,0.04012,0.02547,1.0101,-0.09044,0.10458,-2.69621,-0.05805,-0.02511,-0.01299
1.8,0.07432,-0.09113,-0.44482,0.99814,-0.00786,0.07213,-0.22416,0.4231,0.08584,0.10612,0.384,-0.00245,0.24696,-0.01143,-0.96288,-0.14968,0.26331,-0.21542,-0.06383,0.19558,0.24226,0.39164,0.34412,0.38392,0.03219,-0.1212,-0.18585,-0.23544,-0.07295,-0.09793,0.05652,0.01559,0.01137,1.23715,-0.0504,0.21441,-2.91357,-0.08204,-0.02367,-0.01059
1.82,0.05606,-0.08678,-0.4376,0.95655,0.00877,0.11128,-0.23494,0.43222,0.13879,0.11508,0.384,-0.00263,0.29509,0.00792,-0.97396,-0.16895,0.2872,-0.23416,-0.06919,0.20355,0.22461,0.35462,0.38498,0.40677,0.018,-0.12078,-0.28859,-0.31948,-0.01625,-0.25165,0.05003,-0.00605,-0.00103,1.43637,-0.00814,0.32543,-2.99985,-0.10392,-0.02343,-0.00896
1.84,0.03484,-0.07588,-0.42966,0.89388,0.01196,0.15232,-0.2365,0.42719,0.17994,0.12486,0.384,-0.0027,0.36261,0.03041,-0.95526,-0.18985,0.31171,-0.25189,-0.07486,0.1966,0.2066,0.32985,0.42273,0.41576,0.00563,-0.11816,-0.37178,-0.39013,0.05414,-0.34174,0.04376,-0.0237,-0.01117,1.5915,0.03437,0.42947,-2.92744,-0.1223,-0.02391,-0.00791
1.86,0.01102,-0.05891,-0.42168,0.80699,0.002,0.19555,-0.22763,0.40716,0.21078,0.13546,0.384,-0.00263,0.44788,0.05471,-0.90484,-0.21054,0.33351,-0.26718,-0.08019,0.17314,0.18889,0.31781,0.45578,0.40916,-0.00524,-0.11298,-0.43407,-0.44568,0.14001,-0.36461,0.03705,-0.0368,-0.01876,1.6932,0.07656,0.51843,-2.68824,-0.13686,-0.02478,-0.00732
1.88,-0.0149,-0.03734,-0.41429,0.69567,-0.0189,0.24025,-0.20942,0.37356,0.23381,0.14678,0.384,-0.00243,0.54606,0.07849,-0.82452,-0.22826,0.34841,-0.278,-0.0844,0.13473,0.17263,0.31659,0.48296,0.38747,-0.01459,-0.10531,-0.47569,-0.48659,0.23986,-0.32656,0.02973,-0.04517,-0.02374,1.73902,0.11916,0.58374,-2.29715,-0.14837,-0.02593,-0.00709
1.9,-0.04216,-0.01358,-0.40809,0.5629,-0.04686,0.2845,-0.18502,0.32991,0.25214,0.15858,0.384,-0.00214,0.64901,0.0985,-0.7197,-0.23937,0.35142,-0.28172,-0.08654,0.08586,0.15956,0.32239,0.50321,0.35318,-0.02204,-0.09568,-0.49779,-0.51487,0.34875,-0.24238,0.02215,-0.04895,-0.02617,1.73189,0.1637,0.61582,-1.79071,-0.1584,-0.02741,-0.0072
1.92,-0.06988,0.00951,-0.40364,0.41355,-0.07717,0.32574,-0.15867,0.28081,0.26893,0.17044,0.384,-0.00181,0.74713,0.11119,-0.59776,-0.24028,0.33765,-0.27564,-0.08566,0.0325,0.15145,0.33059,0.51552,0.30995,-0.0271,-0.08482,-0.5019,-0.53331,0.46007,-0.13136,0.01495,-0.0485,-0.02622,1.67798,0.2118,0.60504,-1.21771,-0.16871,-0.02934,-0.00763
1.94,-0.09739,0.02938,-0.40142,0.25228,-0.10562,0.36171,-0.13422,0.23038,0.28678,0.18181,0.384,-0.00147,0.8325,0.11389,-0.46555,-0.22879,0.30379,-0.25776,-0.08099,-0.01986,0.14939,0.33734,0.51883,0.26145,-0.02951,-0.07338,-0.48963,-0.54481,0.56837,-0.01183,0.00878,-0.0443,-0.02414,1.58433,0.26438,0.54355,-0.6248,-0.18049,-0.0318,-0.00837
1.96,-0.1244,0.04425,-0.40171,0.08259,-0.1293,0.39105,-0.11426,0.18142,0.30727,0.19197,0.34825,-0.00114,0.90067,0.10553,-0.32821,-0.20519,0.24929,-0.22749,-0.07211,-0.06752,0.15322,0.34058,0.51219,0.21071,-0.0295,-0.06178,-0.46254,-0.55187,0.67101,0.10205,0.00402,-0.03698,-0.02026,1.4577,0.32091,0.42698,-0.04882,-0.19373,-0.03473,-0.00939
1.98,-0.15077,0.05317,-0.40465,-0.0921,-0.14664,0.41319,-0.10004,0.13553,0.33064,0.19995,0.25468,-0.00086,0.95063,0.08693,-0.18984,-0.17262,0.17696,-0.18594,-0.05905,-0.10848,0.16136,0.34032,0.49466,0.16037,-0.02788,-0.05021,-0.42219,-0.5564,0.76783,0.20031,0.00084,-0.02738,-0.01503,1.30502,0.37878,0.25551,0.48085,-0.20701,-0.03785,-0.01061
2,-0.17636,0.05575,-0.41022,-0.26739,-0.15709,0.42803,-0.09171,0.09355,0.3558,0.20451,0.16544,-0.00062,0.98385,0.06059,-0.05451,-0.13682,0.09297,-0.13598,-0.04233,-0.14194,0.171,0.33828,0.46543,0.11298,-0.02595,-0.03876,-0.37034,-0.55966,0.86005,0.27618,-0.0008,-0.0165,-0.00902,1.13412,0.43324,0.03429,0.9381,-0.21758,-0.04073,-0.01189
2.02,-0.20104,0.05206,-0.41832,-0.43828,-0.16087,0.43572,-0.08869,0.05582,0.38069,0.2044,0.08313,-0.00042,1.00293,0.02998,0.07365,-0.10452,0.0054,-0.08163,-0.02283,-0.16789,0.17878,0.33703,0.42395,0.07083,-0.02511,-0.02748,-0.3089,-0.56245,0.94946,0.32578,-0.00108,-0.00541,-0.00282,0.95295,0.4786,-0.22723,1.30093,-0.22205,-0.04282,-0.0131
2.04,-0.22487,0.04246,-0.42884,-0.60068,-0.15871,0.43652,-0.09003,0.02231,0.40293,0.19877,0.00956,-0.00027,1.01006,-0.00155,0.19106,-0.08106,-0.07807,-0.027,-0.00166,-0.18665,0.18173,0.33862,0.37017,0.03545,-0.02644,-0.01637,-0.23976,-0.56539,1.03763,0.34834,-0.00028,0.00503,0.00307,0.76803,0.51025,-0.51684,1.55577,-0.21748,-0.04372,-0.01414
2.06,-0.24816,0.02751,-0.44165,-0.75181,-0.15169,0.43065,-0.09468,-0.00721,0.42022,0.1875,-0.05455,-0.00016,1.00596,-0.03142,0.29473,-0.06879,-0.15143,0.02417,0.01994,-0.19861,0.17801,0.34366,0.3049,0.00731,-0.03035,-0.00548,-0.16504,-0.56904,1.12507,0.34629,0.00123,0.01427,0.00833,0.58398,0.52604,-0.81948,1.69995,-0.20216,-0.04321,-0.01495
2.08,-0.27129,0.00809,-0.45654,-0.88922,-0.14125,0.41834,-0.1015,-0.03287,0.43027,0.17135,-0.10916,-8e-05,0.98956,-0.05767,0.38146,-0.06679,-0.21012,0.06824,0.04038,-0.20403,0.16704,0.35106,0.23037,-0.01395,-0.03646,0.00503,-0.08757,-0.57399,1.21042,0.32526,0.00298,0.02205,0.01278,0.40482,0.52637,-1.11491,1.74078,-0.17589,-0.04133,-0.01553
2.1,-0.29452,-0.01457,-0.47315,-1.00966,-0.12914,0.39978,-0.10933,-0.05451,0.4307,0.15191,-0.1544,-2e-05,0.95829,-0.07883,0.44718,-0.07138,-0.25042,0.10141,0.05769,-0.20289,0.1494,0.35819,0.1505,-0.02925,-0.04366,0.01483,-0.0113,-0.58074,1.28999,0.29354,0.00443,0.02831,0.01635,0.23527,0.51381,-1.37677,1.6931,-0.13993,-0.03835,-0.01592
2.12,-0.31807,-0.03913,-0.49098,-1.1096,-0.11715,0.37519,-0.11718,-0.07179,0.41931,0.13116,-0.19044,1e-05,0.909,-0.09392,0.48764,-0.07747,-0.26941,0.12007,0.06985,-0.1949,0.12644,0.36161,0.07016,-0.03991,-0.05058,0.02352,0.05961,-0.58964,1.3587,0.26018,0.00495,0.03306,0.019,0.08039,0.49184,-1.57694,1.57568,-0.09647,-0.0346,-0.01617
2.14,-0.34225,-0.06446,-0.50953,-1.1866,-0.10675,0.34469,-0.12455,-0.08449,0.39453,0.11079,-0.21784,2e-05,0.83941,-0.10267,0.50006,-0.08044,-0.26544,0.12165,0.07537,-0.17955,0.09969,0.35815,-0.00612,-0.04744,-0.05608,0.03081,0.12238,-0.60069,1.41183,0.23245,0.00396,0.03639,0.02074,-0.05577,0.46336,-1.69376,1.40693,-0.04791,-0.03035,-0.01626
2.16,-0.36748,-0.08982,-0.52832,-1.24016,-0.09878,0.30844,-0.13166,-0.09268,0.35583,0.09181,-0.2376,2e-05,0.74932,-0.10571,0.48425,-0.07745,-0.23845,0.10528,0.07372,-0.15621,0.07055,0.34566,-0.07487,-0.05352,-0.05969,0.0367,0.17657,-0.61342,1.44616,0.21405,0.0009,0.03833,0.02156,-0.17077,0.42969,-1.71732,1.20273,0.00356,-0.02566,-0.0161
2.18,-0.39414,-0.11469,-0.54678,-1.27144,-0.09351,0.26692,-0.13944,-0.09674,0.30413,0.0746,-0.25103,-0,0.64162,-0.10453,0.44297,-0.06774,-0.1902,0.07196,0.06544,-0.12433,0.04043,0.3233,-0.13322,-0.05986,-0.06167,0.04141,0.22381,-0.62674,1.45989,0.20489,-0.00471,0.03886,0.02144,-0.26295,0.3906,-1.65041,0.97734,0.05561,-0.02042,-0.0155
2.2,-0.42237,-0.13863,-0.56407,-1.28264,-0.09072,0.22114,-0.14941,-0.09722,0.24186,0.05911,-0.25954,-5e-05,0.52248,-0.10133,0.38159,-0.05247,-0.12421,0.0245,0.05197,-0.08357,0.01091,0.29151,-0.1785,-0.06819,-0.06293,0.04536,0.26735,-0.63892,1.45215,0.20147,-0.01322,0.03793,0.02035,-0.33051,0.34471,-1.50675,0.74453,0.1055,-0.01435,-0.01419
2.22,-0.45211,-0.16119,-0.57918,-1.27662,-0.08996,0.17245,-0.1635,-0.09487,0.17246,0.04507,-0.26454,-0.00011,0.40014,-0.09853,0.30703,-0.03391,-0.04519,-0.03313,0.03529,-0.03389,-0.01641,0.25174,-0.20838,-0.08031,-0.06484,0.04905,0.31173,-0.64765,1.42239,0.1977,-0.02491,0.03544,0.01825,-0.37153,0.29011,-1.30634,0.51675,0.15036,-0.00717,-0.0119
2.24,-0.48333,-0.18205,-0.59115,-1.25665,-0.09073,0.12221,-0.18369,-0.09066,0.09947,0.03227,-0.26736,-0.00021,0.28268,-0.09807,0.22612,-0.01435,0.04197,-0.09664,0.01735,0.02442,-0.04033,0.20608,-0.22153,-0.09816,-0.06907,0.05307,0.36265,-0.65039,1.3698,0.18609,-0.03995,0.03138,0.01515,-0.38462,0.22527,-1.06916,0.30296,0.18793,0.00136,-0.00841
2.26,-0.51597,-0.20098,-0.59914,-1.22639,-0.09272,0.07168,-0.21182,-0.08581,0.02621,0.02069,-0.26921,-0.00035,0.17693,-0.10092,0.14485,0.00466,0.13243,-0.16185,-0.00025,0.0905,-0.06022,0.15713,-0.21813,-0.12383,-0.07741,0.058,0.42671,-0.64447,1.29306,0.15848,-0.05834,0.02588,0.01114,-0.36948,0.14977,-0.81179,0.10778,0.21687,0.01131,-0.00367
2.28,-0.54979,-0.21776,-0.60237,-1.19003,-0.0958,0.02238,-0.24926,-0.08187,-0.04381,0.01066,-0.27119,-0.00054,0.08893,-0.10702,0.06873,0.02227,0.2209,-0.22428,-0.01623,0.16238,-0.07594,0.10837,-0.19994,-0.15938,-0.09164,0.06436,0.51089,-0.62718,1.1908,0.10645,-0.07978,0.01929,0.00644,-0.327,0.0651,-0.54839,-0.06713,0.23663,0.02246,0.00217
2.3,-0.58408,-0.23197,-0.6001,-1.15236,-0.10002,-0.02362,-0.29676,-0.08063,-0.10642,0.00294,-0.27419,-0.00077,0.02471,-0.11526,0.00331,0.03816,0.30119,-0.27882,-0.02949,0.23674,-0.08764,0.06425,-0.1701,-0.20661,-0.11346,0.0726,0.62181,-0.59585,1.06214,0.02186,-0.10352,0.01218,0.00139,-0.25922,-0.02503,-0.29238,-0.22135,0.24718,0.0343,0.00874
2.32,-0.61782,-0.24312,-0.59168,-1.11795,-0.10557,-0.06412,-0.35434,-0.0838,-0.15737,-0.00165,-0.27888,-0.00105,-0.01049,-0.12396,-0.04644,0.05226,0.36732,-0.32054,-0.03923,0.30963,-0.0957,0.02934,-0.13261,-0.26664,-0.144,0.083,0.76437,-0.54803,0.90671,-0.1016,-0.12845,0.00522,-0.00359,-0.16901,-0.11561,-0.05575,-0.3549,0.24882,0.04611,0.01557
2.34,-0.64995,-0.25079,-0.5767,-1.09005,-0.11271,-0.09753,-0.42126,-0.09244,-0.19345,-0.00259,-0.28559,-0.00137,-0.01373,-0.13137,-0.07733,0.06447,0.41547,-0.34598,-0.04521,0.37789,-0.10075,0.00685,-0.09157,-0.33953,-0.18327,0.09558,0.94004,-0.48188,0.72457,-0.26609,-0.15312,-0.00095,-0.00808,-0.05973,-0.20179,0.1533,-0.46811,0.24216,0.0572,0.02216
2.36,-0.6795,-0.2548,-0.5552,-1.06982,-0.1218,-0.12343,-0.49573,-0.10659,-0.21323,-4e-05,-0.29423,-0.00174,0.01441,-0.13605,-0.08875,0.07441,0.44532,-0.35414,-0.0479,0.43992,-0.10372,-0.00239,-0.05078,-0.42365,-0.22961,0.11005,1.14495,-0.39663,0.51681,-0.46736,-0.1758,-0.00588,-0.01175,0.06464,-0.27977,0.33126,-0.56117,0.22812,0.06698,0.02814
2.38,-0.70536,-0.25516,-0.52782,-1.05631,-0.13314,-0.14238,-0.57433,-0.12502,-0.21698,0.00511,-0.30418,-0.00211,0.06941,-0.13691,-0.08274,0.08126,0.46004,-0.34657,-0.04846,0.49536,-0.10576,-8e-05,-0.01404,-0.51491,-0.27918,0.12559,1.36802,-0.29333,0.28712,-0.69281,-0.19424,-0.00922,-0.01434,0.19856,-0.34632,0.47812,-0.63326,0.20802,0.07494,0.03318
2.4,-0.72612,-0.25204,-0.49587,-1.04682,-0.14692,-0.15564,-0.65173,-0.14535,-0.20642,0.0113,-0.31434,-0.00245,0.14325,-0.13316,-0.06352,0.08384,0.46559,-0.32696,-0.04867,0.54452,-0.10822,0.00997,0.01477,-0.60653,-0.32599,0.14088,1.59054,-0.17526,0.04286,-0.92135,-0.20568,-0.01071,-0.0156,0.33437,-0.39831,0.59563,-0.68206,0.1836,0.08059,0.03698
2.42,-0.74024,-0.24574,-0.461,-1.03767,-0.16322,-0.16475,-0.72173,-0.16464,-0.18416,0.01677,-0.32333,-0.00273,0.22617,-0.12438,-0.03634,0.08091,0.46892,-0.30013,-0.05049,0.58796,-0.11234,0.02288,0.0321,-0.69006,-0.36308,0.15433,1.79017,-0.04754,-0.20667,-1.12806,-0.20738,-0.01015,-0.0153,0.46369,-0.43325,0.68603,-0.70471,0.15674,0.08353,0.03933
2.44,-0.74653,-0.23668,-0.42464,-1.02506,-0.18196,-0.17104,-0.77913,-0.18034,-0.15322,0.02015,-0.32992,-0.0029,0.30936,-0.11057,-0.00596,0.07187,0.47565,-0.27057,-0.05551,0.62629,-0.11896,0.03414,0.03573,-0.75742,-0.38455,0.1644,1.94771,0.08383,-0.4536,-1.29204,-0.19748,-0.00732,-0.01327,0.57982,-0.45039,0.7513,-0.69984,0.12905,0.08365,0.04016
2.46,-0.74444,-0.22545,-0.38778,-1.00578,-0.20282,-0.17536,-0.82085,-0.19089,-0.11679,0.02089,-0.33326,-0.00297,0.38651,-0.09233,0.02437,0.05718,0.48844,-0.24166,-0.06457,0.65987,-0.12827,0.04057,0.02539,-0.80207,-0.38686,0.16995,2.05135,0.21221,-0.69301,-1.40123,-0.17579,-0.00204,-0.00938,0.67922,-0.45158,0.79249,-0.66901,0.10168,0.08124,0.03963
2.48,-0.7341,-0.2129,-0.35115,-0.97753,-0.22507,-0.17791,-0.84586,-0.19577,-0.07842,0.01937,-0.33292,-0.00293,0.45361,-0.07097,0.05286,0.03859,0.50645,-0.21557,-0.07761,0.68848,-0.13968,0.04048,0.00301,-0.81889,-0.36906,0.17018,2.0968,0.32932,-0.9215,-1.45271,-0.14402,0.00587,-0.00361,0.76095,-0.4414,0.80908,-0.61725,0.07549,0.07708,0.03818
2.5,-0.71628,-0.20014,-0.31545,-0.93895,-0.24749,-0.17831,-0.85464,-0.19535,-0.04214,0.01675,-0.32879,-0.00281,0.50823,-0.04853,0.07884,0.01909,0.52571,-0.19361,-0.09367,0.71117,-0.15179,0.03353,-0.02754,-0.80387,-0.33261,0.1646,2.0857,0.42482,-1.13526,-1.45094,-0.10567,0.01648,0.00394,0.82579,-0.42662,0.79899,-0.55277,0.05123,0.07233,0.03642
2.52,-0.69209,-0.18844,-0.28138,-0.88949,-0.2686,-0.17591,-0.84871,-0.19046,-0.01191,0.01457,-0.32101,-0.00263,0.54921,-0.02731,0.10235,0.00212,0.54054,-0.17643,-0.11139,0.7267,-0.16276,0.02023,-0.06146,-0.75472,-0.28065,0.15305,2.02368,0.4882,-1.32964,-1.40508,-0.06513,0.02972,0.01306,0.87553,-0.41454,0.75985,-0.48534,0.02956,0.06823,0.03504
2.54,-0.66265,-0.17885,-0.24927,-0.82911,-0.28709,-0.17027,-0.83007,-0.18201,0.00936,0.01419,-0.30971,-0.00242,0.57649,-0.00909,0.12356,-0.00941,0.54575,-0.16415,-0.12961,0.73442,-0.17064,0.00139,-0.0945,-0.67195,-0.21719,0.13585,1.91808,0.51231,-1.49978,-1.32588,-0.02627,0.04525,0.02339,0.91269,-0.41054,0.69124,-0.42388,0.01094,0.06567,0.0345
2.56,-0.62893,-0.17212,-0.21905,-0.75836,-0.30207,-0.16153,-0.80106,-0.17065,0.02039,0.01635,-0.295,-0.00221,0.59107,0.00535,0.14239,-0.01393,0.53817,-0.15652,-0.14777,0.73482,-0.17373,-0.02221,-0.12385,-0.56009,-0.14679,0.11391,1.77695,0.49577,-1.64055,-1.2239,0.00841,0.06237,0.03446,0.94015,-0.41641,0.59649,-0.37498,-0.00443,0.06488,0.0349
2.58,-0.59197,-0.16865,-0.19047,-0.67881,-0.31299,-0.15056,-0.76441,-0.15683,0.02163,0.02109,-0.27703,-0.00202,0.59478,0.0162,0.15825,-0.01124,0.517,-0.15301,-0.16584,0.7297,-0.17058,-0.04975,-0.14814,-0.4287,-0.07494,0.08894,1.60973,0.44358,-1.74533,-1.10974,0.03772,0.07983,0.04551,0.96083,-0.42989,0.48386,-0.34293,-0.01646,0.06536,0.03593
2.6,-0.55308,-0.1686,-0.16327,-0.59347,-0.31954,-0.13892,-0.72334,-0.14087,0.01492,0.0278,-0.25608,-0.00184,0.59007,0.02444,0.17,-0.00243,0.48374,-0.15292,-0.18412,0.7219,-0.15996,-0.08022,-0.16707,-0.29232,-0.00833,0.06343,1.42786,0.36636,-1.80535,-0.99445,0.06139,0.09585,0.05554,0.97744,-0.44521,0.36628,-0.33027,-0.02506,0.06599,0.03693
2.62,-0.51365,-0.17195,-0.13729,-0.50613,-0.3216,-0.1285,-0.6812,-0.12301,0.00293,0.03555,-0.23257,-0.00168,0.57984,0.03144,0.17631,0.01073,0.4417,-0.1555,-0.20273,0.71467,-0.14085,-0.11241,-0.18096,-0.16737,0.0462,0.0402,1.24355,0.27744,-1.81155,-0.88856,0.07977,0.10844,0.06346,0.9924,-0.45494,0.25831,-0.33817,-0.03019,0.06539,0.03708
2.64,-0.47477,-0.1786,-0.11221,-0.42018,-0.31928,-0.12091,-0.64071,-0.10348,-0.01164,0.04352,-0.20698,-0.00155,0.56721,0.03855,0.17636,0.02639,0.39527,-0.16005,-0.22101,0.71069,-0.11257,-0.14505,-0.19018,-0.06715,0.08355,0.02145,1.06741,0.18873,-1.75816,-0.80007,0.09353,0.1161,0.06843,1.00783,-0.45283,0.17131,-0.36668,-0.03195,0.06247,0.03575
2.66,-0.43711,-0.18836,-0.08762,-0.33812,-0.31303,-0.11716,-0.60368,-0.08256,-0.02656,0.05128,-0.17987,-0.00144,0.55547,0.04671,0.17032,0.04302,0.3497,-0.16598,-0.23709,0.71142,-0.07489,-0.17677,-0.19479,0.00129,0.10153,0.00833,0.90745,0.10821,-1.64552,-0.73343,0.1034,0.1182,0.07015,1.02558,-0.43575,0.11033,-0.41476,-0.03068,0.05678,0.03268
2.68,-0.40112,-0.20089,-0.06316,-0.262,-0.30365,-0.11758,-0.5712,-0.06082,-0.04003,0.05884,-0.15214,-0.00135,0.54817,0.05637,0.1595,0.05945,0.31134,-0.1728,-0.24758,0.71691,-0.02839,-0.20586,-0.19436,0.03737,0.10102,0.00084,0.77001,0.03985,-1.48143,-0.68979,0.11007,0.11508,0.06881,1.04705,-0.40427,0.07385,-0.47999,-0.027,0.04868,0.0281
2.7,-0.36736,-0.21567,-0.0387,-0.194,-0.29226,-0.12187,-0.54392,-0.03914,-0.05061,0.06648,-0.1251,-0.00128,0.54904,0.06741,0.14621,0.07469,0.28761,-0.18006,-0.2478,0.72604,0.02548,-0.23013,-0.18803,0.04572,0.08541,-0.00189,0.66097,-0.01542,-1.28084,-0.66789,0.11405,0.1079,0.06508,1.0731,-0.36229,0.05506,-0.55853,-0.02174,0.03924,0.02262
2.72,-0.33637,-0.23213,-0.01429,-0.13617,-0.28006,-0.1293,-0.52218,-0.01863,-0.0572,0.07465,-0.10027,-0.00122,0.56159,0.07929,0.13316,0.08799,0.28557,-0.1874,-0.23304,0.73709,0.08462,-0.24738,-0.17486,0.03401,0.05951,-0.00125,0.58552,-0.05872,-1.06227,-0.66526,0.11572,0.09823,0.05984,1.10411,-0.31545,0.04469,-0.64584,-0.01581,0.02985,0.01708
2.74,-0.30846,-0.24985,0.01006,-0.08954,-0.268,-0.13883,-0.50587,-0.00023,-0.0591,0.08371,-0.07882,-0.00117,0.5883,0.09119,0.12256,0.09896,0.30946,-0.19462,-0.20044,0.74868,0.14701,-0.2562,-0.15437,0.01018,0.02798,0.00133,0.54683,-0.09216,-0.84215,-0.67943,0.11539,0.08746,0.05386,1.14019,-0.26872,0.03467,-0.73812,-0.00993,0.02172,0.01219
2.76,-0.28353,-0.26862,0.0344,-0.05372,-0.25649,-0.14922,-0.49447,0.01546,-0.05608,0.09382,-0.06133,-0.00114,0.63001,0.10211,0.11558,0.10758,0.35898,-0.20171,-0.15052,0.76035,0.21089,-0.25659,-0.12702,-0.01928,-0.0055,0.00472,0.54521,-0.11805,-0.63183,-0.70874,0.11334,0.0765,0.04767,1.18108,-0.22494,0.02069,-0.83282,-0.0045,0.01543,0.00832
2.78,-0.26131,-0.28833,0.05871,-0.02705,-0.24551,-0.15894,-0.48709,0.02809,-0.04836,0.10474,-0.04783,-0.00111,0.68546,0.11083,0.11219,0.11423,0.42849,-0.20879,-0.08784,0.77262,0.27433,-0.24999,-0.09451,-0.04965,-0.03826,0.00813,0.57805,-0.13849,-0.43833,-0.75234,0.10986,0.06574,0.04149,1.22594,-0.18476,0.00297,-0.92814,0.00036,0.01096,0.00548
2.8,-0.24149,-0.30887,0.0827,-0.00705,-0.23465,-0.16619,-0.48266,0.03743,-0.0366,0.11588,-0.03801,-0.00109,0.7513,0.11583,0.11143,0.11947,0.5074,-0.21602,-0.02077,0.78677,0.33486,-0.23914,-0.05977,-0.07767,-0.06836,0.01105,0.64023,-0.15508,-0.26613,-0.80996,0.10525,0.05516,0.03533,1.27308,-0.14719,-0.0142,-1.02232,0.0048,0.00775,0.00338
2.82,-0.22381,-0.33006,0.10595,0.00907,-0.22327,-0.1692,-0.48014,0.04343,-0.02174,0.12634,-0.03137,-0.00107,0.82301,0.11562,0.1118,0.12393,0.58248,-0.2234,0.04069,0.80449,0.38982,-0.22735,-0.02638,-0.1013,-0.09447,0.01322,0.72509,-0.16894,-0.11776,-0.88144,0.0998,0.04455,0.02909,1.32023,-0.11032,-0.02441,-1.11359,0.00906,0.005,0.0016
2.84,-0.20793,-0.35176,0.1281,0.02389,-0.2105,-0.16668,-0.47875,0.04627,-0.00466,0.1352,-0.02742,-0.00105,0.89649,0.10909,0.11189,0.12807,0.6416,-0.23058,0.08835,0.82733,0.43711,-0.21752,0.00249,-0.11958,-0.11589,0.01457,0.82577,-0.18072,0.00646,-0.96627,0.09375,0.03363,0.02263,1.36516,-0.07223,-0.02213,-1.20069,0.0134,0.00193,-0.00028
2.86,-0.19341,-0.37386,0.14901,0.0394,-0.19535,-0.15819,-0.47814,0.04646,0.01386,0.1416,-0.02574,-0.00103,0.96879,0.09588,0.11083,0.13202,0.67599,-0.23665,0.11797,0.85621,0.47567,-0.21148,0.0247,-0.13241,-0.13246,0.01512,0.9357,-0.19062,0.10827,-1.06286,0.08733,0.02225,0.0159,1.40587,-0.03163,-0.00477,-1.2828,0.01797,-0.00195,-0.00254
2.88,-0.17982,-0.39608,0.16857,0.05677,-0.17687,-0.14427,-0.47844,0.04487,0.03307,0.14475,-0.02607,-0.001,1.03782,0.07657,0.10836,0.13554,0.68053,-0.24004,0.12957,0.89117,0.50521,-0.20991,0.03911,-0.14043,-0.14447,0.01501,1.04795,-0.19833,0.19056,-1.16771,0.08074,0.01052,0.00898,1.44038,0.0116,0.02675,-1.359,0.02274,-0.0068,-0.00524
2.9,-0.16687,-0.41785,0.18659,0.07629,-0.15419,-0.12636,-0.48021,0.04266,0.05212,0.14386,-0.02827,-0.00098,1.10174,0.05258,0.10479,0.13797,0.6533,-0.23861,0.12673,0.93124,0.52586,-0.2125,0.04532,-0.14479,-0.15242,0.01446,1.15461,-0.20302,0.25648,-1.27498,0.07423,-0.00116,0.00212,1.46643,0.05623,0.06821,-1.42763,0.0275,-0.01238,-0.00828
2.92,-0.15437,-0.43841,0.20281,0.0977,-0.12657,-0.10632,-0.48423,0.04101,0.07013,0.13818,-0.03235,-0.00095,1.15891,0.02592,0.10083,0.13843,0.59507,-0.23023,0.11494,0.97486,0.53789,-0.21835,0.04331,-0.14688,-0.1569,0.01372,1.24764,-0.20356,0.30897,-1.37765,0.06807,-0.0122,-0.00434,1.48161,0.10009,0.1135,-1.48653,0.03191,-0.01827,-0.0114
2.94,-0.14218,-0.45708,0.21709,0.12063,-0.09328,-0.08573,-0.49118,0.04084,0.08635,0.1271,-0.03834,-0.00091,1.20813,-0.00146,0.09727,0.13595,0.50906,-0.21359,0.09945,1.02061,0.54159,-0.22654,0.03321,-0.148,-0.15851,0.01305,1.32054,-0.19902,0.35082,-1.46952,0.06243,-0.02212,-0.01009,1.48376,0.14078,0.15657,-1.53376,0.03564,-0.02397,-0.01434
2.96,-0.13017,-0.47337,0.22948,0.14488,-0.05372,-0.06552,-0.50143,0.04258,0.10025,0.11025,-0.04624,-0.00086,1.24866,-0.02788,0.09481,0.12968,0.40107,-0.18888,0.08392,1.06753,0.53718,-0.23645,0.01512,-0.14909,-0.15778,0.01263,1.36933,-0.18898,0.38455,-1.54638,0.05731,-0.03063,-0.01498,1.47135,0.17606,0.19268,-1.56798,0.03841,-0.02902,-0.01687
2.98,-0.11827,-0.48686,0.24014,0.17029,-0.00767,-0.04593,-0.51485,0.04606,0.11137,0.08769,-0.05592,-0.00081,1.27991,-0.05184,0.09402,0.11896,0.28023,-0.15815,0.0701,1.11483,0.52478,-0.24781,-0.01084,-0.15069,-0.15514,0.0126,1.39237,-0.17365,0.41208,-1.60564,0.05265,-0.03762,-0.01898,1.44355,0.20371,0.21837,-1.58825,0.03999,-0.03305,-0.01881
3,-0.10663,-0.49712,0.2492,0.19656,0.04444,-0.0268,-0.5308,0.05065,0.11931,0.05991,-0.06712,-0.00075,1.30108,-0.07184,0.09537,0.10331,0.15912,-0.12512,0.05817,1.16151,0.50443,-0.26057,-0.04437,-0.15295,-0.15093,0.01304,1.38971,-0.15392,0.43452,-1.64563,0.04828,-0.04311,-0.02212,1.40024,0.22124,0.2312,-1.59368,0.0402,-0.03568,-0.01997
3.02,-0.0955,-0.50367,0.25675,0.22324,0.10165,-0.0077,-0.54814,0.05538,0.12365,0.02786,-0.07939,-0.00068,1.31114,-0.08644,0.09918,0.08246,0.05139,-0.09431,0.04726,1.20607,0.47594,-0.27459,-0.08487,-0.15563,-0.14537,0.01397,1.36254,-0.13105,0.45231,-1.66521,0.04402,-0.04714,-0.02445,1.34177,0.22626,0.22968,-1.58338,0.03888,-0.03657,-0.02021
3.04,-0.08512,-0.50605,0.26281,0.2498,0.16286,0.01187,-0.56526,0.05937,0.12417,-0.00723,-0.09213,-0.00061,1.30907,-0.09452,0.10549,0.05626,-0.03226,-0.06943,0.0362,1.24628,0.43886,-0.28933,-0.13136,-0.15823,-0.13857,0.01533,1.31264,-0.10632,0.46559,-1.66371,0.03968,-0.04979,-0.02606,1.26866,0.21713,0.21341,-1.55653,0.03593,-0.03554,-0.01945
3.06,-0.07568,-0.50395,0.26728,0.27561,0.22679,0.03231,-0.58014,0.06197,0.1209,-0.0438,-0.10459,-0.00053,1.29396,-0.09547,0.11399,0.02478,-0.08663,-0.05246,0.02409,1.27896,0.39253,-0.30355,-0.1822,-0.15997,-0.1305,0.01699,1.24226,-0.08087,0.47453,-1.64091,0.03505,-0.05117,-0.02702,1.18167,0.19348,0.18329,-1.51259,0.03136,-0.03259,-0.01769
3.08,-0.06736,-0.49718,0.26996,0.2997,0.29153,0.0537,-0.59012,0.06282,0.11418,-0.0797,-0.1157,-0.00044,1.2652,-0.08919,0.12394,-0.01146,-0.11209,-0.04351,0.01048,1.29962,0.33641,-0.31511,-0.23468,-0.15984,-0.12105,0.0187,1.15457,-0.0558,0.47923,-1.59722,0.03,-0.05136,-0.02737,1.08242,0.15646,0.1418,-1.45165,0.02528,-0.02797,-0.01504
3.1,-0.06038,-0.48565,0.27047,0.3207,0.35427,0.0757,-0.59202,0.06182,0.1046,-0.11204,-0.12412,-0.00036,1.22246,-0.07601,0.13416,-0.05132,-0.11365,-0.04114,-0.0045,1.30243,0.27039,-0.32107,-0.28482,-0.15658,-0.11014,0.02013,1.05384,-0.03237,0.47967,-1.53362,0.02445,-0.05045,-0.02713,0.97382,0.10872,0.09289,-1.37461,0.01797,-0.02212,-0.01172
3.12,-0.05496,-0.46938,0.26833,0.33707,0.41183,0.09769,-0.58251,0.05906,0.09288,-0.13776,-0.12832,-0.00028,1.16543,-0.05657,0.14328,-0.09323,-0.099,-0.04294,-0.02025,1.28116,0.1949,-0.3183,-0.32808,-0.14889,-0.09766,0.02088,0.94471,-0.01193,0.47564,-1.45157,0.01842,-0.04848,-0.0263,0.85929,0.05392,0.04135,-1.28295,0.0098,-0.01564,-0.00802
3.14,-0.0512,-0.4484,0.26316,0.34761,0.46189,0.11897,-0.55897,0.05478,0.07964,-0.15462,-0.12706,-0.00021,1.09349,-0.03161,0.15008,-0.13558,-0.0762,-0.04618,-0.03579,1.2308,0.11081,-0.30458,-0.36061,-0.13566,-0.08349,0.02066,0.83061,0.00439,0.46675,-1.35265,0.01196,-0.04551,-0.02487,0.74136,-0.00416,-0.00842,-1.17825,0.00113,-0.00908,-0.0042
3.16,-0.04892,-0.42284,0.25472,0.35187,0.50361,0.13896,-0.52012,0.04934,0.06527,-0.16189,-0.11955,-0.00016,1.00577,-0.00198,0.15377,-0.17687,-0.05215,-0.04832,-0.04983,1.14887,0.01967,-0.27937,-0.38007,-0.11626,-0.06749,0.0193,0.71322,0.01576,0.45241,-1.23882,0.00518,-0.0416,-0.02286,0.62102,-0.06197,-0.05301,-1.06226,-0.00767,-0.00288,-0.00051
3.18,-0.04775,-0.39313,0.24309,0.35016,0.53748,0.15699,-0.46646,0.04325,0.05006,-0.16036,-0.1056,-0.00011,0.90172,0.03115,0.15395,-0.21539,-0.03235,-0.04705,-0.06065,1.03624,-0.07555,-0.2442,-0.38562,-0.09071,-0.04966,0.01679,0.59314,0.02162,0.43199,-1.11322,-0.00175,-0.03684,-0.02035,0.49853,-0.11582,-0.08982,-0.93773,-0.0162,0.00262,0.00283
3.2,-0.04713,-0.36008,0.22859,0.34338,0.5649,0.17225,-0.40024,0.0372,0.03426,-0.15214,-0.08561,-9e-05,0.78172,0.06615,0.15063,-0.24902,-0.02112,-0.04037,-0.06614,0.89738,-0.17002,-0.20253,-0.3776,-0.05974,-0.03021,0.01328,0.47082,0.02156,0.4049,-0.98078,-0.00849,-0.03142,-0.01743,0.37428,-0.16164,-0.11674,-0.80906,-0.02399,0.0071,0.0056
3.22,-0.04641,-0.32484,0.21173,0.3327,0.58768,0.18388,-0.32474,0.03184,0.01814,-0.13991,-0.06037,-8e-05,0.64703,0.10095,0.14413,-0.27547,-0.0215,-0.02677,-0.06422,0.73892,-0.2579,-0.15881,-0.35711,-0.02454,-0.00954,0.009,0.34686,0.01545,0.37082,-0.84743,-0.01466,-0.02555,-0.01425,0.24902,-0.19538,-0.13214,-0.68166,-0.03051,0.01031,0.0076
3.24,-0.04505,-0.28851,0.19301,0.31911,0.60774,0.1913,-0.24297,0.02758,0.00199,-0.12597,-0.03079,-9e-05,0.49939,0.13332,0.13507,-0.29294,-0.03507,-0.00549,-0.05369,0.56756,-0.33394,-0.11701,-0.32554,0.01363,0.01193,0.00417,0.22179,0.00365,0.32995,-0.71845,-0.01991,-0.01943,-0.01093,0.12344,-0.21411,-0.13531,-0.5604,-0.03536,0.01214,0.0087
3.26,-0.04269,-0.25216,0.17285,0.30313,0.62673,0.19438,-0.15712,0.02442,-0.01385,-0.11165,0.00216,-0.00013,0.34127,0.16089,0.12436,-0.30052,-0.06168,0.02309,-0.0348,0.38918,-0.39443,-0.07973,-0.28436,0.05361,0.03374,-0.00107,0.09637,-0.01277,0.28329,-0.59773,-0.02403,-0.01322,-0.00758,-0.00162,-0.21666,-0.12661,-0.44898,-0.03831,0.01261,0.0089
3.28,-0.03919,-0.21701,0.15169,0.28487,0.64584,0.1935,-0.06898,0.02189,-0.02886,-0.09726,0.03723,-0.00018,0.17709,0.18096,0.11333,-0.29815,-0.09927,0.05726,-0.00949,0.20985,-0.43691,-0.04831,-0.23533,0.09407,0.05527,-0.00663,-0.02736,-0.03187,0.23313,-0.48855,-0.0269,-0.00711,-0.00431,-0.12419,-0.20373,-0.10766,-0.35061,-0.03932,0.01191,0.00832
3.3,-0.03465,-0.18467,0.13017,0.26421,0.66568,0.18939,0.01937,0.01919,-0.04224,-0.08228,0.07274,-0.00026,0.01399,0.19044,0.10365,-0.28652,-0.1439,0.09395,0.01866,0.03699,-0.45962,-0.02312,-0.18077,0.13327,0.07559,-0.01243,-0.14546,-0.05087,0.18308,-0.3944,-0.02848,-0.00134,-0.00123,-0.24045,-0.17765,-0.08116,-0.26881,-0.03848,0.01039,0.00718
3.32,-0.02932,-0.15684,0.109,0.24086,0.68637,0.18299,0.10575,0.01539,-0.05312,-0.06582,0.10683,-0.00037,-0.13955,0.18635,0.09701,-0.26675,-0.19065,0.12939,0.04539,-0.1217,-0.46153,-0.00378,-0.12322,0.16922,0.09357,-0.01837,-0.25302,-0.06668,0.13733,-0.31849,-0.02878,0.00383,0.00152,-0.34569,-0.14172,-0.05041,-0.20684,-0.03599,0.00844,0.00576
3.34,-0.02348,-0.13471,0.08879,0.21458,0.70777,0.17513,0.18839,0.00973,-0.06088,-0.04713,0.13795,-0.00049,-0.27644,0.16681,0.09454,-0.24018,-0.23494,0.16027,0.06705,-0.26057,-0.44267,0.01083,-0.06496,0.20019,0.10815,-0.02432,-0.34624,-0.07668,0.0992,-0.26255,-0.02784,0.0082,0.00384,-0.43629,-0.09934,-0.01864,-0.16643,-0.0321,0.00644,0.00433
3.36,-0.01739,-0.11862,0.06993,0.18529,0.72959,0.1664,0.26608,0.00185,-0.06532,-0.02604,0.16517,-0.00062,-0.39249,0.13186,0.0964,-0.20819,-0.27329,0.18441,0.0815,-0.37721,-0.40453,0.02249,-0.00783,0.2249,0.11848,-0.03011,-0.42361,-0.0793,0.0703,-0.22599,-0.02582,0.01167,0.00569,-0.51076,-0.05359,0.01146,-0.14686,-0.02713,0.0047,0.00308
3.38,-0.01131,-0.10808,0.05276,0.1534,0.75123,0.15718,0.33763,-0.00806,-0.06673,-0.00325,0.18797,-0.00077,-0.48587,0.08381,0.10168,-0.17248,-0.30322,0.20074,0.08819,-0.4718,-0.35036,0.03353,0.04645,0.24238,0.12388,-0.03547,-0.48552,-0.0741,0.05055,-0.20608,-0.02292,0.01421,0.00705,-0.56948,-0.00745,0.03753,-0.14505,-0.02147,0.00345,0.00213
3.4,-0.00556,-0.10202,0.03767,0.11989,0.77169,0.14769,0.40128,-0.01931,-0.06578,0.01967,0.20608,-0.00091,-0.556,0.02719,0.10855,-0.13514,-0.32298,0.20904,0.08791,-0.54598,-0.28515,0.04662,0.09582,0.25175,0.12374,-0.04,-0.53351,-0.06162,0.03857,-0.19856,-0.01946,0.01584,0.00796,-0.6139,0.03595,0.05738,-0.15598,-0.01563,0.00285,0.00158
3.42,-0.00045,-0.09911,0.02508,0.08613,0.78979,0.13805,0.45508,-0.03094,-0.06334,0.04063,0.21931,-0.00103,-0.60329,-0.03235,0.11467,-0.09837,-0.33173,0.20977,0.08227,-0.60215,-0.21471,0.06433,0.13819,0.25223,0.1175,-0.04324,-0.56972,-0.04315,0.03224,-0.1985,-0.01578,0.01662,0.00845,-0.64601,0.07366,0.06918,-0.17381,-0.01014,0.003,0.00145
3.44,0.00377,-0.09803,0.01525,0.0534,0.80458,0.12829,0.49767,-0.04202,-0.06029,0.05778,0.22767,-0.00113,-0.62923,-0.08977,0.11794,-0.06388,-0.33004,0.20408,0.07312,-0.64313,-0.14427,0.08852,0.1721,0.24326,0.10474,-0.04481,-0.59649,-0.02024,0.02928,-0.20141,-0.01215,0.01663,0.00856,-0.66807,0.1036,0.07187,-0.19328,-0.00542,0.00391,0.00174
3.46,0.00699,-0.09779,0.00823,0.02265,0.81563,0.1184,0.52881,-0.05193,-0.05736,0.0699,0.23135,-0.00119,-0.63655,-0.14161,0.11689,-0.03254,-0.32021,0.19373,0.06221,-0.67184,-0.07771,0.11983,0.1971,0.22467,0.08526,-0.04446,-0.6161,0.00539,0.02764,-0.204,-0.0088,0.01604,0.00838,-0.68229,0.12497,0.06546,-0.2106,-0.00168,0.00548,0.0024
3.48,0.00918,-0.09772,0.00389,-0.00526,0.82299,0.10843,0.54923,-0.0603,-0.05516,0.07641,0.23068,-0.00122,-0.62906,-0.18588,0.11082,-0.0046,-0.30648,0.1812,0.05108,-0.69093,-0.01787,0.15732,0.21359,0.19678,0.05927,-0.04213,-0.63048,0.03175,0.02568,-0.20426,-0.00584,0.01503,0.008,-0.69065,0.13814,0.05116,-0.22353,0.00103,0.0075,0.00333
3.5,0.01037,-0.09749,0.00195,-0.02941,0.82702,0.09853,0.5602,-0.0669,-0.05419,0.07724,0.22607,-0.00122,-0.6114,-0.22152,0.09974,0.02006,-0.29472,0.16959,0.04121,-0.70253,0.03292,0.19849,0.22254,0.16063,0.02749,-0.03793,-0.64109,0.05651,0.02212,-0.20144,-0.00337,0.01385,0.00753,-0.69477,0.14438,0.03121,-0.23114,0.00281,0.00964,0.00439
3.52,0.01067,-0.09703,0.00211,-0.0489,0.82832,0.08892,0.56334,-0.07165,-0.05476,0.0726,0.2179,-0.0012,-0.5884,-0.24824,0.08416,0.04167,-0.29131,0.16213,0.03386,-0.70827,0.07292,0.23997,0.22522,0.11811,-0.00872,-0.03212,-0.64894,0.07727,0.01607,-0.19564,-0.00143,0.01275,0.00709,-0.69593,0.14541,0.00836,-0.23346,0.00385,0.01154,0.00543
3.54,0.0102,-0.09637,0.00399,-0.06324,0.82758,0.07978,0.56025,-0.07454,-0.05695,0.06287,0.20642,-0.00116,-0.56418,-0.26644,0.06477,0.06047,-0.30141,0.16143,0.02991,-0.70944,0.10138,0.27864,0.22285,0.07223,-0.04728,-0.02523,-0.65486,0.09221,0.00698,-0.18741,-1e-05,0.01194,0.00678,-0.69517,0.14296,-0.0149,-0.23106,0.00434,0.01291,0.00631
3.56,0.00907,-0.09561,0.00719,-0.0725,0.82549,0.07116,0.55249,-0.0757,-0.06054,0.04851,0.19173,-0.0011,-0.54172,-0.27718,0.04234,0.07653,-0.32768,0.16886,0.02971,-0.70712,0.11881,0.31235,0.21648,0.02741,-0.08523,-0.01801,-0.65956,0.10044,-0.00533,-0.17738,0.00094,0.01154,0.00665,-0.69341,0.13842,-0.03684,-0.22477,0.0045,0.01362,0.00697
3.58,0.00748,-0.09484,0.01124,-0.07729,0.82276,0.06309,0.54148,-0.07531,-0.06496,0.03015,0.17385,-0.00104,-0.52285,-0.282,0.01784,0.08963,-0.36985,0.18443,0.03309,-0.70219,0.12687,0.33979,0.20693,-0.01001,-0.11834,-0.01157,-0.66371,0.10205,-0.02058,-0.16635,0.00154,0.01159,0.00671,-0.69145,0.13284,-0.0564,-0.21565,0.0045,0.01372,0.00739
3.6,0.0056,-0.09422,0.01559,-0.07865,0.8201,0.05563,0.52861,-0.07362,-0.06933,0.00862,0.15283,-0.00097,-0.50849,-0.28283,-0.00745,0.09909,-0.42489,0.20691,0.03942,-0.69541,0.12805,0.3602,0.19489,-0.03193,-0.14111,-0.0073,-0.6678,0.0979,-0.03802,-0.15525,0.0019,0.01205,0.00697,-0.68996,0.12691,-0.07304,-0.20497,0.00452,0.01338,0.0076
3.62,0.00364,-0.09386,0.01973,-0.07782,0.81809,0.04886,0.51515,-0.07091,-0.07262,-0.01517,0.12869,-0.00091,-0.49886,-0.28166,-0.03208,0.10407,-0.48824,0.23434,0.04786,-0.68728,0.12538,0.37318,0.18087,-0.02998,-0.14788,-0.00669,-0.67211,0.08927,-0.05664,-0.14508,0.00217,0.01284,0.00737,-0.68941,0.12103,-0.0866,-0.19407,0.00466,0.01286,0.00767
3.64,0.00178,-0.09387,0.0232,-0.07603,0.81704,0.04285,0.50224,-0.06747,-0.07388,-0.04047,0.10135,-0.00084,-0.49356,-0.2803,-0.05475,0.10379,-0.55559,0.26484,0.05774,-0.67805,0.12199,0.37867,0.1652,0.00186,-0.13452,-0.01085,-0.67662,0.07743,-0.07555,-0.13666,0.00248,0.01387,0.00789,-0.68995,0.11528,-0.09731,-0.18411,0.005,0.01244,0.00768
3.66,0.00013,-0.09429,0.02573,-0.07436,0.81686,0.03769,0.49081,-0.06361,-0.07246,-0.06675,0.0706,-0.00078,-0.49173,-0.28015,-0.07448,0.09791,-0.62397,0.29706,0.06877,-0.66772,0.12086,0.37692,0.14812,0.06535,-0.09983,-0.02021,-0.68097,0.06339,-0.09419,-0.1305,0.00293,0.01509,0.0085,-0.69126,0.10945,-0.10574,-0.17591,0.00552,0.01233,0.00771
3.68,-0.00119,-0.09509,0.02719,-0.07368,0.81706,0.03351,0.48174,-0.05967,-0.06802,-0.09357,0.03634,-0.00072,-0.49205,-0.28219,-0.09048,0.08654,-0.69144,0.32999,0.08097,-0.65609,0.12474,0.36847,0.12985,0.15713,-0.04597,-0.03441,-0.68435,0.04789,-0.11221,-0.12687,0.00355,0.01643,0.00917,-0.69256,0.10312,-0.11272,-0.16999,0.00615,0.01268,0.00785
3.7,-0.00213,-0.09617,0.02757,-0.07473,0.81677,0.03048,0.47587,-0.05603,-0.06053,-0.12037,-0.00116,-0.00066,-0.49282,-0.28696,-0.10196,0.07026,-0.75652,0.3628,0.09462,-0.64279,0.13615,0.35408,0.11077,0.26887,0.02168,-0.0523,-0.68561,0.03158,-0.12934,-0.1258,0.00436,0.01786,0.0099,-0.69267,0.0957,-0.11921,-0.16664,0.00674,0.01356,0.00818
3.72,-0.00263,-0.09737,0.02696,-0.07799,0.81499,0.0288,0.47382,-0.05306,-0.05017,-0.14651,-0.04125,-0.00061,-0.49218,-0.29473,-0.10812,0.04998,-0.81765,0.3946,0.11008,-0.62727,0.15711,0.3345,0.09137,0.38937,0.09611,-0.07229,-0.68348,0.01497,-0.14534,-0.12713,0.00533,0.01933,0.01066,-0.69028,0.08659,-0.12614,-0.16592,0.0071,0.01502,0.00875
3.74,-0.00272,-0.09855,0.02547,-0.08366,0.81087,0.02856,0.4757,-0.05101,-0.03727,-0.17142,-0.08294,-0.00057,-0.48838,-0.30551,-0.10817,0.02667,-0.87293,0.4245,0.12759,-0.60851,0.18875,0.31015,0.07216,0.50777,0.17099,-0.09279,-0.67708,-0.0015,-0.16003,-0.13051,0.00645,0.02076,0.01141,-0.68441,0.07545,-0.13415,-0.16759,0.00707,0.01701,0.00961
3.76,-0.00247,-0.09954,0.0233,-0.09157,0.80396,0.02965,0.48086,-0.04995,-0.02222,-0.1947,-0.12483,-0.00052,-0.47995,-0.31919,-0.10139,0.00136,-0.91967,0.45147,0.14718,-0.58507,0.2309,0.281,0.05367,0.61534,0.24207,-0.11249,-0.66625,-0.01747,-0.17326,-0.13534,0.00772,0.02203,0.01208,-0.67474,0.06231,-0.14339,-0.17106,0.00657,0.01945,0.01073
3.78,-0.00205,-0.10016,0.02068,-0.10109,0.79431,0.03174,0.48779,-0.04975,-0.00564,-0.21587,-0.16472,-0.00048,-0.46585,-0.3354,-0.08719,-0.02473,-0.95392,0.47412,0.1684,-0.55518,0.28169,0.24675,0.03659,0.7051,0.30692,-0.13028,-0.65169,-0.03248,-0.18481,-0.14076,0.00912,0.02296,0.01259,-0.66172,0.04773,-0.15344,-0.17538,0.00561,0.02214,0.01202
3.8,-0.00167,-0.10025,0.01788,-0.11116,0.78243,0.03431,0.49425,-0.0501,0.01161,-0.23427,-0.19949,-0.00044,-0.44537,-0.35344,-0.06504,-0.05009,-0.9704,0.49055,0.19029,-0.5169,0.33751,0.20702,0.02181,0.77105,0.36428,-0.14512,-0.6349,-0.04589,-0.19426,-0.14563,0.01065,0.02333,0.0128,-0.64655,0.03284,-0.1633,-0.17925,0.00425,0.02483,0.01336
3.82,-0.00158,-0.09962,0.01522,-0.12051,0.76907,0.03677,0.49767,-0.05065,0.02851,-0.24911,-0.22567,-0.0004,-0.41788,-0.37235,-0.03429,-0.07323,-0.96366,0.49877,0.21169,-0.46822,0.39361,0.16131,0.01014,0.8085,0.41362,-0.1561,-0.61775,-0.05697,-0.20111,-0.14875,0.01231,0.02287,0.01256,-0.63078,0.01905,-0.17165,-0.18123,0.00263,0.02721,0.01456
3.84,-0.00199,-0.09816,0.01297,-0.12798,0.75482,0.03861,0.49583,-0.05104,0.04415,-0.25969,-0.2405,-0.00036,-0.3823,-0.39101,0.00611,-0.09326,-0.93009,0.49745,0.23167,-0.40694,0.44538,0.10888,0.00169,0.81515,0.45479,-0.1627,-0.60178,-0.06502,-0.20481,-0.14909,0.01407,0.02133,0.01173,-0.61568,0.00761,-0.17727,-0.18012,0.00087,0.029,0.01548
3.86,-0.00302,-0.09578,0.0113,-0.13278,0.73992,0.03951,0.48739,-0.05106,0.05784,-0.26556,-0.24265,-0.00032,-0.33694,-0.40823,0.05767,-0.11025,-0.86951,0.48641,0.24989,-0.33096,0.48893,0.0488,-0.00448,0.79191,0.48771,-0.16488,-0.58773,-0.06953,-0.20495,-0.146,0.01592,0.01849,0.01021,-0.60188,-0.00072,-0.17934,-0.17516,-0.00092,0.03001,0.01599
3.88,-0.00469,-0.0925,0.01035,-0.1345,0.72429,0.03938,0.47198,-0.0506,0.06904,-0.26645,-0.23235,-0.00027,-0.27975,-0.42258,0.12202,-0.12515,-0.78593,0.46686,0.26646,-0.23883,0.52091,-0.01957,-0.01042,0.74313,0.51203,-0.16316,-0.57557,-0.07012,-0.20119,-0.13928,0.01777,0.01422,0.00793,-0.58935,-0.00563,-0.1775,-0.16615,-0.00264,0.03015,0.01606
3.9,-0.00696,-0.08842,0.01016,-0.13301,0.70769,0.03831,0.45021,-0.0497,0.07727,-0.26222,-0.21119,-0.00022,-0.20861,-0.43226,0.20059,-0.13968,-0.68734,0.44121,0.28177,-0.13014,0.53819,-0.09627,-0.01916,0.67629,0.52691,-0.15846,-0.56468,-0.06653,-0.1933,-0.12913,0.01955,0.00846,0.00486,-0.57761,-0.00716,-0.17172,-0.15339,-0.00419,0.0294,0.01567
3.92,-0.0097,-0.08371,0.01076,-0.12841,0.68982,0.03653,0.42323,-0.04844,0.08209,-0.25278,-0.18159,-0.00018,-0.12125,-0.43524,0.29483,-0.15631,-0.58379,0.4125,0.2962,-0.005,0.53792,-0.18123,-0.03468,0.60012,0.53129,-0.15183,-0.55411,-0.05866,-0.18115,-0.11602,0.02112,0.00125,0.00104,-0.5659,-0.00563,-0.16229,-0.13751,-0.00549,0.02777,0.01484
3.94,-0.01279,-0.07854,0.01211,-0.12093,0.67034,0.03428,0.39216,-0.04694,0.08331,-0.23797,-0.14614,-0.00014,-0.01498,-0.42942,0.40653,-0.17828,-0.48418,0.38334,0.3098,0.13689,0.51792,-0.27508,-0.06173,0.52201,0.52456,-0.14412,-0.54286,-0.04663,-0.16476,-0.10053,0.02237,-0.0073,-0.00348,-0.55348,-0.00151,-0.14956,-0.1192,-0.00648,0.02537,0.01363
3.96,-0.01614,-0.07304,0.01415,-0.11091,0.64906,0.03185,0.35785,-0.04527,0.08102,-0.21763,-0.10729,-0.00011,0.11305,-0.41285,0.5378,-0.20961,-0.39454,0.35541,0.32209,0.29647,0.4771,-0.37952,-0.10564,0.44649,0.50697,-0.13569,-0.53016,-0.03093,-0.14443,-0.08321,0.02318,-0.017,-0.0086,-0.53978,0.00456,-0.13399,-0.09906,-0.00715,0.02229,0.0121
3.98,-0.01967,-0.06739,0.01675,-0.09887,0.62607,0.02952,0.32101,-0.04351,0.07563,-0.19167,-0.06747,-9e-05,0.26495,-0.38383,0.69007,-0.25486,-0.31821,0.32949,0.33181,0.47422,0.41577,-0.49656,-0.17202,0.37539,0.47993,-0.12647,-0.51563,-0.01255,-0.12085,-0.06474,0.02347,-0.02748,-0.01413,-0.52462,0.0118,-0.11622,-0.07774,-0.00752,0.01874,0.01033
4,-0.02328,-0.06178,0.01971,-0.08552,0.60187,0.02757,0.28247,-0.0417,0.06787,-0.16026,-0.0294,-7e-05,0.44123,-0.34101,0.86317,-0.31892,-0.25668,0.30575,0.33697,0.6691,0.33564,-0.62782,-0.26646,0.30865,0.44583,-0.11601,-0.49927,0.00703,-0.09522,-0.04598,0.02314,-0.03818,-0.01979,-0.50821,0.01923,-0.09709,-0.05602,-0.00764,0.01498,0.00846
4.02,-0.02688,-0.05643,0.02282,-0.07163,0.57718,0.02627,0.24312,-0.03989,0.05855,-0.1237,0.00429,-5e-05,0.64094,-0.28302,1.05551,-0.40697,-0.21004,0.28387,0.33512,0.87901,0.23921,-0.77453,-0.39448,0.24506,0.40751,-0.10364,-0.48141,0.02604,-0.06897,-0.02789,0.02214,-0.04842,-0.02526,-0.491,0.02587,-0.07756,-0.03476,-0.00759,0.01129,0.00662
4.04,-0.03037,-0.05151,0.02586,-0.05779,0.55253,0.02577,0.20365,-0.03808,0.04836,-0.0823,0.0316,-4e-05,0.86233,-0.20823,1.26465,-0.52447,-0.17703,0.26322,0.32385,1.10206,0.12853,-0.93786,-0.56151,0.18302,0.36716,-0.08866,-0.4624,0.04299,-0.04335,-0.01119,0.02042,-0.05771,-0.0303,-0.47341,0.03093,-0.0584,-0.01462,-0.00742,0.00791,0.00492
4.06,-0.03364,-0.04704,0.02871,-0.04426,0.52815,0.02606,0.16453,-0.03624,0.0377,-0.03637,0.05154,-4e-05,1.10257,-0.11467,1.48705,-0.67669,-0.15522,0.24288,0.30123,1.33666,0.00487,-1.11871,-0.77226,0.12126,0.32587,-0.07045,-0.44256,0.05691,-0.01918,0.00367,0.01798,-0.06577,-0.03476,-0.45565,0.034,-0.04007,0.00404,-0.00718,0.00496,0.00342
4.08,-0.03659,-0.043,0.03126,-0.03105,0.50406,0.02695,0.12631,-0.03435,0.02675,0.01341,0.06399,-3e-05,1.35589,-0.00075,1.71638,-0.86762,-0.14125,0.22196,0.26599,1.57984,-0.13051,-1.31626,-1.02913,0.05948,0.28371,-0.04867,-0.42224,0.0673,0.00304,0.01653,0.01492,-0.07259,-0.03864,-0.43782,0.03501,-0.02281,0.02101,-0.00691,0.00249,0.00214
4.1,-0.03907,-0.0393,0.03341,-0.01806,0.48025,0.02811,0.08987,-0.03234,0.01552,0.0657,0.06952,-3e-05,1.61229,0.13416,1.94228,-1.09886,-0.13114,0.19973,0.21773,1.82574,-0.27549,-1.52689,-1.33085,-0.0013,0.24031,-0.02342,-0.402,0.07398,0.02286,0.02732,0.0114,-0.07826,-0.04197,-0.42005,0.03421,-0.00682,0.03611,-0.0066,0.00048,0.00107
4.12,-0.0409,-0.03584,0.0351,-0.00515,0.45669,0.02911,0.05627,-0.03017,0.00396,0.11879,0.06904,-3e-05,1.85907,0.28963,2.15182,-1.36964,-0.12078,0.17621,0.15701,2.06624,-0.42725,-1.74476,-1.67275,-0.05935,0.19552,0.00484,-0.38241,0.07701,0.0399,0.03606,0.00761,-0.08294,-0.04482,-0.40246,0.03198,0.00771,0.04917,-0.00627,-0.00113,0.00018
4.14,-0.04193,-0.0325,0.03626,0.00784,0.43319,0.02958,0.02634,-0.0278,-0.00801,0.17108,0.06351,-3e-05,2.08423,0.46454,2.33284,-1.67718,-0.10646,0.15262,0.08558,2.29312,-0.58299,-1.96347,-2.04805,-0.11319,0.15031,0.0353,-0.36382,0.07651,0.05387,0.04285,0.00373,-0.08673,-0.04721,-0.38497,0.02867,0.02061,0.06007,-0.0059,-0.00238,-0.00054
4.16,-0.04207,-0.02917,0.03685,0.02095,0.40937,0.02926,0.00053,-0.02522,-0.02045,0.22129,0.05381,-3e-05,2.27814,0.65662,2.47556,-2.0159,-0.08531,0.13194,0.00665,2.49877,-0.73988,-2.17653,-2.44726,-0.16226,0.1075,0.06674,-0.3462,0.07271,0.06457,0.04794,-0.0001,-0.08961,-0.0491,-0.36733,0.02447,0.03175,0.06878,-0.0055,-0.00332,-0.0011
4.18,-0.04125,-0.02576,0.03683,0.03402,0.3848,0.02803,-0.02099,-0.02243,-0.03329,0.26813,0.04068,-3e-05,2.43234,0.86096,2.57187,-2.3748,-0.05556,0.11914,-0.07434,2.67471,-0.89392,-2.37578,-2.85519,-0.20662,0.07227,0.0973,-0.32925,0.06586,0.07181,0.05161,-0.00378,-0.09139,-0.05036,-0.34917,0.01939,0.04088,0.07531,-0.00507,-0.00397,-0.00151
4.2,-0.0395,-0.02223,0.03617,0.04663,0.35924,0.02591,-0.03806,-0.01951,-0.04622,0.30993,0.02488,-3e-05,2.53819,1.06891,2.61417,-2.73551,-0.01657,0.12113,-0.1496,2.81039,-1.03892,-2.55012,-3.24876,-0.24657,0.05226,0.12435,-0.31251,0.05628,0.07532,0.05417,-0.00721,-0.09171,-0.05078,-0.33018,0.01335,0.04763,0.07958,-0.00461,-0.0043,-0.00174
4.22,-0.03683,-0.01859,0.03485,0.05818,0.33249,0.02301,-0.05055,-0.01658,-0.05876,0.34482,0.00713,-4e-05,2.58753,1.26918,2.5959,-3.0743,0.03145,0.14578,-0.21025,2.89444,-1.16719,-2.68647,-3.59969,-0.28263,0.05641,0.14469,-0.29544,0.04442,0.07489,0.05586,-0.01029,-0.09015,-0.0501,-0.31003,0.00626,0.0516,0.08148,-0.00414,-0.00429,-0.00177
4.24,-0.03331,-0.01486,0.03284,0.06812,0.30426,0.0195,-0.05852,-0.01374,-0.07034,0.37116,-0.01181,-4e-05,2.57492,1.45029,2.51306,-3.36661,0.08803,0.20034,-0.24875,2.91781,-1.27132,-2.77251,-3.88051,-0.31572,0.0932,0.15525,-0.27727,0.03077,0.07061,0.0568,-0.01294,-0.08641,-0.04815,-0.28827,-0.00184,0.05266,0.08093,-0.00366,-0.00392,-0.00158
4.26,-0.02904,-0.01108,0.03013,0.07605,0.27409,0.01558,-0.06226,-0.01107,-0.08041,0.38785,-0.03106,-4e-05,2.49931,1.6017,2.36582,-3.58925,0.15249,0.29009,-0.26039,2.87595,-1.34517,-2.79834,-4.06788,-0.34721,0.16911,0.15337,-0.25712,0.01602,0.06303,0.05692,-0.01509,-0.08047,-0.04491,-0.26427,-0.01066,0.05106,0.0779,-0.00317,-0.00321,-0.00121
4.28,-0.02416,-0.0073,0.02672,0.08171,0.24159,0.01151,-0.06232,-0.00867,-0.08829,0.39418,-0.04951,-4e-05,2.36482,1.71287,2.15975,-3.71903,0.2236,0.41751,-0.24353,2.76948,-1.38338,-2.75641,-4.14164,-0.37869,0.28788,0.13693,-0.23407,0.00109,0.0533,0.05599,-0.0167,-0.07261,-0.04056,-0.23743,-0.01954,0.04758,0.07247,-0.00267,-0.00226,-0.00069
4.3,-0.01891,-0.00364,0.02268,0.0849,0.20659,0.00762,-0.05939,-0.00664,-0.09317,0.38967,-0.06568,-4e-05,2.18051,1.77231,1.90603,-3.7315,0.29919,0.58173,-0.19931,2.60377,-1.3808,-2.64128,-4.08341,-0.41161,0.45,0.10444,-0.20735,-0.01275,0.04307,0.0536,-0.0177,-0.06346,-0.03547,-0.20736,-0.0275,0.04336,0.06481,-0.00215,-0.00119,-0.00012
4.32,-0.01357,-0.00025,0.0181,0.08546,0.16916,0.0043,-0.05424,-0.00512,-0.09421,0.3741,-0.07794,-4e-05,1.95815,1.76891,1.61881,-3.60346,0.37651,0.77882,-0.13136,2.38726,-1.33277,-2.44977,-3.87767,-0.44687,0.65263,0.05555,-0.17637,-0.02414,0.03418,0.04928,-0.01806,-0.05381,-0.03008,-0.17382,-0.03343,0.03969,0.05519,-0.00161,-0.00015,0.00039
4.34,-0.00837,0.00275,0.01307,0.08333,0.12933,0.00182,-0.04764,-0.00423,-0.09081,0.34753,-0.08493,-5e-05,1.7088,1.69478,1.31094,-3.31819,0.45307,1.00232,-0.04544,2.12898,-1.23603,-2.18176,-3.51497,-0.48427,0.88955,-0.00808,-0.14072,-0.03207,0.02812,0.0427,-0.01775,-0.04435,-0.02483,-0.13667,-0.03652,0.03758,0.04389,-0.00104,0.00072,0.00077
4.36,-0.00347,0.00534,0.0077,0.07858,0.08712,0.00035,-0.04027,-0.00413,-0.08272,0.31052,-0.08582,-5e-05,1.44148,1.5476,0.99206,-2.87052,0.52696,1.24288,0.05031,1.83786,-1.08984,-1.84193,-2.99573,-0.52208,1.15024,-0.08198,-0.10024,-0.03611,0.02564,0.03381,-0.01683,-0.03557,-0.01998,-0.0959,-0.03652,0.03747,0.03123,-0.00047,0.00134,0.00097
4.38,0.00102,0.0075,0.00214,0.07143,0.04284,-6e-05,-0.03279,-0.00494,-0.0702,0.26441,-0.08034,-5e-05,1.16469,1.33214,0.67052,-2.27078,0.59632,1.48635,0.14471,1.52466,-0.89712,-1.44238,-2.33453,-0.55663,1.41778,-0.15813,-0.0554,-0.03645,0.02674,0.02292,-0.01544,-0.02776,-0.01568,-0.05197,-0.03382,0.03921,0.01766,8e-05,0.0017,0.001
4.4,0.00501,0.0093,-0.00341,0.0623,-0.00268,0.00053,-0.0259,-0.00681,-0.05401,0.21144,-0.06874,-5e-05,0.88837,1.06039,0.35579,-1.54635,0.65881,1.71279,0.22358,1.20364,-0.66518,-1.0041,-1.56222,-0.58228,1.66801,-0.22507,-0.00746,-0.03378,0.03073,0.01072,-0.01378,-0.02108,-0.01202,-0.00604,-0.02931,0.0421,0.00385,0.00056,0.00181,0.00087
4.42,0.00841,0.01077,-0.00868,0.0517,-0.04817,0.00196,-0.02021,-0.00984,-0.03517,0.15441,-0.05169,-5e-05,0.6238,0.74921,0.05864,-0.73699,0.71143,1.89934,0.27246,0.89133,-0.40475,-0.55355,-0.72131,-0.59249,1.87357,-0.27036,0.04171,-0.02911,0.03649,-0.0019,-0.01207,-0.01561,-0.00902,0.04029,-0.0242,0.04512,-0.00947,0.00092,0.00171,0.00066
4.44,0.0112,0.012,-0.01346,0.04015,-0.0924,0.00404,-0.01615,-0.01401,-0.01474,0.09593,-0.03014,-5e-05,0.38221,0.4163,-0.21006,0.11366,0.75073,2.02558,0.28124,0.60321,-0.12809,-0.11634,0.14279,-0.58154,2.01107,-0.28461,0.09027,-0.02344,0.04284,-0.0141,-0.0105,-0.01131,-0.00664,0.08542,-0.01955,0.04731,-0.02167,0.00112,0.00148,0.00042
4.46,0.01344,0.01304,-0.01763,0.02812,-0.1343,0.00652,-0.0139,-0.01913,0.00634,0.03819,-0.00534,-5e-05,0.17459,0.07872,-0.43946,0.96083,0.77286,2.07693,0.24734,0.35249,0.15132,0.28572,0.98471,-0.54583,2.06573,-0.26417,0.13651,-0.01763,0.04872,-0.02528,-0.00917,-0.00807,-0.00481,0.12799,-0.01607,0.04796,-0.03239,0.00116,0.00116,0.0002
4.48,0.01522,0.01396,-0.02112,0.01615,-0.17264,0.00911,-0.01333,-0.02481,0.02713,-0.01674,0.02098,-5e-05,0.01331,-0.24498,-0.61675,1.75291,0.7733,2.04489,0.17665,0.15173,0.41674,0.63219,1.75344,-0.48438,2.03181,-0.21193,0.17863,-0.01239,0.0532,-0.03503,-0.00809,-0.0057,-0.00342,0.16657,-0.01408,0.04669,-0.0414,0.00104,0.00084,4e-05
4.5,0.01669,0.0148,-0.02389,0.00488,-0.20583,0.01143,-0.0141,-0.03041,0.04654,-0.06647,0.04653,-5e-05,-0.08696,-0.53292,-0.72628,2.42737,0.74703,1.92612,0.08259,0.01438,0.64695,0.90146,2.3882,-0.39886,1.91133,-0.13661,0.21443,-0.00827,0.05549,-0.04303,-0.0072,-0.00399,-0.00237,0.19941,-0.01354,0.04338,-0.04859,0.00082,0.00059,-5e-05
4.52,0.018,0.01559,-0.02591,-0.00501,-0.23212,0.0131,-0.0158,-0.03521,0.06348,-0.1085,0.06881,-5e-05,-0.1124,-0.76248,-0.75308,2.91951,0.6898,1.72175,-0.01776,-0.04731,0.81948,1.07313,2.82704,-0.29312,1.71163,-0.04988,0.24162,-0.00571,0.05494,-0.04903,-0.00642,-0.00271,-0.00156,0.2247,-0.01421,0.03815,-0.0539,0.00055,0.00045,-3e-05
4.54,0.01927,0.01633,-0.02717,-0.01299,-0.25018,0.01381,-0.01812,-0.03857,0.07708,-0.14085,0.08576,-5e-05,-0.05578,-0.91584,-0.6894,3.17971,0.60031,1.43686,-0.10937,-0.0267,0.91683,1.13368,3.024,-0.17243,1.44259,0.03765,0.25852,-0.0049,0.05122,-0.05295,-0.00566,-0.0017,-0.00089,0.2411,-0.01575,0.0312,-0.05734,0.00031,0.00048,0.0001
4.56,0.02057,0.01699,-0.02771,-0.01881,-0.25945,0.01338,-0.02096,-0.04013,0.08692,-0.16236,0.09612,-5e-05,0.07919,-0.98346,-0.53966,3.18509,0.48205,1.08141,-0.18291,0.07389,0.93062,1.08057,2.96096,-0.04336,1.11579,0.11894,0.26453,-0.00577,0.04438,-0.05488,-0.00484,-0.00081,-0.0003,0.24817,-0.0178,0.02281,-0.05905,0.00014,0.00068,0.00031
4.58,0.02192,0.01751,-0.02759,-0.02241,-0.26013,0.01177,-0.02445,-0.03973,0.09291,-0.17256,0.09944,-5e-05,0.27592,-0.96418,-0.32259,2.94148,0.34458,0.67285,-0.23506,0.24179,0.86219,0.9232,2.65008,0.08523,0.74655,0.19057,0.26013,-0.00793,0.03495,-0.05504,-0.00396,1e-05,0.00023,0.24632,-0.02004,0.01337,-0.05924,0.00011,0.001,0.00057
4.6,0.02326,0.01782,-0.02687,-0.02393,-0.25304,0.00909,-0.0289,-0.03747,0.09524,-0.1715,0.09594,-5e-05,0.50583,-0.86391,-0.07011,2.48031,0.20337,0.23755,-0.2673,0.45468,0.72154,0.68184,2.13087,0.20181,0.35565,0.25171,0.24675,-0.01077,0.02393,-0.0538,-0.00302,0.00075,0.0007,0.23671,-0.02212,0.00342,-0.05818,0.00025,0.00136,0.00083
4.62,0.02451,0.0178,-0.02565,-0.02358,-0.23945,0.0055,-0.03466,-0.03357,0.09424,-0.15966,0.08638,-5e-05,0.73435,-0.69413,0.17977,1.8504,0.07611,-0.19283,-0.28382,0.6847,0.52451,0.38365,1.46054,0.29406,-0.03263,0.30277,0.22638,-0.01354,0.01256,-0.05158,-0.00207,0.00137,0.00108,0.22096,-0.02369,-0.00636,-0.05616,0.0006,0.00168,0.00104
4.64,0.02558,0.01741,-0.02402,-0.02156,-0.22086,0.00118,-0.04195,-0.02832,0.09037,-0.13815,0.07194,-5e-05,0.93008,-0.4702,0.39398,1.10708,-0.0231,-0.58838,-0.28879,0.90487,0.28918,0.05689,0.70061,0.35231,-0.39497,0.34395,0.20123,-0.01554,0.00205,-0.0488,-0.00117,0.00182,0.00135,0.20092,-0.02445,-0.01531,-0.05351,0.00119,0.00187,0.00114
4.66,0.02639,0.01661,-0.02212,-0.01806,-0.199,-0.00375,-0.05071,-0.02202,0.0842,-0.10883,0.05421,-5e-05,1.07052,-0.21123,0.55118,0.30762,-0.08752,-0.92436,-0.28464,1.09265,0.03436,-0.2717,-0.08929,0.37181,-0.71074,0.37401,0.17352,-0.01628,-0.00663,-0.0458,-0.00036,0.00204,0.00147,0.17848,-0.02409,-0.02278,-0.05053,0.00203,0.00184,0.00108
4.68,0.02691,0.01548,-0.02012,-0.01327,-0.17597,-0.00918,-0.06051,-0.01501,0.07642,-0.07456,0.03529,-5e-05,1.14225,0.05812,0.64222,-0.48413,-0.11817,-1.17939,-0.27147,1.22933,-0.21901,-0.57519,-0.84725,0.35302,-0.95997,0.38976,0.1456,-0.01548,-0.0127,-0.04291,0.00032,0.00202,0.00144,0.15577,-0.02238,-0.02812,-0.04754,0.00308,0.00157,0.00085
4.7,0.02713,0.01412,-0.01823,-0.00736,-0.15426,-0.01496,-0.07053,-0.00775,0.06785,-0.03926,0.01784,-5e-05,1.13922,0.30709,0.66772,-1.19423,-0.12235,-1.33332,-0.24751,1.29876,-0.44673,-0.8248,-1.50507,0.30092,-1.12166,0.38615,0.12014,-0.01307,-0.01551,-0.04041,0.00083,0.00176,0.00124,0.1352,-0.0191,-0.03062,-0.04489,0.00431,0.00102,0.00044
4.72,0.02703,0.01271,-0.01669,-0.00054,-0.13639,-0.02093,-0.07979,-0.0007,0.05941,-0.00726,0.00466,-4e-05,1.06084,0.50338,0.63446,-1.74761,-0.11071,-1.36952,-0.2103,1.28815,-0.62423,-0.99313,-1.99548,0.2235,-1.17722,0.3579,0.09968,-0.00906,-0.01456,-0.03856,0.00114,0.00126,0.00088,0.11909,-0.01416,-0.02965,-0.04294,0.00563,0.0002,-0.00014
4.74,0.02665,0.0114,-0.0157,0.00693,-0.12426,-0.02688,-0.08745,0.00567,0.05187,0.01768,-0.00189,-4e-05,0.9103,0.62125,0.55118,-2.08521,-0.09322,-1.2804,-0.1586,1.19067,-0.73206,-1.06066,-2.26686,0.12979,-1.11733,0.30195,0.08606,-0.00353,-0.00955,-0.03756,0.00124,0.00055,0.00035,0.10908,-0.00762,-0.0249,-0.04195,0.00697,-0.00086,-0.00085
4.76,0.02605,0.01035,-0.01538,0.01469,-0.1187,-0.03259,-0.09308,0.01099,0.04586,0.03303,-0.0004,-4e-05,0.69415,0.64683,0.42607,-2.17516,-0.07662,-1.07184,-0.09393,1.00759,-0.75952,-1.02023,-2.29294,0.02892,-0.94716,0.21946,0.07994,0.00346,-0.00048,-0.03747,0.00114,-0.00034,-0.00031,0.10565,0.0002,-0.01655,-0.04206,0.00828,-0.0021,-0.00167
4.78,0.02534,0.0097,-0.01582,0.02222,-0.11944,-0.03774,-0.09662,0.01492,0.04181,0.0375,0.00958,-4e-05,0.42348,0.57892,0.26692,-2.01406,-0.06384,-0.76538,-0.02134,0.75001,-0.70503,-0.87813,-2.0742,-0.06945,-0.68865,0.11687,0.08079,0.01182,0.01229,-0.0383,0.00088,-0.00138,-0.00107,0.10813,0.00864,-0.00537,-0.04327,0.00949,-0.00344,-0.00253
4.8,0.02468,0.00957,-0.017,0.02883,-0.12527,-0.04189,-0.09832,0.01711,0.04006,0.03083,0.02754,-4e-05,0.11492,0.4276,0.08203,-1.62359,-0.05451,-0.39755,0.05066,0.43887,-0.5751,-0.65282,-1.63503,-0.15467,-0.37927,0.00566,0.08709,0.02135,0.02799,-0.03994,0.00053,-0.00248,-0.00189,0.11482,0.01674,0.00728,-0.04547,0.0105,-0.00475,-0.00335
4.82,0.02421,0.01005,-0.01888,0.03373,-0.13442,-0.04456,-0.0985,0.01728,0.04075,0.01367,0.05222,-4e-05,-0.21124,0.21074,-0.1195,-1.0434,-0.04657,-0.01253,0.11214,0.10104,-0.3821,-0.37032,-1.01695,-0.21654,-0.06398,-0.10025,0.09677,0.03172,0.04557,-0.04228,0.00019,-0.00357,-0.00269,0.1235,0.02341,0.01981,-0.04847,0.01127,-0.00587,-0.00404
4.84,0.02405,0.01113,-0.02141,0.03624,-0.14511,-0.04536,-0.0973,0.01529,0.04367,-0.01252,0.08185,-4e-05,-0.53457,-0.05055,-0.32775,-0.3224,-0.03836,0.34914,0.15508,-0.23708,-0.14159,-0.05783,-0.26989,-0.24787,0.21696,-0.18889,0.10783,0.04238,0.06383,-0.04521,-6e-05,-0.00456,-0.00339,0.1321,0.02783,0.03085,-0.0521,0.01173,-0.00668,-0.00453
4.86,0.0242,0.0127,-0.02446,0.03591,-0.15579,-0.04407,-0.09451,0.0112,0.0482,-0.0454,0.1142,-4e-05,-0.83578,-0.33398,-0.53123,0.48437,-0.03013,0.65706,0.17552,-0.55267,0.12858,0.25957,0.55082,-0.24614,0.43547,-0.25278,0.11877,0.05251,0.08144,-0.04871,-0.00011,-0.00532,-0.00392,0.13912,0.02967,0.03953,-0.05621,0.01189,-0.00712,-0.00479
4.88,0.02462,0.01449,-0.02789,0.03258,-0.16522,-0.04065,-0.08957,0.00539,0.0532,-0.08151,0.14636,-4e-05,-1.09473,-0.61456,-0.71518,1.31073,-0.02454,0.89017,0.17389,-0.82489,0.40657,0.55734,1.37926,-0.2139,0.57576,-0.28914,0.12854,0.06093,0.0969,-0.05277,0.00015,-0.00575,-0.00418,0.14368,0.02912,0.04552,-0.06072,0.01179,-0.00716,-0.00479
4.9,0.02515,0.0161,-0.03149,0.02629,-0.17231,-0.03528,-0.0816,-0.00155,0.05709,-0.11624,0.17466,-5e-05,-1.28887,-0.86354,-0.86083,2.07656,-0.02636,1.03402,0.15435,-1.03292,0.66556,0.80985,2.13592,-0.15809,0.63174,-0.29895,0.13645,0.06608,0.10838,-0.05744,0.00079,-0.00571,-0.00409,0.14541,0.02682,0.04887,-0.06548,0.01152,-0.00684,-0.00458
4.92,0.02561,0.0171,-0.03498,0.01732,-0.17614,-0.02826,-0.06974,-0.00886,0.05818,-0.14461,0.19536,-5e-05,-1.39646,-1.052,-0.94871,2.69877,-0.04118,1.07987,0.12317,-1.15812,0.87727,0.99312,2.73854,-0.08803,0.60448,-0.28569,0.14202,0.06639,0.11407,-0.06268,0.00191,-0.00508,-0.00354,0.14424,0.02364,0.04987,-0.07034,0.01117,-0.0062,-0.00418
4.94,0.02581,0.01715,-0.03812,0.00609,-0.17598,-0.01998,-0.05351,-0.01582,0.05515,-0.16247,0.20582,-5e-05,-1.40279,-1.15779,-0.96458,3.11155,-0.07354,1.02544,0.08666,-1.18877,1.01852,1.09058,3.12227,-0.01254,0.49999,-0.25388,0.1448,0.06078,0.11271,-0.06833,0.00352,-0.00377,-0.00251,0.14017,0.02031,0.04885,-0.07507,0.01082,-0.0053,-0.00364
4.96,0.02564,0.01611,-0.0407,-0.00683,-0.17129,-0.01094,-0.03321,-0.02189,0.04745,-0.16741,0.20528,-5e-05,-1.30485,-1.17001,-0.90358,3.27936,-0.12544,0.87577,0.04979,-1.12364,1.07536,1.09686,3.25263,0.06173,0.32828,-0.20836,0.14431,0.04914,0.10393,-0.07406,0.00556,-0.00182,-0.00101,0.13309,0.01723,0.046,-0.07935,0.01053,-0.00421,-0.00299
4.98,0.02505,0.01406,-0.04253,-0.0206,-0.16178,-0.00174,-0.0101,-0.02665,0.03539,-0.15881,0.19499,-5e-05,-1.11282,-1.08978,-0.77153,3.19808,-0.19563,0.64423,0.01613,-0.97294,1.04346,1.01842,3.12701,0.13016,0.10406,-0.15427,0.13993,0.03242,0.08841,-0.07924,0.00787,0.00065,0.00085,0.12281,0.01448,0.04145,-0.08271,0.01029,-0.00297,-0.00227
5,0.02402,0.0113,-0.0434,-0.03408,-0.1474,0.00682,0.01358,-0.02975,0.02012,-0.13764,0.17801,-5e-05,-0.84909,-0.92879,-0.58401,2.8905,-0.27959,0.35243,-0.01175,-0.75732,0.92676,0.872,2.77035,0.18952,-0.15275,-0.09733,0.13102,0.01265,0.06783,-0.08301,0.01019,0.0034,0.00289,0.10912,0.0118,0.0352,-0.08456,0.01009,-0.00166,-0.0015
5.02,0.02261,0.00821,-0.04315,-0.04605,-0.12841,0.01392,0.03518,-0.03099,0.00322,-0.10598,0.15832,-5e-05,-0.54312,-0.70555,-0.36216,2.39724,-0.37042,0.02672,-0.03201,-0.50331,0.73546,0.67998,2.22603,0.23764,-0.41947,-0.04342,0.11708,-0.00765,0.04438,-0.08447,0.01223,0.00614,0.00486,0.09196,0.00885,0.02729,-0.08427,0.00988,-0.00035,-0.00072
5.04,0.02083,0.00515,-0.04169,-0.05556,-0.10536,0.01894,0.05258,-0.0303,-0.01386,-0.06626,0.13967,-5e-05,-0.22376,-0.44029,-0.12663,1.76535,-0.4604,-0.30726,-0.04325,-0.23666,0.48357,0.46408,1.54425,0.27327,-0.67492,0.00217,0.09813,-0.0262,0.0202,-0.08293,0.01372,0.0086,0.00657,0.07161,0.00536,0.01784,-0.08145,0.00961,0.0009,4e-05
5.06,0.0187,0.00232,-0.03902,-0.06216,-0.07923,0.02163,0.06474,-0.02788,-0.03016,-0.02101,0.12479,-5e-05,0.0848,-0.15255,0.10577,1.04319,-0.54176,-0.62723,-0.04435,0.02121,0.18838,0.24187,0.77693,0.296,-0.90138,0.03514,0.075,-0.04144,-0.00305,-0.07821,0.01453,0.01063,0.00789,0.04894,0.00131,0.0072,-0.07601,0.00925,0.00204,0.00076
5.08,0.0162,-0.0002,-0.03531,-0.06588,-0.05167,0.02211,0.07175,-0.02416,-0.04517,0.0269,0.11534,-5e-05,0.36171,0.13738,0.32118,0.28412,-0.60618,-0.91238,-0.03435,0.2522,-0.12766,0.02745,-0.01826,0.3059,-1.08332,0.05195,0.04961,-0.05254,-0.02404,-0.07068,0.01464,0.01215,0.00878,0.02555,-0.00299,-0.00397,-0.06834,0.00878,0.00304,0.0014
5.1,0.01334,-0.00244,-0.03084,-0.06714,-0.02501,0.02081,0.07461,-0.01982,-0.05864,0.07408,0.1121,-5e-05,0.58742,0.40695,0.50699,-0.45016,-0.64457,-1.14157,-0.01251,0.43969,-0.43598,-0.16683,-0.77443,0.30338,-1.20601,0.04967,0.02487,-0.05924,-0.04165,-0.06124,0.01413,0.01313,0.00924,0.00389,-0.0069,-0.01464,-0.05921,0.00817,0.00385,0.00194
5.12,0.01014,-0.00448,-0.02598,-0.06654,-0.00184,0.0183,0.0748,-0.0156,-0.07051,0.11688,0.11534,-6e-05,0.74476,0.63361,0.65225,-1.0964,-0.64839,-1.29543,0.02131,0.56931,-0.70629,-0.33032,-1.42339,0.28909,-1.25708,0.02649,0.00408,-0.06165,-0.05494,-0.05105,0.01312,0.0136,0.00931,-0.01338,-0.00966,-0.02366,-0.04961,0.00745,0.00444,0.00233
5.14,0.00664,-0.00639,-0.02107,-0.06462,0.01587,0.01512,0.07373,-0.01212,-0.08082,0.15212,0.12509,-6e-05,0.82225,0.79954,0.74946,-1.60342,-0.61223,-1.36139,0.06604,0.63139,-0.91437,-0.45515,-1.91102,0.264,-1.23019,-0.01734,-0.01028,-0.06016,-0.06334,-0.04115,0.01176,0.01362,0.00903,-0.02432,-0.01064,-0.03004,-0.0404,0.00662,0.00477,0.00255
5.16,0.00295,-0.00822,-0.01639,-0.0617,0.02726,0.01163,0.07233,-0.00967,-0.08962,0.17749,0.14143,-6e-05,0.81634,0.89449,0.79562,-1.93994,-0.53572,-1.33708,0.11886,0.62265,-1.04686,-0.53664,-2.2065,0.22958,-1.1278,-0.07868,-0.01721,-0.05533,-0.06672,-0.03224,0.01018,0.01323,0.00849,-0.02827,-0.00952,-0.0332,-0.03216,0.00571,0.00485,0.00259
5.18,-0.00074,-0.00992,-0.01216,-0.05788,0.03259,0.008,0.07102,-0.00825,-0.09688,0.19137,0.16438,-7e-05,0.7317,0.91556,0.79195,-2.09344,-0.42453,-1.23106,0.17459,0.54641,-1.10121,-0.5726,-2.30182,0.18806,-0.96245,-0.15077,-0.01737,-0.04789,-0.06536,-0.02468,0.00849,0.01251,0.00773,-0.02604,-0.00637,-0.03298,-0.02518,0.00479,0.00469,0.00246
5.2,-0.00417,-0.01139,-0.00859,-0.05302,0.03306,0.00427,0.06973,-0.00762,-0.10246,0.19267,0.19382,-7e-05,0.58023,0.86577,0.74306,-2.06617,-0.29003,-1.06155,0.2258,0.41191,-1.08366,-0.56264,-2.2074,0.14255,-0.75596,-0.22352,-0.01276,-0.03876,-0.0599,-0.01858,0.00678,0.01152,0.00684,-0.01963,-0.00158,-0.02959,-0.01956,0.00392,0.00432,0.00218
5.22,-0.00702,-0.01248,-0.00584,-0.04693,0.03038,0.00039,0.06814,-0.00734,-0.10623,0.18082,0.22931,-7e-05,0.37828,0.75243,0.6558,-1.87155,-0.14672,-0.85204,0.26438,0.23234,-1.00612,-0.50829,-1.9466,0.0966,-0.53464,-0.28561,-0.00613,-0.02894,-0.05117,-0.0139,0.00516,0.01036,0.00587,-0.01167,0.00426,-0.02347,-0.01525,0.00319,0.0038,0.0018
5.24,-0.00904,-0.01308,-0.00398,-0.03941,0.02626,-0.00371,0.06592,-0.007,-0.10829,0.15612,0.27003,-7e-05,0.14276,0.58554,0.53802,-1.53149,-0.00808,-0.62511,0.28413,0.02221,-0.88275,-0.41385,-1.55005,0.05341,-0.32202,-0.328,-4e-05,-0.01929,-0.04009,-0.01048,0.00368,0.00908,0.0049,-0.00456,0.01053,-0.01519,-0.01213,0.00266,0.00316,0.00135
5.26,-0.01012,-0.01315,-0.00298,-0.03042,0.02206,-0.00802,0.06297,-0.00624,-0.10916,0.11998,0.31453,-7e-05,-0.11048,0.37741,0.39819,-1.07618,0.11575,-0.39906,0.28248,-0.20367,-0.72816,-0.28734,-1.05355,0.01545,-0.13458,-0.3462,0.00372,-0.0105,-0.02758,-0.00809,0.00238,0.00773,0.00395,6e-05,0.01672,-0.00538,-0.01001,0.00237,0.00243,0.00084
5.28,-0.01029,-0.01273,-0.00265,-0.02017,0.01875,-0.01248,0.05947,-0.00483,-0.1098,0.07524,0.36032,-7e-05,-0.36534,0.144,0.24632,-0.54702,0.21759,-0.1887,0.26093,-0.42875,-0.55793,-0.14165,-0.50087,-0.01536,0.01783,-0.34063,0.00424,-0.00308,-0.01463,-0.00647,0.00127,0.00637,0.00305,0.00143,0.02238,0.0052,-0.00867,0.0023,0.00164,0.00032
5.3,-0.00969,-0.01195,-0.00273,-0.00912,0.01699,-0.01686,0.05589,-0.00262,-0.11153,0.02621,0.384,-7e-05,-0.60407,-0.09446,0.0944,0.00257,0.29217,-0.00698,0.2245,-0.6338,-0.38927,0.0055,0.05482,-0.03735,0.13019,-0.31586,0.00141,0.00252,-0.00237,-0.00538,0.00034,0.00505,0.00224,-0.00047,0.02709,0.01564,-0.0079,0.00242,0.00083,-0.0002
5.32,-0.00854,-0.01096,-0.00291,0.0021,0.01709,-0.02092,0.05279,0.00046,-0.11583,-0.02214,0.384,-7e-05,-0.80941,-0.31644,-0.04551,0.51563,0.33601,0.13566,0.17997,-0.79933,-0.23921,0.13499,0.55841,-0.04917,0.20109,-0.27871,-0.00434,0.00597,0.00809,-0.00457,-0.00041,0.00381,0.00152,-0.00514,0.03044,0.02498,-0.00747,0.00267,3e-05,-0.00068
5.34,-0.00708,-0.00991,-0.00291,0.01291,0.01919,-0.02441,0.05061,0.00446,-0.124,-0.06549,0.384,-7e-05,-0.96883,-0.50434,-0.16471,0.94603,0.34779,0.23323,0.13347,-0.91044,-0.12129,0.23169,0.96614,-0.05014,0.23202,-0.23553,-0.01235,0.00712,0.01595,-0.0038,-0.001,0.00272,0.00092,-0.01189,0.03209,0.03241,-0.00718,0.00298,-0.00073,-0.0011
5.36,-0.00553,-0.00889,-0.00258,0.02289,0.02315,-0.0272,0.04949,0.00942,-0.13693,-0.10095,0.384,-7e-05,-1.07707,-0.64763,-0.25988,1.26707,0.32884,0.28544,0.08893,-0.95982,-0.04359,0.28803,1.25347,-0.0405,0.22691,-0.19056,-0.02194,0.00605,0.02086,-0.00286,-0.00148,0.00178,0.00044,-0.02003,0.03176,0.03741,-0.0068,0.00327,-0.00142,-0.00143
5.38,-0.0041,-0.00797,-0.00185,0.03172,0.02866,-0.02922,0.04924,0.01538,-0.15493,-0.12693,0.384,-7e-05,-1.13576,-0.74237,-0.33283,1.47088,0.28315,0.29742,0.04802,-0.94796,-0.00899,0.30435,1.41459,-0.0215,0.19195,-0.14583,-0.03235,0.00309,0.02296,-0.00157,-0.0019,0.00102,8e-05,-0.02888,0.02926,0.03971,-0.00609,0.00349,-0.00199,-0.00165
5.4,-0.00299,-0.00717,-0.00078,0.03913,0.03514,-0.03045,0.04939,0.02231,-0.17776,-0.14281,0.384,-6e-05,-1.15176,-0.78954,-0.38901,1.56419,0.21718,0.27854,0.01072,-0.88179,-0.01624,0.28745,1.45819,0.00472,0.13515,-0.10168,-0.0427,-0.00122,0.02274,0.00023,-0.00232,0.00044,-0.00018,-0.03768,0.02445,0.03927,-0.00483,0.00354,-0.00238,-0.00172
5.42,-0.0024,-0.00648,0.00053,0.04486,0.04193,-0.03093,0.04934,0.03014,-0.20491,-0.14866,0.384,-6e-05,-1.13435,-0.79345,-0.43495,1.56276,0.13867,0.24007,-0.0238,-0.77174,-0.06153,0.24759,1.4014,0.03573,0.06522,-0.05733,-0.05214,-0.0062,0.02095,0.00264,-0.00278,4e-05,-0.00033,-0.04573,0.01733,0.03621,-0.00283,0.00336,-0.00253,-0.00161
5.44,-0.00244,-0.0059,0.00196,0.0488,0.04842,-0.03068,0.04858,0.03883,-0.23608,-0.14505,0.384,-6e-05,-1.09205,-0.76038,-0.47515,1.48543,0.05501,0.19212,-0.05614,-0.62801,-0.14007,0.19436,1.26288,0.06978,-0.01002,-0.0116,-0.05998,-0.0112,0.01831,0.00573,-0.00334,-0.00017,-0.0004,-0.05249,0.0081,0.03088,3e-05,0.00291,-0.00242,-0.0013
5.46,-0.00315,-0.00542,0.00342,0.05101,0.05416,-0.02977,0.04679,0.04841,-0.27141,-0.13303,0.33922,-5e-05,-1.03053,-0.69778,-0.50979,1.35049,-0.02765,0.14178,-0.08592,-0.45856,-0.24684,0.13418,1.05881,0.10623,-0.08453,0.03647,-0.06585,-0.01571,0.01549,0.00948,-0.004,-0.00024,-0.0004,-0.05765,-0.00275,0.02382,0.00378,0.0022,-0.00204,-0.00083
5.48,-0.00445,-0.005,0.00487,0.05169,0.05887,-0.02829,0.04392,0.05883,-0.31132,-0.11412,0.27244,-5e-05,-0.95253,-0.6145,-0.53379,1.17558,-0.10395,0.09296,-0.11129,-0.26976,-0.37611,0.07003,0.80316,0.1455,-0.15359,0.08711,-0.06961,-0.01927,0.01301,0.01378,-0.00475,-0.00021,-0.00036,-0.06114,-0.01437,0.01587,0.00827,0.00126,-0.00144,-0.00022
5.5,-0.00618,-0.00466,0.00625,0.05114,0.06234,-0.02633,0.04015,0.06998,-0.35619,-0.09033,0.19573,-4e-05,-0.85856,-0.52064,-0.53753,0.97812,-0.1688,0.04712,-0.12898,-0.0676,-0.52091,0.00218,0.50879,0.18855,-0.21335,0.13954,-0.07136,-0.02151,0.01132,0.01842,-0.00556,-0.00015,-0.00033,-0.06305,-0.02548,0.00812,0.01325,0.0002,-0.0007,0.00044
5.52,-0.00812,-0.00438,0.00755,0.04967,0.06445,-0.02398,0.03577,0.08173,-0.40646,-0.06379,0.11111,-4e-05,-0.74824,-0.42562,-0.51035,0.77388,-0.21768,0.00457,-0.1355,0.14244,-0.67362,-0.07066,0.18688,0.23627,-0.26081,0.19231,-0.07128,-0.02214,0.01069,0.02313,-0.00636,-0.00014,-0.00034,-0.06353,-0.03464,0.00175,0.01835,-0.00087,8e-05,0.00107
5.54,-0.0101,-0.00416,0.00874,0.04741,0.06514,-0.02129,0.03094,0.09406,-0.46276,-0.03629,0.02012,-4e-05,-0.62196,-0.33513,-0.44594,0.57436,-0.24761,-0.034,-0.12891,0.35621,-0.82743,-0.14995,-0.15481,0.28861,-0.29427,0.24387,-0.06956,-0.02103,0.01119,0.02774,-0.00711,-0.00021,-0.00042,-0.06278,-0.0406,-0.0023,0.02329,-0.00186,0.00081,0.00159
5.56,-0.01203,-0.00397,0.00985,0.04423,0.06443,-0.01822,0.02562,0.10711,-0.5259,-0.00903,-0.07654,-4e-05,-0.4825,-0.24937,-0.34637,0.38567,-0.25766,-0.06625,-0.11015,0.57075,-0.97669,-0.23615,-0.51189,0.34388,-0.31357,0.29293,-0.06638,-0.01825,0.01257,0.03224,-0.00778,-0.00038,-0.00056,-0.06096,-0.04257,-0.00357,0.02788,-0.00269,0.00144,0.00196
5.58,-0.01385,-0.0038,0.01086,0.03975,0.06242,-0.01465,0.01953,0.12109,-0.59634,0.01725,-0.17825,-4e-05,-0.33648,-0.16322,-0.22378,0.20969,-0.24903,-0.0876,-0.08351,0.7827,-1.11589,-0.32769,-0.88068,0.39809,-0.32,0.33811,-0.06189,-0.01411,0.0143,0.03673,-0.00834,-0.00059,-0.00074,-0.05822,-0.04026,-0.00205,0.03207,-0.00336,0.00197,0.00217
5.6,-0.0156,-0.00363,0.01178,0.03337,0.05925,-0.01045,0.01226,0.13619,-0.67381,0.04205,-0.28389,-4e-05,-0.19459,-0.06759,-0.09937,0.0458,-0.22466,-0.0915,-0.05619,0.98679,-1.23869,-0.42064,-1.25572,0.4449,-0.31579,0.37753,-0.05621,-0.00912,0.01553,0.04141,-0.0088,-0.00079,-0.00089,-0.05468,-0.03378,0.00182,0.03583,-0.00388,0.00241,0.00226
5.62,-0.0173,-0.00342,0.0126,0.02437,0.05505,-0.00544,0.00335,0.15254,-0.75753,0.06513,-0.384,-5e-05,-0.06866,0.04783,0.00275,-0.10805,-0.1886,-0.07123,-0.03643,1.17663,-1.33837,-0.50946,-1.6299,0.47678,-0.30334,0.40868,-0.04939,-0.00386,0.01534,0.04651,-0.00916,-0.00086,-0.00096,-0.05039,-0.02357,0.00733,0.03919,-0.00428,0.00278,0.00227
5.64,-0.01898,-0.00313,0.01333,0.01205,0.04982,0.00059,-0.0075,0.17019,-0.84667,0.08656,-0.384,-5e-05,0.03318,0.19108,0.06496,-0.25478,-0.14508,-0.02291,-0.03064,1.3467,-1.40935,-0.58862,-1.9966,0.48698,-0.2841,0.42839,-0.04135,0.00121,0.01297,0.05224,-0.00942,-0.00071,-0.00088,-0.04532,-0.01019,0.01369,0.04221,-0.0046,0.00313,0.00224
5.66,-0.02064,-0.00271,0.01396,-0.00414,0.04337,0.00786,-0.0203,0.18906,-0.94048,0.10682,-0.384,-6e-05,0.10965,0.3649,0.0824,-0.3973,-0.09815,0.05232,-0.04147,1.49334,-1.4481,-0.65338,-2.34979,0.47099,-0.25788,0.43286,-0.03182,0.00593,0.008,0.05871,-0.00957,-0.00028,-0.00061,-0.03926,0.00569,0.02017,0.04494,-0.00488,0.00353,0.00223
5.68,-0.02222,-0.0021,0.01451,-0.02442,0.03536,0.01658,-0.03464,0.20882,-1.03759,0.12657,-0.384,-7e-05,0.16643,0.56478,0.06446,-0.53723,-0.05189,0.14718,-0.06727,1.61376,-1.45289,-0.69952,-2.68141,0.42683,-0.22284,0.41755,-0.02045,0.01039,0.00046,0.06588,-0.00961,0.00048,-0.00013,-0.03195,0.02319,0.02605,0.04739,-0.00514,0.00401,0.0023
5.7,-0.0236,-0.00122,0.01496,-0.04866,0.02535,0.02686,-0.04965,0.22871,-1.13537,0.14653,-0.384,-7e-05,0.21456,0.77864,0.0325,-0.67391,-0.01057,0.24871,-0.10253,1.70493,-1.42335,-0.72291,-2.97915,0.35502,-0.17601,0.37739,-0.00682,0.01489,-0.00919,0.07355,-0.00951,0.00156,0.00054,-0.02306,0.04118,0.03063,0.04955,-0.0054,0.00462,0.00249
5.72,-0.0246,-2e-05,0.01532,-0.07645,0.0129,0.0388,-0.06418,0.24772,-1.23033,0.16735,-0.384,-8e-05,0.26692,0.99029,0.01284,-0.80487,0.02181,0.34154,-0.13985,1.76382,-1.36005,-0.72009,-3.22831,0.25797,-0.11435,0.30795,0.00946,0.01982,-0.02023,0.08135,-0.00924,0.00296,0.00138,-0.01227,0.05855,0.03335,0.05136,-0.00567,0.00542,0.00285
5.74,-0.02506,0.00156,0.01556,-0.10739,-0.0024,0.05252,-0.07717,0.26482,-1.31903,0.18959,-0.384,-9e-05,0.33349,1.18512,0.02664,-0.92722,0.04258,0.41315,-0.17267,1.78865,-1.26434,-0.68953,-3.41633,0.13932,-0.03639,0.20727,0.02879,0.02553,-0.03184,0.08884,-0.00876,0.00464,0.00238,0.00061,0.07452,0.03401,0.0527,-0.00596,0.00641,0.0034
5.76,-0.0248,0.00354,0.01566,-0.14108,-0.02075,0.06824,-0.08779,0.2791,-1.39841,0.21361,-0.384,-9e-05,0.41789,1.35339,0.08282,-1.03814,0.05108,0.45712,-0.19705,1.77974,-1.13859,-0.63265,-3.53548,0.00383,0.05647,0.07759,0.05146,0.03224,-0.04326,0.09554,-0.00805,0.0066,0.00353,0.01562,0.08896,0.03292,0.05344,-0.00624,0.00759,0.00412
5.78,-0.02368,0.00592,0.01557,-0.17693,-0.04204,0.08611,-0.09546,0.28965,-1.46529,0.23936,-0.384,-0.0001,0.51586,1.48979,0.17595,-1.13422,0.04867,0.47365,-0.21197,1.73968,-0.98716,-0.55444,-3.58239,-0.14159,0.15887,-0.07339,0.0775,0.0399,-0.05373,0.10086,-0.00707,0.00879,0.0048,0.03251,0.10229,0.03097,0.05338,-0.00648,0.00893,0.00498
5.8,-0.02158,0.00861,0.01526,-0.21391,-0.06573,0.10614,-0.0997,0.2955,-1.5158,0.26625,-0.384,-0.0001,0.61568,1.59168,0.28767,-1.21063,0.03849,0.46847,-0.21877,1.67295,-0.8169,-0.46331,-3.5566,-0.28747,0.26152,-0.23238,0.10654,0.04826,-0.06239,0.1041,-0.0058,0.01117,0.00618,0.0506,0.1153,0.02951,0.0523,-0.00663,0.01033,0.00589
5.82,-0.01835,0.01153,0.01467,-0.25071,-0.09098,0.12816,-0.10016,0.29569,-1.54574,0.29325,-0.384,-0.0001,0.70187,1.65771,0.39302,-1.26147,0.02475,0.45038,-0.21994,1.58491,-0.63605,-0.36919,-3.45958,-0.42368,0.3534,-0.38331,0.13788,0.05692,-0.06834,0.10448,-0.00423,0.01365,0.00764,0.069,0.12884,0.03006,0.04993,-0.00663,0.01169,0.00677
5.84,-0.01387,0.01458,0.01377,-0.28595,-0.11695,0.15189,-0.09665,0.28944,-1.55146,0.31916,-0.384,-0.00011,0.76097,1.68676,0.46984,-1.28085,0.01182,0.42803,-0.21755,1.48028,-0.45219,-0.28066,-3.2941,-0.54276,0.42558,-0.51203,0.17074,0.06551,-0.07082,0.10124,-0.00237,0.01614,0.00913,0.0868,0.14351,0.03376,0.04603,-0.00643,0.01291,0.00752
5.86,-0.00804,0.01769,0.01258,-0.31833,-0.14289,0.17693,-0.08921,0.27636,-1.53064,0.34268,-0.384,-0.00011,0.7853,1.67731,0.505,-1.26372,0.00367,0.40784,-0.21217,1.36257,-0.27136,-0.20321,-3.06461,-0.64195,0.47358,-0.60918,0.20426,0.07382,-0.0693,0.09376,-0.00022,0.01854,0.01059,0.10324,0.15932,0.04102,0.04039,-0.00599,0.01393,0.00808
5.88,-0.00078,0.02078,0.01114,-0.34638,-0.16795,0.20248,-0.07814,0.25658,-1.48243,0.36227,-0.384,-0.00011,0.77372,1.62713,0.49564,-1.20599,0.00378,0.39356,-0.2026,1.23473,-0.09928,-0.13945,-2.7788,-0.72288,0.49752,-0.67006,0.2373,0.08178,-0.0635,0.08161,0.00216,0.02071,0.01194,0.11754,0.17552,0.05142,0.03292,-0.00528,0.01467,0.00842
5.9,0.00787,0.02376,0.00955,-0.36827,-0.19104,0.2273,-0.06402,0.23071,-1.40743,0.37602,-0.384,-0.00011,0.73062,1.53334,0.44773,-1.10462,0.0151,0.3866,-0.18619,1.09991,0.05753,-0.08985,-2.44844,-0.79023,0.50116,-0.69347,0.26823,0.0893,-0.05338,0.0646,0.00469,0.02246,0.01303,0.12886,0.19059,0.06374,0.02363,-0.0043,0.01512,0.00854
5.92,0.01782,0.02653,0.00795,-0.3821,-0.211,0.2499,-0.04761,0.1997,-1.30701,0.38186,-0.384,-0.00011,0.66352,1.39296,0.37236,-0.95773,0.03961,0.38633,-0.15987,0.96117,0.19248,-0.05346,-2.08676,-0.84976,0.48989,-0.68055,0.2952,0.09618,-0.03926,0.04275,0.00724,0.02362,0.01374,0.13636,0.20264,0.07628,0.01265,-0.00306,0.01523,0.00844
5.94,0.02897,0.02902,0.00649,-0.38645,-0.22689,0.26906,-0.02955,0.16442,-1.18254,0.37803,-0.384,-0.0001,0.57983,1.20381,0.2807,-0.76492,0.07753,0.39055,-0.12161,0.82045,0.30102,-0.02832,-1.70379,-0.90603,0.46813,-0.63371,0.31671,0.10193,-0.02189,0.0162,0.00973,0.02409,0.01401,0.13943,0.21004,0.08746,0.00018,-0.00158,0.01499,0.00813
5.96,0.04119,0.03119,0.0053,-0.38082,-0.23822,0.28406,-0.01035,0.1256,-1.0352,0.36344,-0.384,-0.0001,0.48493,0.96588,0.1809,-0.52827,0.12667,0.39572,-0.07162,0.6784,0.38174,-0.01187,-1.30451,-0.96063,0.43766,-0.55618,0.33188,0.10567,-0.00261,-0.01469,0.01209,0.02388,0.01382,0.13783,0.21189,0.09611,-0.01351,9e-05,0.01442,0.00764
5.98,0.05424,0.03305,0.00453,-0.36573,-0.24489,0.29462,0.00951,0.08403,-0.86704,0.33777,-0.384,-0.0001,0.38235,0.6833,0.07797,-0.25423,0.18188,0.39699,-0.01301,0.53539,0.43599,-0.00123,-0.89129,-1.01131,0.39734,-0.45231,0.34045,0.10602,0.0165,-0.0491,0.0143,0.02314,0.01328,0.13175,0.2081,0.1015,-0.02794,0.00189,0.01356,0.007
6,0.06771,0.03462,0.00431,-0.34262,-0.24708,0.30079,0.02949,0.04088,-0.68183,0.30159,-0.384,-9e-05,0.27465,0.36543,-0.02511,0.04539,0.23519,0.38837,0.04833,0.39247,0.46688,0.00664,-0.46691,-1.05197,0.34379,-0.32794,0.3426,0.10123,0.03258,-0.08564,0.01633,0.02212,0.01257,0.12173,0.19925,0.10324,-0.04242,0.00375,0.01247,0.00627
6.02,0.08107,0.0359,0.00478,-0.31344,-0.2451,0.30279,0.04897,-0.00254,-0.48455,0.25603,-0.384,-8e-05,0.16408,0.02479,-0.12625,0.35558,0.27767,0.36363,0.10531,0.2512,0.47856,0.01483,-0.03487,-1.07418,0.27279,-0.1898,0.33874,0.08966,0.04271,-0.12256,0.01814,0.02113,0.0119,0.10857,0.1863,0.10118,-0.05609,0.00553,0.01125,0.00549
6.04,0.09383,0.03692,0.00606,-0.28011,-0.23939,0.30102,0.06742,-0.04514,-0.27994,0.20248,-0.25296,-8e-05,0.05319,-0.32685,-0.2229,0.66239,0.30223,0.31754,0.15221,0.11262,0.47541,0.02634,0.4021,-1.06966,0.18147,-0.04437,0.32949,0.07048,0.0449,-0.1582,0.01974,0.02039,0.01143,0.09308,0.17018,0.09536,-0.06817,0.00715,0.00997,0.00471
6.06,0.1056,0.03765,0.0082,-0.24428,-0.23044,0.29599,0.08443,-0.08618,-0.07231,0.14259,-0.08784,-7e-05,-0.05445,-0.68,-0.31086,0.95476,0.30556,0.24704,0.18628,-0.02302,0.46169,0.04401,0.84156,-1.0321,0.07006,0.10236,0.31558,0.04435,0.03881,-0.19124,0.0211,0.02,0.01124,0.07605,0.15161,0.08599,-0.07811,0.00853,0.00869,0.00398
6.08,0.11603,0.03808,0.01117,-0.20747,-0.21885,0.28835,0.0996,-0.12498,0.13305,0.0786,0.07225,-7e-05,-0.15316,-1.02517,-0.38326,1.22281,0.28852,0.15191,0.2079,-0.15522,0.44146,0.07038,1.27793,-0.95778,-0.05686,0.24383,0.29798,0.01367,0.02597,-0.22047,0.02223,0.01989,0.01126,0.05834,0.1311,0.07346,-0.08548,0.00958,0.00746,0.00332
6.1,0.12468,0.03815,0.01487,-0.17131,-0.20539,0.27891,0.11237,-0.16067,0.32856,0.01374,0.22145,-6e-05,-0.23491,-1.35041,-0.43059,1.45571,0.25565,0.03508,0.21987,-0.28239,0.41855,0.10752,1.69968,-0.84568,-0.19015,0.37212,0.2779,-0.01746,0.00954,-0.2446,0.02313,0.01984,0.01137,0.04094,0.10918,0.05846,-0.08993,0.01026,0.00636,0.00277
6.12,0.13111,0.03781,0.01915,-0.13741,-0.19081,0.26843,0.12213,-0.19219,0.50549,-0.04835,0.35322,-6e-05,-0.29126,-1.64202,-0.4434,1.64228,0.21341,-0.09803,0.2261,-0.40222,0.39614,0.15672,2.09107,-0.69736,-0.31825,0.4789,0.25656,-0.04429,-0.00657,-0.26234,0.02376,0.01959,0.01138,0.02487,0.0863,0.04175,-0.09122,0.01051,0.00541,0.00236
6.14,0.13497,0.03697,0.0238,-0.10686,-0.17559,0.25742,0.1283,-0.21862,0.6566,-0.10456,0.384,-5e-05,-0.31693,-1.88741,-0.41673,1.77338,0.1679,-0.24064,0.22989,-0.51299,0.37606,0.21811,2.43691,-0.5168,-0.43077,0.55763,0.23485,-0.063,-0.01906,-0.27277,0.02412,0.0189,0.01112,0.01085,0.06286,0.02405,-0.08928,0.01031,0.00467,0.00209
6.16,0.13609,0.03556,0.02862,-0.08011,-0.15987,0.246,0.13045,-0.23925,0.77755,-0.15286,0.384,-5e-05,-0.31212,-2.0763,-0.35339,1.84336,0.1234,-0.38492,0.23269,-0.61414,0.35844,0.2902,2.72473,-0.31094,-0.52061,0.60489,0.2131,-0.07175,-0.02614,-0.27563,0.02419,0.01761,0.0105,-0.00082,0.03918,0.00592,-0.08428,0.00967,0.00413,0.00198
6.18,0.13445,0.03353,0.03336,-0.05708,-0.14349,0.23393,0.12829,-0.25349,0.86625,-0.192,0.384,-5e-05,-0.28312,-2.19942,-0.26518,1.8496,0.08232,-0.52096,0.2338,-0.70559,0.34172,0.3692,2.94296,-0.09131,-0.58375,0.62023,0.19122,-0.07088,-0.02763,-0.27124,0.02398,0.01571,0.00948,-0.01025,0.01571,-0.01211,-0.07671,0.00864,0.00379,0.00198
6.2,0.13016,0.03084,0.0377,-0.03745,-0.12614,0.22076,0.12164,-0.26071,0.92175,-0.22113,0.384,-5e-05,-0.24125,-2.24725,-0.1717,1.79162,0.0457,-0.63634,0.23065,-0.78689,0.32299,0.44884,3.07898,0.12536,-0.61842,0.60551,0.16889,-0.06253,-0.02479,-0.26048,0.02348,0.01329,0.00815,-0.01779,-0.00684,-0.02942,-0.06736,0.00734,0.00361,0.00208
6.22,0.12345,0.02751,0.04125,-0.02085,-0.10752,0.206,0.11045,-0.26029,0.94402,-0.23969,0.384,-4e-05,-0.19928,-2.21132,-0.09468,1.6705,0.01354,-0.71868,0.22002,-0.85712,0.29882,0.52152,3.12062,0.32038,-0.62471,0.56424,0.14575,-0.04986,-0.01963,-0.24448,0.0227,0.01053,0.0066,-0.02393,-0.02757,-0.04533,-0.05711,0.00588,0.00356,0.00222
6.24,0.11453,0.02355,0.04372,-0.00703,-0.08736,0.18928,0.09482,-0.25196,0.93443,-0.24756,0.384,-4e-05,-0.1662,-2.08742,-0.04942,1.48861,-0.01478,-0.7601,0.19992,-0.91512,0.26629,0.58029,3.06005,0.47881,-0.60466,0.50091,0.12152,-0.03586,-0.01409,-0.22437,0.02164,0.00762,0.00497,-0.02919,-0.04569,-0.0592,-0.04679,0.00436,0.0036,0.00236
6.26,0.10363,0.01904,0.04488,0.00406,-0.06561,0.17059,0.07519,-0.23597,0.89609,-0.24515,0.384,-4e-05,-0.14373,-1.87846,-0.03899,1.25026,-0.04019,-0.76024,0.17083,-0.95959,0.22389,0.6201,2.89702,0.59295,-0.56244,0.42084,0.09621,-0.02264,-0.0095,-0.20112,0.0203,0.00473,0.00334,-0.034,-0.06061,-0.07049,-0.03695,0.00286,0.00371,0.0025
6.28,0.09107,0.01411,0.0446,0.01211,-0.04262,0.15044,0.05239,-0.21332,0.83421,-0.2334,0.384,-4e-05,-0.12566,-1.59644,-0.05291,0.96346,-0.06367,-0.72691,0.13633,-0.98868,0.17199,0.6377,2.64054,0.66217,-0.50462,0.33068,0.07031,-0.01131,-0.0064,-0.17567,0.01871,0.00203,0.00182,-0.03868,-0.07189,-0.0787,-0.02796,0.00143,0.00389,0.00264
6.3,0.07732,0.00901,0.04284,0.01641,-0.01924,0.12989,0.02779,-0.18567,0.75595,-0.21375,0.384,-4e-05,-0.09905,-1.26249,-0.06925,0.64078,-0.08608,-0.67486,0.10276,-0.99979,0.11298,0.63125,2.30869,0.69133,-0.44001,0.23862,0.04494,-0.0022,-0.00472,-0.1491,0.01689,-0.00031,0.00051,-0.04337,-0.07909,-0.08323,-0.02008,8e-05,0.00413,0.00278
6.32,0.0629,0.00403,0.03963,0.01609,0.00342,0.11031,0.00303,-0.15507,0.66929,-0.18787,0.384,-4e-05,-0.04841,-0.90197,-0.06171,0.29688,-0.10837,-0.62166,0.07729,-0.99009,0.05043,0.60017,1.92499,0.68842,-0.37795,0.15318,0.02151,0.00493,-0.00395,-0.1225,0.0149,-0.00212,-0.00052,-0.04809,-0.08185,-0.0836,-0.01347,-0.00116,0.00443,0.00294
6.34,0.0483,-0.00059,0.03505,0.01057,0.0244,0.09279,-0.02045,-0.12333,0.58128,-0.15741,0.32036,-3e-05,0.03849,-0.53664,-0.00997,-0.05616,-0.13208,-0.58176,0.06505,-0.95764,-0.01221,0.5452,1.5125,0.66196,-0.32575,0.08102,0.00115,0.01057,-0.00353,-0.09671,0.01278,-0.00327,-0.00119,-0.05284,-0.08007,-0.07959,-0.0082,-0.00228,0.00482,0.00316
6.36,0.03389,-0.00468,0.02922,-0.00018,0.04308,0.07786,-0.04163,-0.09177,0.49714,-0.12393,0.2585,-3e-05,0.16619,-0.18064,0.09305,-0.41086,-0.15951,-0.56261,0.06714,-0.90235,-0.07227,0.46873,1.09134,0.61931,-0.28705,0.02571,-0.01562,0.01524,-0.00298,-0.07228,0.01058,-0.00374,-0.0015,-0.05761,-0.074,-0.07145,-0.00427,-0.00329,0.00528,0.00344
6.38,0.02006,-0.00814,0.02242,-0.01542,0.05918,0.06553,-0.05976,-0.06137,0.42069,-0.0891,0.20647,-3e-05,0.32959,0.15797,0.23866,-0.76214,-0.19364,-0.56378,0.08014,-0.82648,-0.12759,0.37539,0.68117,0.56656,-0.26173,-0.0122,-0.02887,0.01941,-0.00205,-0.04958,0.00835,-0.00357,-0.00146,-0.06235,-0.06437,-0.06003,-0.00159,-0.00419,0.00582,0.00377
6.4,0.00727,-0.0109,0.015,-0.03374,0.07249,0.05545,-0.07424,-0.03302,0.35496,-0.0549,0.16713,-3e-05,0.51425,0.47406,0.4037,-1.10466,-0.23762,-0.57803,0.09676,-0.73475,-0.1761,0.27209,0.30363,0.50874,-0.24664,-0.03439,-0.03903,0.02345,-0.00065,-0.02901,0.00619,-0.00286,-0.00114,-0.06698,-0.05229,-0.0467,-7e-05,-0.00496,0.00644,0.00415
6.42,-0.00398,-0.01292,0.00745,-0.05325,0.08289,0.04705,-0.08458,-0.00752,0.30212,-0.02335,0.14263,-3e-05,0.70065,0.76421,0.55791,-1.43252,-0.29383,-0.59421,0.1082,-0.63304,-0.21599,0.16661,-0.02037,0.44989,-0.23689,-0.04391,-0.04674,0.02757,0.00116,-0.01099,0.00421,-0.00179,-0.0006,-0.07132,-0.03907,-0.03307,0.00039,-0.00558,0.0071,0.00453
6.44,-0.0133,-0.01417,0.00017,-0.07205,0.09036,0.03963,-0.09046,0.01458,0.26289,0.00398,0.13381,-3e-05,0.87085,1.02658,0.67493,-1.74074,-0.36236,-0.60139,0.10749,-0.52653,-0.24624,0.06504,-0.27679,0.39288,-0.22761,-0.04425,-0.05266,0.03181,0.00321,0.00421,0.00248,-0.00051,5e-05,-0.07517,-0.02581,-0.02052,-7e-05,-0.00603,0.00777,0.00488
6.46,-0.02051,-0.01469,-0.0065,-0.08845,0.09496,0.03249,-0.0918,0.03302,0.23623,0.02626,0.13979,-3e-05,1.01251,1.2601,0.73949,-2.02523,-0.43989,-0.59164,0.09188,-0.41865,-0.26696,-0.02956,-0.46193,0.33948,-0.21512,-0.03869,-0.05737,0.036,0.00528,0.01652,0.00106,0.00083,0.00075,-0.07823,-0.01322,-0.00993,-0.00127,-0.00627,0.00837,0.00514
6.48,-0.02557,-0.01453,-0.01226,-0.10088,0.09682,0.02502,-0.08872,0.04767,0.2195,0.04326,0.15794,-3e-05,1.1188,1.46237,0.74869,-2.28054,-0.51876,-0.56082,0.06351,-0.31171,-0.27925,-0.11681,-0.58175,0.29081,-0.19736,-0.03018,-0.06128,0.03971,0.00704,0.026,-4e-05,0.00208,0.0014,-0.08013,-0.00165,-0.00165,-0.00297,-0.00626,0.00881,0.00525
6.5,-0.02851,-0.01378,-0.01683,-0.10782,0.09604,0.01671,-0.08154,0.05843,0.20892,0.05514,0.18402,-3e-05,1.18685,1.62808,0.71009,-2.49786,-0.58709,-0.50821,0.02887,-0.2077,-0.28491,-0.19797,-0.64923,0.24777,-0.17379,-0.02135,-0.06459,0.04225,0.00809,0.03271,-0.00079,0.00308,0.00192,-0.08039,0.00875,0.00431,-0.00489,-0.00598,0.00895,0.00515
6.52,-0.02947,-0.01253,-0.01995,-0.10787,0.09269,0.00722,-0.07069,0.0652,0.20007,0.06224,0.21286,-4e-05,1.21628,1.75006,0.63735,-2.66566,-0.6312,-0.43514,-0.00349,-0.10849,-0.28577,-0.27486,-0.68084,0.2112,-0.14483,-0.01453,-0.06727,0.04279,0.00806,0.03676,-0.00122,0.0037,0.00223,-0.07846,0.01792,0.00822,-0.00669,-0.00537,0.00867,0.00475
6.54,-0.02864,-0.01089,-0.02145,-0.10006,0.08676,-0.00364,-0.05672,0.06804,0.18872,0.06492,0.23942,-4e-05,1.20802,1.8221,0.54427,-2.77219,-0.63968,-0.34308,-0.0263,-0.01545,-0.28308,-0.34878,-0.69245,0.18175,-0.11102,-0.01171,-0.06909,0.04055,0.00668,0.03832,-0.00135,0.00383,0.00227,-0.07373,0.02573,0.01042,-0.00808,-0.00443,0.00785,0.00402
6.56,-0.02637,-0.00894,-0.02132,-0.08403,0.07817,-0.01588,-0.04027,0.06727,0.17125,0.06346,0.25936,-4e-05,1.16358,1.84075,0.44122,-2.80707,-0.60613,-0.23273,-0.0358,0.0704,-0.27697,-0.41953,-0.69661,0.1599,-0.07259,-0.0146,-0.0696,0.03496,0.00391,0.03774,-0.00126,0.00345,0.00201,-0.06566,0.03184,0.0113,-0.00877,-0.00318,0.00644,0.00292
6.58,-0.0231,-0.0068,-0.01972,-0.06024,0.06684,-0.02919,-0.02224,0.06348,0.14498,0.05802,0.26903,-4e-05,1.08507,1.8055,0.33488,-2.76106,-0.53002,-0.10446,-0.03223,0.14773,-0.26636,-0.48457,-0.70175,0.14616,-0.02957,-0.02455,-0.06813,0.02573,-2e-05,0.03554,-0.00105,0.00256,0.00146,-0.05378,0.03563,0.01118,-0.00853,-0.00168,0.00447,0.0015
6.6,-0.01942,-0.0046,-0.01695,-0.02994,0.05273,-0.04294,-0.00384,0.0575,0.10829,0.04865,0.26533,-5e-05,0.97539,1.71827,0.22915,-2.62596,-0.41621,0.0408,-0.01932,0.21433,-0.24921,-0.5389,-0.71229,0.14117,0.01789,-0.04258,-0.06383,0.01285,-0.0046,0.03236,-0.00086,0.00126,0.00069,-0.03779,0.03619,0.01038,-0.00714,-6e-05,0.00203,-0.00016
6.62,-0.01594,-0.00247,-0.0134,0.00494,0.03592,-0.05621,0.01352,0.05023,0.06083,0.03541,0.24609,-5e-05,0.83806,1.58287,0.1258,-2.39608,-0.27271,0.20134,-0.00278,0.26754,-0.22314,-0.57638,-0.729,0.14529,0.06931,-0.06904,-0.05582,-0.00333,-0.00914,0.02892,-0.00083,-0.00033,-0.00025,-0.01768,0.03263,0.00924,-0.00445,0.00154,-0.00073,-0.00195
6.64,-0.01321,-0.00051,-0.00948,0.04211,0.01666,-0.06798,0.02851,0.04251,0.00382,0.01844,0.21063,-5e-05,0.67697,1.40451,0.0248,-2.07086,-0.10751,0.3748,0.01173,0.30528,-0.1864,-0.59214,-0.74958,0.1579,0.12383,-0.10339,-0.04349,-0.02213,-0.01286,0.02584,-0.00107,-0.00204,-0.00127,0.00621,0.02439,0.00814,-0.00038,0.00298,-0.00362,-0.00372
6.66,-0.01155,0.00123,-0.00561,0.07901,-0.00457,-0.07726,0.04,0.03492,-0.05954,-0.00185,0.16035,-5e-05,0.4968,1.1903,-0.07501,-1.65812,0.07293,0.55757,0.01993,0.32671,-0.13864,-0.58425,-0.76897,0.17685,0.17991,-0.14372,-0.02668,-0.04242,-0.01496,0.02365,-0.00166,-0.00372,-0.00226,0.03296,0.01162,0.00756,0.00505,0.00412,-0.00646,-0.00534
6.68,-0.01115,0.00275,-0.00222,0.11251,-0.02686,-0.08296,0.04701,0.02791,-0.12351,-0.0246,0.09919,-5e-05,0.30438,0.95075,-0.17505,-1.17765,0.2629,0.74333,0.01923,0.33218,-0.0815,-0.55406,-0.77929,0.19816,0.2349,-0.18639,-0.00588,-0.06244,-0.01461,0.0227,-0.00258,-0.00517,-0.00313,0.06087,-0.00465,0.00811,0.01162,0.00486,-0.00901,-0.00666
6.7,-0.01201,0.00407,0.00023,0.13884,-0.04875,-0.08394,0.04864,0.02181,-0.17978,-0.04842,0.03367,-5e-05,0.10978,0.70079,-0.27601,-0.66272,0.456,0.92203,0.0086,0.32296,-0.0187,-0.50588,-0.77032,0.21626,0.2848,-0.22608,0.0177,-0.07981,-0.01099,0.02322,-0.00378,-0.00618,-0.00375,0.08738,-0.02259,0.01049,0.01894,0.0051,-0.01102,-0.00752
6.72,-0.01399,0.00523,0.00133,0.15417,-0.06854,-0.07917,0.04418,0.01681,-0.21897,-0.07155,-0.02838,-5e-05,-0.07458,0.45787,-0.37678,-0.15529,0.64508,1.08101,-0.0117,0.30097,0.04437,-0.44566,-0.73218,0.22511,0.32492,-0.25678,0.04244,-0.09197,-0.00349,0.0253,-0.00516,-0.00652,-0.00401,0.10957,-0.03997,0.01527,0.02645,0.00479,-0.01221,-0.00775
6.74,-0.01685,0.00624,0.00082,0.15573,-0.08473,-0.06812,0.03336,0.01297,-0.23321,-0.09224,-0.07979,-5e-05,-0.23617,0.23823,-0.4735,0.30281,0.82291,1.20755,-0.04019,0.2686,0.1017,-0.37916,-0.65925,0.22011,0.35127,-0.27358,0.06664,-0.09698,0.00794,0.02875,-0.0066,-0.00606,-0.00382,0.125,-0.0548,0.02261,0.03357,0.00388,-0.0124,-0.00726
6.76,-0.02019,0.00709,-0.00126,0.14261,-0.09627,-0.05105,0.01658,0.01018,-0.21794,-0.10889,-0.11525,-5e-05,-0.36324,0.05504,-0.55853,0.67449,0.98208,1.29029,-0.07431,0.22877,0.14705,-0.31091,-0.55325,0.19933,0.36138,-0.27383,0.0888,-0.09408,0.02253,0.03312,-0.00798,-0.00475,-0.00316,0.13226,-0.06575,0.03199,0.03966,0.00242,-0.01152,-0.00601
6.78,-0.02347,0.00772,-0.00461,0.11598,-0.1026,-0.02923,-0.00493,0.00819,-0.17231,-0.11997,-0.13138,-5e-05,-0.44406,-0.08057,-0.61949,0.92538,1.11368,1.31879,-0.11007,0.18518,0.17371,-0.24448,-0.42477,0.16396,0.35438,-0.25741,0.10746,-0.08377,0.03851,0.03757,-0.00916,-0.00269,-0.00207,0.13103,-0.07218,0.04215,0.04405,0.00054,-0.00964,-0.0041
6.8,-0.02599,0.00805,-0.00861,0.07902,-0.10349,-0.0049,-0.0291,0.00662,-0.09904,-0.12397,-0.12629,-5e-05,-0.46651,-0.15853,-0.63973,1.02243,1.20665,1.28327,-0.14213,0.14244,0.17449,-0.18296,-0.29257,0.11819,0.3308,-0.22641,0.12107,-0.06776,0.05316,0.04095,-0.00999,-0.00011,-0.00066,0.12193,-0.07399,0.05109,0.04597,-0.00157,-0.00699,-0.00172
6.82,-0.02705,0.00799,-0.01252,0.0362,-0.09901,0.01913,-0.05347,0.00512,-0.00346,-0.11964,-0.0996,-5e-05,-0.42108,-0.17191,-0.60268,0.94031,1.24997,1.17649,-0.16464,0.10543,0.14314,-0.12889,-0.17866,0.06808,0.29222,-0.18438,0.12818,-0.04833,0.06354,0.04203,-0.01034,0.00269,0.00091,0.10625,-0.07152,0.05654,0.04474,-0.00366,-0.00386,0.00088
6.84,-0.02605,0.00748,-0.01564,-0.00763,-0.08964,0.04022,-0.07583,0.00342,0.10765,-0.10654,-0.05264,-5e-05,-0.30587,-0.12107,-0.4988,0.67314,1.23686,0.99727,-0.17277,0.07823,0.07681,-0.08383,-0.10058,0.02006,0.24096,-0.13521,0.1279,-0.02765,0.06752,0.03982,-0.0101,0.00535,0.00245,0.08568,-0.06548,0.05667,0.04001,-0.00548,-0.00055,0.00345
6.86,-0.02272,0.00655,-0.01743,-0.04777,-0.07632,0.05628,-0.09462,0.00146,0.22648,-0.08548,0.01121,-5e-05,-0.13068,-0.01686,-0.33084,0.24408,1.16786,0.75364,-0.1637,0.06343,-0.02201,-0.04817,-0.06636,-0.02003,0.18006,-0.08258,0.12011,-0.00731,0.0645,0.03386,-0.00923,0.00747,0.00374,0.06218,-0.05693,0.05057,0.03194,-0.00688,0.00266,0.00574
6.88,-0.01711,0.00535,-0.01753,-0.07948,-0.06057,0.06578,-0.10887,-0.0006,0.34343,-0.05873,0.08602,-5e-05,0.08076,0.11788,-0.11631,-0.28957,1.05192,0.46533,-0.13688,0.06215,-0.14433,-0.02139,-0.0735,-0.04681,0.11368,-0.03022,0.10563,0.01167,0.0556,0.02431,-0.00781,0.00864,0.00456,0.0381,-0.04731,0.03844,0.02133,-0.00771,0.0055,0.00755
6.9,-0.0096,0.00407,-0.01574,-0.09783,-0.04447,0.06758,-0.11806,-0.00238,0.44676,-0.02997,0.16323,-5e-05,0.29181,0.24967,0.11359,-0.83874,0.90568,0.16362,-0.09397,0.07423,-0.27486,-0.00244,-0.11054,-0.0552,0.04731,0.01788,0.08616,0.02858,0.04345,0.01193,-0.00596,0.00843,0.00465,0.01627,-0.03843,0.02146,0.00959,-0.00788,0.0077,0.00868
6.92,-0.0008,0.00299,-0.01204,-0.09853,-0.03028,0.06108,-0.12202,-0.00339,0.52444,-0.00364,0.23323,-5e-05,0.46093,0.34146,0.32169,-1.30184,0.74962,-0.1151,-0.03823,0.09853,-0.39537,0.00999,-0.16106,-0.04104,-0.01307,0.05792,0.06389,0.04291,0.03139,-0.00215,-0.00386,0.00646,0.00378,-0.00046,-0.03217,0.0015,-0.00164,-0.00734,0.00902,0.00895
6.94,0.00862,0.00231,-0.00659,-0.07924,-0.01986,0.04645,-0.121,-0.0032,0.56755,0.01622,0.28783,-5e-05,0.55409,0.36347,0.47683,-1.59461,0.60215,-0.33987,0.02608,0.13327,-0.48984,0.01726,-0.20923,-0.00231,-0.0625,0.08731,0.04104,0.05414,0.02225,-0.01673,-0.00171,0.00257,0.00186,-0.00999,-0.02995,-0.01946,-0.01092,-0.00611,0.0093,0.00827
6.96,0.01796,0.0021,0.00024,-0.04067,-0.01425,0.0249,-0.11566,-0.00155,0.57259,0.02661,0.32185,-5e-05,0.55312,0.3007,0.5617,-1.67001,0.47613,-0.49168,0.09398,0.17602,-0.54779,0.02066,-0.24344,0.0599,-0.09793,0.10527,0.0195,0.06161,0.01761,-0.03073,0.00036,-0.00303,-0.00102,-0.01144,-0.03245,-0.03958,-0.01737,-0.00429,0.00851,0.00666
6.98,0.02649,0.00234,0.00777,0.01292,-0.01364,-0.00109,-0.10715,0.00163,0.54181,0.02566,0.33315,-5e-05,0.4576,0.15509,0.57398,-1.52203,0.37895,-0.56383,0.15933,0.22348,-0.56457,0.0213,-0.25693,0.14074,-0.11814,0.11281,0.00104,0.06445,0.01761,-0.04311,0.00221,-0.00973,-0.00454,-0.00529,-0.03944,-0.05709,-0.02068,-0.00206,0.00679,0.00431
7,0.03336,0.0029,0.01505,0.07397,-0.01747,-0.02787,-0.09707,0.00621,0.48255,0.01249,0.32216,-5e-05,0.28293,-0.05586,0.5241,-1.18103,0.31375,-0.5597,0.21467,0.27133,-0.54046,0.02011,-0.24725,0.23161,-0.12334,0.11238,-0.01271,0.06156,0.02116,-0.05283,0.00373,-0.01655,-0.00815,0.00682,-0.04994,-0.0702,-0.02101,0.00029,0.00437,0.00152
7.02,0.03776,0.00356,0.02101,0.13324,-0.02464,-0.05135,-0.0872,0.01193,0.40514,-0.01299,0.29127,-5e-05,0.05451,-0.30457,0.43017,-0.70126,0.27993,-0.4899,0.25253,0.31488,-0.47937,0.01779,-0.21534,0.32186,-0.11481,0.10713,-0.02035,0.05201,0.02645,-0.05893,0.0048,-0.02231,-0.01122,0.0225,-0.06244,-0.07736,-0.01889,0.00243,0.00157,-0.00134
7.04,0.03917,0.00413,0.0248,0.18234,-0.03372,-0.0681,-0.07916,0.01853,0.32002,-0.05013,0.24413,-5e-05,-0.20048,-0.56152,0.3114,-0.14402,0.27326,-0.36915,0.26775,0.35024,-0.38755,0.01488,-0.1645,0.40141,-0.09469,0.09995,-0.02128,0.03563,0.03167,-0.06085,0.00538,-0.02605,-0.01322,0.0392,-0.07536,-0.07775,-0.01506,0.0041,-0.00129,-0.00395
7.06,0.03744,0.00442,0.02595,0.21536,-0.04311,-0.07616,-0.07416,0.02579,0.23611,-0.09753,0.18547,-5e-05,-0.4577,-0.7998,0.18399,0.43166,0.28578,-0.21472,0.25899,0.37504,-0.27304,0.01175,-0.09994,0.46229,-0.06589,0.09291,-0.01594,0.01346,0.03543,-0.05859,0.00546,-0.02724,-0.01385,0.05455,-0.08729,-0.07158,-0.01037,0.00517,-0.00398,-0.00609
7.08,0.03295,0.0043,0.02442,0.22897,-0.05096,-0.07512,-0.07302,0.03348,0.16101,-0.15266,0.12139,-5e-05,-0.69488,-0.99444,0.06105,0.96726,0.30581,-0.04711,0.22921,0.38833,-0.14627,0.00862,-0.02903,0.49856,-0.03225,0.08712,-0.00593,-0.01193,0.03692,-0.05278,0.00513,-0.02581,-0.01307,0.06634,-0.09695,-0.0603,-0.00585,0.00562,-0.0063,-0.00765
7.1,0.02645,0.00368,0.02053,0.222,-0.05521,-0.06591,-0.0762,0.04134,0.10154,-0.21173,0.05949,-5e-05,-0.89045,-1.12137,-0.04657,1.40241,0.31862,0.10986,0.18511,0.39029,-0.02037,0.00566,0.03864,0.50581,0.00143,0.08286,0.0061,-0.03658,0.03578,-0.04459,0.0045,-0.0221,-0.01108,0.07244,-0.10312,-0.04636,-0.00266,0.00555,-0.00813,-0.00859
7.12,0.01897,0.00249,0.01486,0.19516,-0.05392,-0.05038,-0.08379,0.04908,0.06306,-0.27037,0.00765,-5e-05,-1.02551,-1.16042,-0.13048,1.6826,0.30913,0.23249,0.13524,0.38181,0.09093,0.00293,0.09309,0.48147,0.03023,0.07977,0.01704,-0.05606,0.03202,-0.03547,0.00375,-0.01675,-0.00823,0.07109,-0.10477,-0.03268,-0.00186,0.00511,-0.00933,-0.00895
7.14,0.01144,0.00075,0.00806,0.15089,-0.04585,-0.03072,-0.0954,0.05647,0.04825,-0.32487,-0.028,-5e-05,-1.08817,-1.10125,-0.18579,1.7736,0.26592,0.30302,0.08738,0.36411,0.1768,0.00043,0.12676,0.42554,0.05034,0.07717,0.02424,-0.06695,0.02588,-0.02678,0.003,-0.01043,-0.00487,0.06136,-0.10133,-0.02171,-0.00418,0.00446,-0.00987,-0.00878
7.16,0.00464,-0.00146,0.00082,0.09339,-0.03087,-0.00921,-0.11011,0.06338,0.05618,-0.37276,-0.0444,-5e-05,-1.07651,-0.9478,-0.21174,1.67151,0.18422,0.31354,0.04683,0.33849,0.23156,-0.00182,0.13644,0.3415,0.05986,0.07419,0.02601,-0.06788,0.01774,-0.01946,0.00237,-0.00379,-0.00138,0.04353,-0.09286,-0.01485,-0.0097,0.00372,-0.00976,-0.00818
7.18,-0.00091,-0.00396,-0.00619,0.02906,-0.01013,0.01177,-0.12632,0.06967,0.08204,-0.41269,-0.04169,-4e-05,-0.99912,-0.72032,-0.21151,1.40547,0.06715,0.26665,0.01631,0.30649,0.25468,-0.00384,0.12362,0.23701,0.05896,0.06993,0.02178,-0.05969,0.00817,-0.01414,0.00193,0.00253,0.00191,0.01932,-0.08017,-0.01235,-0.01785,0.00301,-0.00909,-0.00725
7.2,-0.00478,-0.00648,-0.01222,-0.03353,0.01393,0.02962,-0.14177,0.07523,0.11769,-0.44388,-0.02278,-4e-05,-0.87391,-0.45413,-0.1916,1.03397,-0.07462,0.17426,-0.00355,0.27,0.24988,-0.00563,0.09385,0.1238,0.04951,0.06343,0.01198,-0.04518,-0.00202,-0.01111,0.0017,0.00792,0.00467,-0.00822,-0.06475,-0.01353,-0.02738,0.00238,-0.00801,-0.00612
7.22,-0.00673,-0.0087,-0.01655,-0.08521,0.03824,0.04189,-0.15395,0.07989,0.15352,-0.46602,0.00774,-4e-05,-0.72398,-0.1917,-0.16058,0.63086,-0.22596,0.05387,-0.0137,0.23097,0.2236,-0.00713,0.05511,0.01503,0.03438,0.05387,-0.00225,-0.02817,-0.01193,-0.01042,0.00171,0.01178,0.00657,-0.03538,-0.04845,-0.01707,-0.0367,0.00187,-0.00671,-0.0049
7.24,-0.0067,-0.01033,-0.01866,-0.11876,0.05995,0.04691,-0.16083,0.08353,0.18111,-0.47914,0.04482,-4e-05,-0.57193,0.02929,-0.12747,0.26477,-0.37212,-0.07648,-0.0161,0.19102,0.1832,-0.00828,0.01549,-0.07875,0.01639,0.04075,-0.01945,-0.01218,-0.02072,-0.01187,0.00191,0.01373,0.0074,-0.05885,-0.0329,-0.02154,-0.04434,0.00151,-0.00533,-0.0037
7.26,-0.00487,-0.01121,-0.01839,-0.13059,0.07702,0.04423,-0.1613,0.08603,0.195,-0.48362,0.08381,-4e-05,-0.43641,0.1835,-0.10071,-0.01363,-0.50147,-0.20124,-0.0134,0.15128,0.13591,-0.00893,-0.01822,-0.15221,-0.0023,0.02409,-0.03805,0.00044,-0.02773,-0.015,0.00229,0.01367,0.00713,-0.0764,-0.0192,-0.02569,-0.04923,0.0013,-0.00396,-0.00257
7.28,-0.00166,-0.01125,-0.01588,-0.121,0.08818,0.03469,-0.15528,0.08728,0.19298,-0.48008,0.12031,-4e-05,-0.33237,0.25849,-0.08824,-0.17253,-0.60522,-0.30707,-0.00885,0.11259,0.08888,-0.0089,-0.04066,-0.20524,-0.02021,0.00461,-0.05626,0.00855,-0.03244,-0.01906,0.00275,0.01178,0.00585,-0.08686,-0.00799,-0.02848,-0.05071,0.00123,-0.00266,-0.00153
7.3,0.00226,-0.01049,-0.01162,-0.0937,0.09282,0.02033,-0.14363,0.08717,0.17578,-0.46932,0.15004,-4e-05,-0.27185,0.25265,-0.09717,-0.19621,-0.67648,-0.38232,-0.00607,0.07586,0.04927,-0.00794,-0.04766,-0.24178,-0.03638,-0.01627,-0.07207,0.01212,-0.03444,-0.02306,0.00321,0.00852,0.00383,-0.08996,0.00049,-0.02912,-0.04851,0.00127,-0.00141,-0.00057
7.32,0.00614,-0.009,-0.00625,-0.05451,0.09092,0.00379,-0.12788,0.08561,0.14633,-0.45227,0.16933,-4e-05,-0.26276,0.17278,-0.13213,-0.08371,-0.71066,-0.41836,-0.00813,0.04197,0.02326,-0.00571,-0.0366,-0.26776,-0.05031,-0.03663,-0.08358,0.01182,-0.03351,-0.02597,0.00355,0.00447,0.0014,-0.0862,0.00627,-0.0271,-0.04271,0.00138,-0.00018,0.00035
7.34,0.00934,-0.00697,-0.00042,-0.0097,0.08323,-0.01243,-0.10986,0.08262,0.10887,-0.42996,0.17613,-4e-05,-0.30641,0.03167,-0.1925,0.15117,-0.7068,-0.41232,-0.01627,0.01158,0.01438,-0.00183,-0.00708,-0.2885,-0.06191,-0.05461,-0.08963,0.00864,-0.02984,-0.02699,0.00371,0.00024,-0.0011,-0.07674,0.00965,-0.02233,-0.03372,0.00149,0.00105,0.00124
7.36,0.01146,-0.00462,0.00534,0.03503,0.07129,-0.02643,-0.0916,0.07833,0.06852,-0.40359,0.17066,-4e-05,-0.39541,-0.15294,-0.27027,0.47868,-0.66864,-0.36907,-0.02893,-0.01504,0.02235,0.00415,0.03843,-0.30689,-0.07154,-0.06857,-0.09024,0.00365,-0.02412,-0.02578,0.00365,-0.00368,-0.00338,-0.06341,0.01116,-0.01528,-0.02236,0.00155,0.00235,0.00214
7.38,0.01234,-0.00228,0.01059,0.07448,0.05761,-0.03697,-0.07536,0.07308,0.03143,-0.37473,0.15559,-4e-05,-0.51266,-0.35728,-0.34892,0.85065,-0.60508,-0.30198,-0.04143,-0.03773,0.04278,0.01272,0.09415,-0.32278,-0.07984,-0.07711,-0.0867,-0.00211,-0.01769,-0.02252,0.00339,-0.00688,-0.00522,-0.0488,0.01154,-0.00704,-0.00989,0.00146,0.00373,0.00307
7.4,0.01204,-0.00036,0.01493,0.10373,0.04552,-0.04328,-0.06368,0.06743,0.00479,-0.34547,0.13572,-4e-05,-0.63242,-0.55184,-0.40453,1.20187,-0.52972,-0.23184,-0.04641,-0.05628,0.06766,0.02429,0.15122,-0.3332,-0.08764,-0.07898,-0.08137,-0.00752,-0.01237,-0.01784,0.00298,-0.00903,-0.0064,-0.03617,0.01167,0.00072,0.00192,0.00114,0.00523,0.00403
7.42,0.01075,0.00072,0.01808,0.11877,0.03857,-0.04512,-0.05901,0.06201,-0.00451,-0.31805,0.11672,-4e-05,-0.7264,-0.70675,-0.41177,1.4636,-0.45871,-0.18194,-0.03592,-0.07046,0.08745,0.03925,0.1997,-0.33375,-0.09577,-0.07319,-0.07711,-0.01161,-0.01011,-0.01261,0.00251,-0.00988,-0.00678,-0.0289,0.01239,0.00615,0.01121,0.00049,0.00681,0.00499
7.44,0.00872,0.00063,0.01985,0.11757,0.03951,-0.04273,-0.06306,0.05744,0.00801,-0.29433,0.10342,-4e-05,-0.77299,-0.80068,-0.35324,1.58485,-0.40746,-0.17085,-0.00449,-0.08015,0.09405,0.05786,0.23173,-0.32076,-0.1048,-0.05944,-0.07641,-0.01371,-0.01221,-0.00771,0.00206,-0.00935,-0.00631,-0.02944,0.01422,0.00781,0.01654,-0.0005,0.00843,0.00592
7.46,0.00621,-0.00076,0.02029,0.10097,0.04962,-0.03697,-0.07626,0.05424,0.04294,-0.27545,0.09856,-4e-05,-0.7636,-0.82673,-0.22613,1.5468,-0.38852,-0.20737,0.04858,-0.08548,0.08283,0.08018,0.24358,-0.29285,-0.1149,-0.0383,-0.08083,-0.0136,-0.01893,-0.00379,0.00166,-0.00759,-0.00509,-0.03875,0.01716,0.00508,0.01723,-0.00179,0.01001,0.00676
7.48,0.0035,-0.00338,0.01962,0.07288,0.06844,-0.02931,-0.09759,0.0528,0.09632,-0.26195,0.10256,-4e-05,-0.70415,-0.79355,-0.04476,1.36641,-0.41128,-0.28909,0.1183,-0.0868,0.05318,0.10589,0.23602,-0.25147,-0.12564,-0.01153,-0.09083,-0.01155,-0.02924,-0.00131,0.00132,-0.00499,-0.00336,-0.05598,0.02065,-0.00173,0.01351,-0.00324,0.01138,0.00742
7.5,0.00086,-0.00694,0.01821,0.03999,0.09393,-0.02179,-0.12469,0.05343,0.16006,-0.25387,0.1138,-4e-05,-0.61333,-0.72303,0.1609,1.09205,-0.48196,-0.40347,0.19442,-0.08461,0.00821,0.13414,0.21376,-0.20077,-0.13606,0.01801,-0.1058,-0.00825,-0.04101,-0.00051,0.00102,-0.00213,-0.00149,-0.07868,0.02359,-0.01147,0.00633,-0.0046,0.01235,0.0078
7.52,-0.00145,-0.01105,0.01652,0.01006,0.12304,-0.01654,-0.15431,0.05631,0.22391,-0.25077,0.12926,-4e-05,-0.51654,-0.64336,0.35331,0.78829,-0.60225,-0.5321,0.26434,-0.07958,-0.04646,0.16364,0.18371,-0.1465,-0.14486,0.04686,-0.12437,-0.00461,-0.05159,-0.00145,0.00072,0.00032,0.00011,-0.10348,0.02468,-0.02251,-0.00287,-0.00563,0.01271,0.0078
7.54,-0.00328,-0.0153,0.01493,-0.01055,0.15255,-0.01516,-0.18318,0.06135,0.2786,-0.2516,0.14551,-4e-05,-0.43719,-0.57916,0.49959,0.51406,-0.76714,-0.65697,0.31746,-0.07257,-0.10448,0.19278,0.15274,-0.09426,-0.15077,0.07185,-0.14476,-0.00145,-0.05872,-0.00392,0.00038,0.00182,0.0011,-0.12702,0.0229,-0.03326,-0.01261,-0.00613,0.01232,0.00735
7.56,-0.00465,-0.01933,0.01367,-0.01852,0.17965,-0.01823,-0.20842,0.06814,0.31776,-0.25455,0.15925,-4e-05,-0.391,-0.54497,0.57953,0.30858,-0.96272,-0.76433,0.34811,-0.06474,-0.15975,0.21966,0.1262,-0.04855,-0.15284,0.09066,-0.16503,0.0007,-0.06112,-0.00739,-3e-05,0.00211,0.00133,-0.14667,0.01784,-0.04252,-0.0216,-0.00603,0.01113,0.00644
7.58,-0.00573,-0.0228,0.01282,-0.01391,0.20177,-0.0252,-0.22749,0.07584,0.33808,-0.25705,0.16735,-4e-05,-0.38493,-0.54386,0.58683,0.18949,-1.16422,-0.84483,0.35593,-0.0576,-0.20627,0.24191,0.10774,-0.01285,-0.15045,0.10175,-0.18289,0.00163,-0.05863,-0.01096,-0.00051,0.00124,0.00084,-0.16044,0.0098,-0.04946,-0.02876,-0.00543,0.00929,0.00517
7.6,-0.00682,-0.0254,0.01231,0.0003,0.2165,-0.0345,-0.238,0.08323,0.33877,-0.25587,0.16688,-4e-05,-0.41825,-0.56884,0.52711,0.15608,-1.33664,-0.89248,0.34508,-0.05298,-0.2379,0.25659,0.09952,0.01008,-0.14325,0.1042,-0.19574,0.00138,-0.05207,-0.01345,-0.00106,-0.00045,-0.00016,-0.16684,-0.00024,-0.05356,-0.03313,-0.00453,0.00703,0.0037
7.62,-0.00826,-0.02687,0.01198,0.01942,0.2218,-0.04408,-0.23798,0.08898,0.32092,-0.24766,0.15541,-4e-05,-0.48459,-0.60643,0.41356,0.19458,-1.44238,-0.90413,0.32219,-0.05268,-0.24937,0.26061,0.10223,0.0185,-0.13115,0.09763,-0.20106,0.00019,-0.04287,-0.01363,-0.00167,-0.0025,-0.00135,-0.16497,-0.01091,-0.05457,-0.03403,-0.00361,0.00467,0.00224
7.64,-0.01029,-0.02707,0.01165,0.03878,0.21659,-0.05209,-0.22643,0.092,0.28682,-0.22976,0.13169,-4e-05,-0.57458,-0.6417,0.26134,0.28453,-1.45329,-0.87931,0.29365,-0.0579,-0.23789,0.2516,0.11477,0.01235,-0.11425,0.08223,-0.19723,-0.00165,-0.03256,-0.01066,-0.00229,-0.00445,-0.00244,-0.15466,-0.02081,-0.05251,-0.03122,-0.00291,0.0025,0.00096
7.66,-0.01299,-0.02602,0.01114,0.05482,0.2012,-0.05742,-0.20366,0.09177,0.23971,-0.20082,0.0962,-4e-05,-0.67723,-0.66157,0.08438,0.40262,-1.35918,-0.82038,0.2639,-0.06886,-0.20442,0.22851,0.13411,-0.00616,-0.09287,0.05884,-0.18401,-0.00386,-0.02247,-0.00443,-0.0029,-0.00597,-0.00324,-0.13667,-0.02883,-0.04773,-0.02508,-0.00253,0.00071,-4e-05
7.68,-0.01619,-0.02397,0.01028,0.06527,0.17748,-0.05974,-0.17164,0.08839,0.18394,-0.16117,0.05151,-4e-05,-0.77957,-0.65545,-0.10421,0.5229,-1.1704,-0.73285,0.23518,-0.0846,-0.1542,0.19192,0.15504,-0.03232,-0.06771,0.02917,-0.16284,-0.00617,-0.01374,0.00441,-0.00344,-0.00686,-0.00362,-0.11285,-0.03409,-0.04091,-0.01671,-0.0025,-0.00062,-0.00071
7.7,-0.01954,-0.02132,0.00897,0.0689,0.14875,-0.05938,-0.13381,0.08249,0.12509,-0.11278,0.00218,-4e-05,-0.86651,-0.61505,-0.29124,0.61695,-0.91578,-0.62526,0.20798,-0.1031,-0.09632,0.14396,0.17044,-0.05921,-0.03993,-0.00427,-0.13665,-0.0083,-0.00735,0.01441,-0.00386,-0.00705,-0.00355,-0.0861,-0.0359,-0.03307,-0.00779,-0.00271,-0.00146,-0.00107
7.72,-0.02255,-0.01855,0.00712,0.0654,0.11897,-0.05711,-0.09435,0.075,0.06903,-0.05864,-0.0463,-4e-05,-0.92303,-0.53462,-0.46481,0.65756,-0.63382,-0.5074,0.18177,-0.12175,-0.04159,0.08783,0.17258,-0.0792,-0.01078,-0.03875,-0.1091,-0.01001,-0.00411,0.0238,-0.00407,-0.00654,-0.00308,-0.05972,-0.03373,-0.02533,-0.00029,-0.003,-0.00184,-0.00118
7.74,-0.02481,-0.01606,0.00471,0.05509,0.09155,-0.05375,-0.05692,0.06679,0.02032,-0.00164,-0.08939,-3e-05,-0.93798,-0.41145,-0.61711,0.62478,-0.35963,-0.3876,0.15598,-0.13826,0.00073,0.02683,0.15514,-0.0861,0.01894,-0.07229,-0.08345,-0.01113,-0.00451,0.03107,-0.00402,-0.0054,-0.00226,-0.03647,-0.0273,-0.01857,0.00421,-0.00319,-0.00186,-0.00112
7.76,-0.02602,-0.01409,0.00183,0.03891,0.06863,-0.05002,-0.02389,0.05848,-0.01868,0.05592,-0.12452,-3e-05,-0.90668,-0.24678,-0.74595,0.51032,-0.11699,-0.27126,0.13074,-0.15113,0.02502,-0.03593,0.11473,-0.07676,0.04918,-0.1042,-0.06185,-0.01154,-0.00866,0.03533,-0.0037,-0.00374,-0.00119,-0.018,-0.01662,-0.01328,0.00488,-0.00317,-0.00162,-0.00096
7.78,-0.02609,-0.01271,-0.00131,0.01847,0.05103,-0.04646,0.00354,0.05044,-0.04775,0.11209,-0.15112,-3e-05,-0.83172,-0.04711,-0.85403,0.31932,0.08184,-0.16139,0.10728,-0.15966,0.02962,-0.09723,0.05151,-0.05139,0.08053,-0.13504,-0.04533,-0.01126,-0.0162,0.03638,-0.0031,-0.00172,4e-05,-0.00479,-0.00207,-0.00953,0.00173,-0.00284,-0.00125,-0.00079
7.8,-0.02503,-0.01183,-0.0044,-0.00396,0.03859,-0.04348,0.02506,0.04289,-0.0683,0.16483,-0.17021,-3e-05,-0.72217,0.1754,-0.94734,0.06948,0.23337,-0.05958,0.08791,-0.16383,0.01625,-0.15338,-0.03098,-0.01344,0.11387,-0.16615,-0.03404,-0.01035,-0.02636,0.03463,-0.00225,0.00045,0.00128,0.00355,0.01555,-0.00704,-0.0045,-0.00217,-0.00092,-0.00069
7.82,-0.02297,-0.01128,-0.00707,-0.02586,0.03049,-0.04134,0.04096,0.03588,-0.08259,0.2122,-0.18385,-3e-05,-0.59055,0.40542,-1.0327,-0.21424,0.34007,0.03341,0.07528,-0.164,-0.01121,-0.20059,-0.12719,0.03111,0.15016,-0.19915,-0.02751,-0.00892,-0.0381,0.03086,-0.00122,0.00253,0.00239,0.00798,0.03513,-0.00536,-0.0126,-0.00114,-0.00079,-0.00075
7.84,-0.02008,-0.01087,-0.00904,-0.04512,0.02559,-0.04015,0.05204,0.02943,-0.09298,0.25289,-0.19469,-3e-05,-0.44836,0.62893,-1.11499,-0.50753,0.40762,0.11749,0.07118,-0.16073,-0.0483,-0.23595,-0.23166,0.07483,0.19022,-0.23525,-0.02491,-0.0071,-0.05033,0.02589,-5e-05,0.00433,0.00327,0.00964,0.05545,-0.00405,-0.02136,0.0002,-0.00095,-0.001
7.86,-0.01658,-0.01039,-0.0102,-0.06045,0.02267,-0.03978,0.05943,0.02346,-0.10131,0.28644,-0.20554,-3e-05,-0.30356,0.83541,-1.19498,-0.79121,0.44292,0.19288,0.07572,-0.15457,-0.09085,-0.258,-0.34008,0.10933,0.23444,-0.27466,-0.02517,-0.00496,-0.06206,0.02046,0.00117,0.0057,0.00385,0.00964,0.07524,-0.00287,-0.02978,0.00178,-0.00143,-0.00143
7.88,-0.01269,-0.00971,-0.01062,-0.07134,0.02059,-0.03993,0.06455,0.01792,-0.10865,0.31305,-0.21925,-3e-05,-0.16096,1.01688,-1.26813,-1.05019,0.45321,0.25938,0.08707,-0.14609,-0.135,-0.2666,-0.44881,0.12512,0.28238,-0.31618,-0.02707,-0.00257,-0.07229,0.01516,0.00238,0.00659,0.00411,0.00896,0.09305,-0.00174,-0.03709,0.00345,-0.00216,-0.00198
7.9,-0.00873,-0.00868,-0.01052,-0.07787,0.01825,-0.0401,0.06892,0.01282,-0.11533,0.33325,-0.23849,-3e-05,-0.02349,1.16622,-1.32466,-1.27129,0.44554,0.31586,0.10171,-0.13592,-0.17683,-0.26261,-0.55392,0.11193,0.3325,-0.35704,-0.02925,2e-05,-0.07999,0.01049,0.00349,0.00694,0.00405,0.00844,0.10717,-0.00082,-0.0427,0.00501,-0.00298,-0.00252
7.92,-0.005,-0.00723,-0.01018,-0.08055,0.01476,-0.03974,0.07405,0.00813,-0.12106,0.34768,-0.26551,-3e-05,0.10707,1.27717,-1.35209,-1.44312,0.42628,0.36059,0.11537,-0.12484,-0.21238,-0.24721,-0.65087,0.06116,0.38239,-0.39357,-0.03042,0.00277,-0.08417,0.00683,0.00439,0.00678,0.00373,0.00874,0.11589,-0.00033,-0.04617,0.00627,-0.00371,-0.00293
7.94,-0.00172,-0.00533,-0.00989,-0.08003,0.00949,-0.03834,0.08118,0.00372,-0.12515,0.35694,-0.30169,-3e-05,0.22987,1.34538,-1.33941,-1.5576,0.4006,0.39208,0.12431,-0.11388,-0.23789,-0.2211,-0.73446,-0.03032,0.42924,-0.42221,-0.02954,0.00567,-0.08414,0.00431,0.00503,0.00613,0.00318,0.01028,0.11807,-0.00047,-0.04733,0.00704,-0.00417,-0.0031
7.96,0.00104,-0.00298,-0.00982,-0.077,0.0022,-0.03555,0.09112,-0.00072,-0.12672,0.36157,-0.34717,-3e-05,0.34438,1.36909,-1.28001,-1.61064,0.37229,0.40959,0.12623,-0.10442,-0.24985,-0.18412,-0.79864,-0.15716,0.47001,-0.44018,-0.02605,0.00878,-0.07964,0.00283,0.00538,0.00506,0.00246,0.01316,0.11348,-0.00128,-0.04627,0.00726,-0.00427,-0.00295
7.98,0.00334,-0.00028,-0.01003,-0.07219,-0.00692,-0.0312,0.10413,-0.00564,-0.1247,0.36191,-0.384,-4e-05,0.44934,1.34891,-1.17281,-1.60178,0.34388,0.41306,0.1205,-0.0983,-0.24491,-0.13535,-0.83584,-0.30384,0.50118,-0.44555,-0.01985,0.01217,-0.0709,0.00199,0.00545,0.0037,0.00164,0.01715,0.10289,-0.00261,-0.04339,0.00694,-0.004,-0.00252
8,0.00535,0.00259,-0.01053,-0.06631,-0.01719,-0.02533,0.11989,-0.01161,-0.11785,0.35809,-0.384,-4e-05,0.54205,1.28732,-1.022,-1.53323,0.31691,0.40298,0.1079,-0.09785,-0.21974,-0.07344,-0.83669,-0.44549,0.51861,-0.43694,-0.01136,0.01591,-0.05864,0.00117,0.00529,0.00218,0.00077,0.02171,0.08801,-0.00416,-0.03936,0.00617,-0.00341,-0.00187
8.02,0.00728,0.00541,-0.0112,-0.06005,-0.02773,-0.01814,0.1377,-0.01921,-0.10489,0.35004,-0.384,-4e-05,0.61906,1.18806,-0.83535,-1.40896,0.29224,0.38026,0.09011,-0.10569,-0.17117,0.00299,-0.79122,-0.55395,0.51829,-0.41362,-0.00129,0.02014,-0.04383,-0.0003,0.00499,0.00066,-8e-05,0.02613,0.07103,-0.00556,-0.03494,0.00511,-0.00261,-0.0011
8.04,0.00931,0.00799,-0.01194,-0.05397,-0.03766,-0.00988,0.15672,-0.02895,-0.0848,0.33762,-0.384,-4e-05,0.67764,1.05549,-0.62162,-1.2337,0.27029,0.34629,0.06899,-0.12435,-0.09645,0.09495,-0.69085,-0.6072,0.49773,-0.37554,0.00958,0.02505,-0.0274,-0.00295,0.00462,-0.00073,-0.00085,0.02977,0.05401,-0.00649,-0.03078,0.0039,-0.0017,-0.00032
8.06,0.01156,0.01023,-0.01263,-0.04841,-0.0464,-0.00087,0.17613,-0.04114,-0.05701,0.32067,-0.384,-4e-05,0.7168,0.89473,-0.38957,-1.01312,0.2513,0.30318,0.04607,-0.15598,0.00619,0.20241,-0.5304,-0.59582,0.45699,-0.32363,0.02055,0.03096,-0.01009,-0.007,0.00422,-0.00193,-0.00155,0.03217,0.03851,-0.0068,-0.02724,0.00267,-0.00078,0.00038
8.08,0.01405,0.01205,-0.01313,-0.04359,-0.05355,0.00845,0.19497,-0.05581,-0.02169,0.29921,-0.384,-4e-05,0.73711,0.71277,-0.1494,-0.75532,0.23556,0.25403,0.02266,-0.20204,0.13675,0.32344,-0.30948,-0.52453,0.39925,-0.26019,0.03093,0.03824,0.00744,-0.01232,0.00385,-0.00295,-0.00218,0.03312,0.0256,-0.00649,-0.02446,0.00153,7e-05,0.00095
8.1,0.01669,0.01344,-0.01332,-0.03962,-0.05887,0.0175,0.21208,-0.07262,0.0202,0.27351,-0.384,-4e-05,0.74023,0.51925,0.08606,-0.47191,0.2235,0.20307,-3e-05,-0.26317,0.29293,0.45367,-0.03322,-0.41045,0.33057,-0.18907,0.03999,0.04724,0.0245,-0.01839,0.00354,-0.00384,-0.00276,0.03256,0.01601,-0.00571,-0.02233,0.00054,0.00079,0.00134
8.12,0.01932,0.01439,-0.01307,-0.03649,-0.06219,0.0256,0.22623,-0.09099,0.06719,0.24403,-0.384,-4e-05,0.72848,0.32515,0.30301,-0.1766,0.21551,0.15485,-0.02095,-0.33925,0.47058,0.58758,0.289,-0.27726,0.25843,-0.11498,0.04699,0.0581,0.04031,-0.0245,0.00331,-0.00464,-0.00333,0.03058,0.01015,-0.00471,-0.02061,-0.00021,0.0013,0.00153
8.14,0.02175,0.01491,-0.01231,-0.03408,-0.06342,0.03216,0.23641,-0.11028,0.11799,0.2113,-0.384,-4e-05,0.70452,0.14006,0.49037,0.11795,0.21161,0.11292,-0.03942,-0.42969,0.66476,0.72053,0.64584,-0.14679,0.18932,-0.04231,0.0514,0.07044,0.05403,-0.02998,0.00317,-0.00542,-0.00391,0.02735,0.00796,-0.0038,-0.01905,-0.0007,0.00158,0.0015
8.16,0.02377,0.01497,-0.01104,-0.03215,-0.06251,0.03679,0.24205,-0.12984,0.17162,0.17591,-0.384,-3e-05,0.67118,-0.02894,0.64168,0.40118,0.21116,0.07903,-0.05522,-0.53322,0.86982,0.84989,1.02424,-0.03371,0.1274,0.02542,0.0529,0.08319,0.0647,-0.03431,0.00313,-0.00619,-0.00448,0.0231,0.00894,-0.00326,-0.01743,-0.00093,0.00161,0.00127
8.18,0.02519,0.01457,-0.00933,-0.03034,-0.05947,0.03921,0.243,-0.1489,0.22718,0.13879,-0.384,-3e-05,0.63169,-0.17633,0.75434,0.6628,0.21286,0.0532,-0.0685,-0.64711,1.07783,0.97431,1.40678,0.0549,0.07457,0.0852,0.05147,0.0944,0.0712,-0.03715,0.00314,-0.0069,-0.00498,0.01814,0.01208,-0.00336,-0.01561,-0.00093,0.00143,0.00088
8.2,0.02578,0.01367,-0.00733,-0.0282,-0.05434,0.03931,0.23942,-0.16644,0.2834,0.10144,-0.33878,-3e-05,0.58977,-0.29685,0.82817,0.89089,0.21479,0.0342,-0.07961,-0.76663,1.27754,1.09257,1.76963,0.11809,0.03116,0.13405,0.04727,0.1013,0.07219,-0.0383,0.00319,-0.00747,-0.00532,0.01287,0.01595,-0.00436,-0.01354,-0.00077,0.00108,0.0004
8.22,0.02532,0.01222,-0.00525,-0.02521,-0.04719,0.037,0.2317,-0.18135,0.33879,0.06562,-0.21907,-2e-05,0.5491,-0.38574,0.86467,1.0731,0.21488,0.02002,-0.08902,-0.88563,1.45587,1.20313,2.08557,0.15895,-0.00363,0.1692,0.0406,0.10095,0.06644,-0.03763,0.00323,-0.00779,-0.00538,0.00772,0.01895,-0.00646,-0.01122,-0.00052,0.00062,-0.0001
8.24,0.02365,0.01023,-0.00328,-0.02085,-0.03806,0.0323,0.22029,-0.19266,0.39194,0.03296,-0.09364,-2e-05,0.51247,-0.43995,0.86686,1.19988,0.21139,0.00857,-0.09732,-0.99797,1.60124,1.30398,2.33012,0.18217,-0.03138,0.18873,0.0317,0.09115,0.05336,-0.03511,0.00321,-0.00776,-0.00511,0.00294,0.01967,-0.00973,-0.00864,-0.00026,0.0001,-0.00057
8.26,0.02069,0.00771,-0.00159,-0.0146,-0.02702,0.0253,0.20567,-0.19976,0.44168,0.00465,0.03169,-2e-05,0.48131,-0.45896,0.83929,1.26644,0.20333,-0.00194,-0.10509,-1.09801,1.70536,1.39239,2.48526,0.19239,-0.05412,0.19204,0.02079,0.07126,0.03344,-0.03081,0.0031,-0.00735,-0.00448,-0.00138,0.01712,-0.01405,-0.00578,-2e-05,-0.00048,-0.00098
8.28,0.0165,0.00477,-0.00028,-0.00603,-0.01422,0.01621,0.18845,-0.20236,0.48668,-0.01836,0.1512,-2e-05,0.45582,-0.44471,0.78812,1.27252,0.1906,-0.01275,-0.11292,-1.18006,1.76274,1.46397,2.53873,0.19362,-0.07404,0.17979,0.00803,0.04239,0.00843,-0.02489,0.00289,-0.00658,-0.00354,-0.0054,0.01084,-0.01908,-0.00261,0.00019,-0.00114,-0.00136
8.3,0.01128,0.00158,0.00053,0.00519,4e-05,0.00543,0.16944,-0.20038,0.52512,-0.03515,0.25853,-2e-05,0.43532,-0.40107,0.72103,1.22131,0.17396,-0.02453,-0.12126,-1.23771,1.7698,1.51234,2.4826,0.18912,-0.09325,0.15377,-0.00631,0.00741,-0.01862,-0.01765,0.00255,-0.00553,-0.00243,-0.0094,0.00084,-0.0242,0.00092,0.00038,-0.00193,-0.00174
8.32,0.00528,-0.00165,0.00075,0.01926,0.01536,-0.00661,0.14954,-0.19394,0.5549,-0.04486,0.34722,-2e-05,0.41857,-0.33305,0.64634,1.11811,0.15473,-0.0374,-0.13031,-1.26473,1.7247,1.5301,2.31305,0.18136,-0.11344,0.11622,-0.02196,-0.02989,-0.04411,-0.00947,0.00208,-0.00431,-0.0013,-0.01372,-0.01245,-0.0287,0.00481,0.00058,-0.00289,-0.00217
8.34,-0.00122,-0.00473,0.00037,0.03623,0.03131,-0.0195,0.12958,-0.1833,0.57419,-0.04697,0.384,-2e-05,0.40414,-0.24575,0.57171,0.96901,0.13434,-0.051,-0.13988,-1.25688,1.62799,1.51083,2.03144,0.17192,-0.13548,0.06908,-0.03865,-0.06601,-0.06494,-0.00071,0.00147,-0.00306,-0.0003,-0.01862,-0.02826,-0.03183,0.00901,0.00083,-0.00407,-0.0027
8.36,-0.00798,-0.00752,-0.00062,0.05596,0.04754,-0.03297,0.11022,-0.1689,0.58178,-0.04143,0.384,-3e-05,0.39067,-0.14414,0.50355,0.78056,0.11411,-0.0646,-0.14924,-1.21329,1.48341,1.45068,1.64624,0.16161,-0.15909,0.01368,-0.05611,-0.0984,-0.07914,0.00833,0.00072,-0.00192,0.00045,-0.02423,-0.04556,-0.033,0.01345,0.00116,-0.0055,-0.00335
8.38,-0.01474,-0.00995,-0.00212,0.07796,0.06355,-0.04679,0.09213,-0.15148,0.57709,-0.02875,0.384,-3e-05,0.37708,-0.03357,0.44735,0.56096,0.09532,-0.07691,-0.15704,-1.13698,1.29912,1.34904,1.17605,0.15046,-0.18259,-0.04904,-0.07396,-0.12541,-0.08598,0.01732,-0.00016,-0.00105,0.00087,-0.03044,-0.06289,-0.0317,0.01796,0.00159,-0.00713,-0.00412
8.4,-0.0212,-0.01195,-0.00399,0.10128,0.07869,-0.06065,0.07605,-0.13211,0.56003,-0.00992,0.384,-3e-05,0.36256,0.07955,0.40815,0.32114,0.07931,-0.08617,-0.16133,-1.03471,1.0879,1.20867,0.6509,0.13796,-0.20293,-0.11798,-0.09159,-0.146,-0.08569,0.02586,-0.00114,-0.00061,0.00091,-0.03691,-0.07832,-0.02756,0.02224,0.00213,-0.0089,-0.00498
8.42,-0.02702,-0.01347,-0.00605,0.12473,0.09218,-0.07422,0.06277,-0.11202,0.53095,0.01371,0.384,-3e-05,0.34656,0.18829,0.39,0.0738,0.06738,-0.09049,-0.16003,-0.91546,0.8649,1.03515,0.10743,0.12334,-0.21663,-0.19163,-0.10823,-0.15955,-0.07909,0.03355,-0.0022,-0.00076,0.00054,-0.04311,-0.08985,-0.02036,0.02596,0.00277,-0.01071,-0.00588
8.44,-0.03199,-0.0145,-0.00818,0.14715,0.10334,-0.08723,0.05284,-0.09228,0.49065,0.04079,0.36238,-3e-05,0.3285,0.28635,0.39493,-0.16872,0.06039,-0.08859,-0.15163,-0.78821,0.64355,0.83582,-0.41963,0.10608,-0.22113,-0.26775,-0.12312,-0.16581,-0.06719,0.04009,-0.00331,-0.00159,-0.00022,-0.0485,-0.09598,-0.01011,0.02881,0.00351,-0.01245,-0.00677
8.46,-0.03599,-0.01508,-0.0103,0.16766,0.11164,-0.09952,0.0465,-0.07365,0.44056,0.06996,0.29294,-3e-05,0.30772,0.36857,0.42204,-0.3951,0.05857,-0.08025,-0.13574,-0.66085,0.4337,0.61994,-0.90161,0.08628,-0.2158,-0.34303,-0.13565,-0.16489,-0.05092,0.04531,-0.00444,-0.0031,-0.00134,-0.05257,-0.09613,0.00285,0.03061,0.00432,-0.01407,-0.00761
8.48,-0.03906,-0.01525,-0.01239,0.18548,0.11671,-0.11096,0.04365,-0.05672,0.38312,0.09977,0.21313,-3e-05,0.28356,0.43039,0.46723,-0.59341,0.06147,-0.06651,-0.11332,-0.54084,0.2426,0.40021,-1.3131,0.06486,-0.20222,-0.41234,-0.14522,-0.15719,-0.03115,0.0492,-0.00558,-0.00518,-0.00273,-0.05485,-0.09074,0.01774,0.03128,0.00516,-0.01549,-0.00838
8.5,-0.04128,-0.01511,-0.01449,0.19981,0.11824,-0.12131,0.04397,-0.04197,0.32195,0.12842,0.12918,-3e-05,0.25559,0.46726,0.52341,-0.74989,0.06811,-0.04953,-0.0866,-0.43602,0.07665,0.19358,-1.62877,0.04366,-0.18386,-0.46857,-0.15118,-0.1434,-0.00885,0.05182,-0.00668,-0.0076,-0.00428,-0.05487,-0.0811,0.03332,0.03082,0.00595,-0.01667,-0.00905
8.52,-0.04278,-0.01476,-0.01663,0.2099,0.11602,-0.13034,0.04701,-0.02983,0.26118,0.154,0.04769,-3e-05,0.22358,0.47511,0.58193,-0.85077,0.07722,-0.03203,-0.05847,-0.35374,-0.05865,0.01812,-1.82557,0.02495,-0.16512,-0.50402,-0.15294,-0.12444,0.01496,0.05327,-0.00772,-0.01009,-0.00584,-0.05221,-0.06901,0.04812,0.02926,0.00663,-0.01756,-0.0096
8.54,-0.04368,-0.01428,-0.01887,0.21523,0.11002,-0.13787,0.05227,-0.02047,0.20435,0.17492,-0.02597,-3e-05,0.18749,0.45144,0.63469,-0.88629,0.08768,-0.01648,-0.03151,-0.29901,-0.15969,-0.11257,-1.88862,0.01073,-0.14981,-0.5129,-0.15019,-0.1014,0.03926,0.05368,-0.00865,-0.01237,-0.00727,-0.04666,-0.05618,0.06087,0.02669,0.00713,-0.01812,-0.00999
8.56,-0.04411,-0.01372,-0.02124,0.21569,0.10049,-0.14387,0.05924,-0.01379,0.1537,0.19007,-0.08861,-3e-05,0.1476,0.39631,0.67545,-0.85349,0.09872,-0.0045,-0.00742,-0.27341,-0.2253,-0.19284,-1.81546,0.00232,-0.14022,-0.49308,-0.14306,-0.0756,0.06296,0.05321,-0.00943,-0.01427,-0.00847,-0.03827,-0.04391,0.07071,0.02317,0.00742,-0.01833,-0.01022
8.58,-0.04415,-0.01314,-0.02376,0.21156,0.08803,-0.14842,0.06737,-0.00941,0.11049,0.19884,-0.13888,-3e-05,0.10482,0.31287,0.69981,-0.75695,0.1099,0.0031,0.01292,-0.27499,-0.25619,-0.22516,-1.61721,0.00028,-0.13693,-0.44658,-0.13221,-0.0488,0.08479,0.05202,-0.01004,-0.01566,-0.00936,-0.02748,-0.03308,0.07721,0.01882,0.00747,-0.01819,-0.01027
8.6,-0.04386,-0.01255,-0.02638,0.20346,0.07361,-0.15164,0.07602,-0.00678,0.0754,0.20087,-0.17667,-3e-05,0.06088,0.20728,0.70483,-0.60799,0.12096,0.0062,0.02924,-0.29896,-0.25423,-0.21853,-1.3172,0.00456,-0.13909,-0.37914,-0.11878,-0.02325,0.10307,0.05029,-0.01044,-0.01647,-0.0099,-0.01507,-0.02429,0.08023,0.01379,0.00729,-0.01771,-0.01011
8.62,-0.04325,-0.01197,-0.02902,0.19217,0.05839,-0.15367,0.08452,-0.00534,0.04874,0.19608,-0.2027,-3e-05,0.0179,0.08735,0.6889,-0.42181,0.13133,0.00505,0.04164,-0.33879,-0.22186,-0.18557,-0.94551,0.01486,-0.14509,-0.2985,-0.10416,-0.00134,0.11607,0.0482,-0.01058,-0.01665,-0.01004,-0.00203,-0.01786,0.0798,0.00827,0.00692,-0.01691,-0.00975
8.64,-0.04236,-0.0114,-0.03157,0.17838,0.04337,-0.15463,0.09226,-0.00462,0.03047,0.18461,-0.21825,-3e-05,-0.02227,-0.03968,0.65187,-0.21328,0.13962,-9e-05,0.05051,-0.38773,-0.16172,-0.13883,-0.53124,0.03093,-0.15339,-0.21186,-0.08957,0.01514,0.12241,0.04592,-0.01045,-0.01621,-0.00976,0.01079,-0.0138,0.07606,0.00245,0.00638,-0.0158,-0.00918
8.66,-0.0412,-0.01084,-0.03391,0.16259,0.02924,-0.15468,0.09873,-0.0044,0.02015,0.16695,-0.22497,-3e-05,-0.05853,-0.16812,0.59535,0.00502,0.14316,-0.00912,0.05634,-0.43959,-0.07669,-0.08853,-0.09875,0.05276,-0.16316,-0.12448,-0.07581,0.02547,0.12139,0.04365,-0.01004,-0.01519,-0.00909,0.02286,-0.01185,0.06919,-0.00347,0.00568,-0.01444,-0.00841
8.68,-0.03982,-0.01031,-0.03587,0.14519,0.01645,-0.15393,0.10349,-0.00467,0.01714,0.14403,-0.22475,-3e-05,-0.09028,-0.29318,0.52307,0.22183,0.13787,-0.02214,0.0597,-0.48858,0.02952,-0.04225,0.33017,0.0805,-0.17427,-0.03996,-0.06335,0.02994,0.11311,0.04156,-0.0094,-0.01365,-0.00808,0.03387,-0.01147,0.05942,-0.00928,0.00487,-0.01286,-0.00748
8.7,-0.03827,-0.0098,-0.03724,0.12656,0.00532,-0.15249,0.10609,-0.00569,0.02065,0.11726,-0.2196,-3e-05,-0.11713,-0.41008,0.44096,0.42573,0.11843,-0.03935,0.06112,-0.52889,0.15208,-0.00556,0.73341,0.11433,-0.18726,0.03912,-0.05242,0.02972,0.09831,0.03987,-0.0086,-0.01173,-0.00681,0.04369,-0.01188,0.0471,-0.01468,0.00398,-0.01116,-0.00644
8.72,-0.03662,-0.00934,-0.03779,0.10706,-0.00396,-0.15048,0.10611,-0.00783,0.02988,0.08827,-0.21155,-3e-05,-0.13886,-0.51425,0.35594,0.6061,0.07897,-0.06097,0.06091,-0.55476,0.28574,0.01737,1.08982,0.15456,-0.20303,0.1111,-0.04308,0.02644,0.07811,0.03879,-0.00772,-0.00954,-0.00538,0.05227,-0.01225,0.0326,-0.01934,0.00305,-0.00941,-0.00537
8.74,-0.03493,-0.00894,-0.03731,0.08691,-0.01136,-0.14796,0.10315,-0.01148,0.04394,0.0584,-0.20247,-2e-05,-0.15551,-0.60243,0.27384,0.75546,0.01431,-0.08708,0.05901,-0.56066,0.4263,0.02297,1.38321,0.20188,-0.22256,0.17565,-0.03521,0.02167,0.05356,0.03849,-0.00683,-0.00722,-0.00391,0.05974,-0.01185,0.01614,-0.02302,0.0021,-0.00772,-0.00433
8.76,-0.03321,-0.0086,-0.03566,0.06617,-0.01705,-0.14499,0.09692,-0.01693,0.06188,0.02851,-0.19411,-2e-05,-0.16745,-0.67305,0.19839,0.87069,-0.07899,-0.11749,0.05482,-0.54159,0.57105,0.0079,1.60429,0.25736,-0.24667,0.23384,-0.02855,0.01665,0.02548,0.03902,-0.006,-0.00486,-0.00244,0.06634,-0.01017,-0.00219,-0.02559,0.00115,-0.00611,-0.00335
8.78,-0.03148,-0.00832,-0.03278,0.04495,-0.02135,-0.14164,0.08728,-0.02431,0.08249,-0.0009,-0.18809,-2e-05,-0.17523,-0.72576,0.13145,0.95238,-0.20177,-0.15145,0.04727,-0.49313,0.71789,-0.03115,1.74926,0.32203,-0.27573,0.28768,-0.02279,0.01221,-0.00543,0.04036,-0.00525,-0.0025,-0.00102,0.0724,-0.00703,-0.02234,-0.02705,0.0002,-0.00464,-0.00245
8.8,-0.02973,-0.0081,-0.02871,0.0235,-0.02466,-0.13801,0.07425,-0.03355,0.10426,-0.0294,-0.18594,-2e-05,-0.17954,-0.76078,0.07368,1.0035,-0.35161,-0.18746,0.0348,-0.41149,0.86414,-0.09725,1.81739,0.39635,-0.30955,0.33952,-0.01755,0.00883,-0.03836,0.04237,-0.00462,-0.00022,0.00029,0.07827,-0.00248,-0.04415,-0.02749,-0.00076,-0.00332,-0.00166
8.82,-0.02796,-0.00794,-0.02354,0.00221,-0.02742,-0.13422,0.05799,-0.04444,0.12552,-0.05657,-0.18902,-2e-05,-0.18119,-0.77844,0.0247,1.02819,-0.5225,-0.22335,0.01576,-0.2936,1.00639,-0.19306,1.80932,0.47943,-0.34729,0.39152,-0.01254,0.00678,-0.07238,0.04488,-0.00411,0.00191,0.00148,0.08425,0.00323,-0.06735,-0.02705,-0.00172,-0.00219,-0.00097
8.84,-0.02615,-0.00778,-0.01746,-0.01851,-0.03004,-0.1304,0.03878,-0.05672,0.14477,-0.08206,-0.19821,-2e-05,-0.18125,-0.77908,-0.01708,1.03068,-0.70482,-0.25653,-0.0113,-0.13719,1.14084,-0.3204,1.72586,0.5682,-0.38759,0.44513,-0.00753,0.00623,-0.10659,0.04769,-0.00374,0.00382,0.0025,0.09056,0.00982,-0.09158,-0.02589,-0.00268,-0.00127,-0.00039
8.86,-0.02425,-0.00758,-0.01069,-0.03828,-0.03291,-0.12669,0.01703,-0.07005,0.16079,-0.10551,-0.21374,-2e-05,-0.18113,-0.76296,-0.05448,1.01464,-0.88456,-0.28405,-0.04714,0.05854,1.26315,-0.47947,1.56777,0.65655,-0.42841,0.50054,-0.00241,0.00731,-0.14008,0.05061,-0.0035,0.00545,0.00331,0.09728,0.01702,-0.11637,-0.02421,-0.0036,-0.00055,7e-05
8.88,-0.02219,-0.00723,-0.00358,-0.05655,-0.0363,-0.12327,-0.00652,-0.08394,0.1726,-0.12633,-0.23505,-2e-05,-0.18259,-0.7303,-0.09126,0.98303,-1.0418,-0.30236,-0.0916,0.29134,1.36744,-0.66757,1.33653,0.73437,-0.46675,0.55619,0.00274,0.0102,-0.17161,0.05344,-0.00337,0.0067,0.00388,0.10426,0.02459,-0.14093,-0.02221,-0.00445,-2e-05,0.00043
8.9,-0.01993,-0.00663,0.00337,-0.07254,-0.04042,-0.12037,-0.03075,-0.09766,0.17929,-0.1436,-0.26076,-2e-05,-0.18765,-0.68139,-0.13157,0.93817,-1.15074,-0.30733,-0.14335,0.5549,1.44567,-0.87818,1.03532,0.78771,-0.49841,0.60853,0.00768,0.01501,-0.19954,0.05597,-0.00334,0.00744,0.00415,0.11117,0.03219,-0.164,-0.02016,-0.00518,0.00034,0.00069
8.92,-0.01741,-0.00566,0.00957,-0.08535,-0.04535,-0.11825,-0.05431,-0.11034,0.18007,-0.1562,-0.28906,-2e-05,-0.19815,-0.61657,-0.17921,0.88182,-1.18504,-0.29495,-0.20022,0.83958,1.48899,-1.10142,0.66921,0.80172,-0.51852,0.65291,0.01201,0.02179,-0.22198,0.05795,-0.00339,0.00756,0.00408,0.11749,0.03947,-0.18411,-0.01831,-0.00569,0.00054,0.00083
8.94,-0.0146,-0.00421,0.01449,-0.09428,-0.05114,-0.11706,-0.07607,-0.12119,0.17438,-0.1631,-0.31831,-2e-05,-0.21508,-0.5363,-0.23659,0.81518,-1.12677,-0.26266,-0.25971,1.1345,1.49035,-1.32551,0.24491,0.76556,-0.52239,0.68505,0.01539,0.03031,-0.23749,0.05916,-0.00349,0.007,0.00365,0.12274,0.04606,-0.19995,-0.01694,-0.00593,0.00061,0.00087
8.96,-0.01145,-0.00225,0.01772,-0.09899,-0.05778,-0.11683,-0.09527,-0.12955,0.16204,-0.1636,-0.34736,-2e-05,-0.2381,-0.44151,-0.30382,0.73923,-0.97285,-0.2104,-0.3192,1.42784,1.44645,-1.53694,-0.22773,0.67597,-0.50621,0.70208,0.0176,0.04,-0.24536,0.05938,-0.0036,0.00576,0.00286,0.12656,0.05163,-0.21062,-0.01633,-0.00586,0.00057,0.00082
8.98,-0.00798,0.0002,0.01896,-0.09956,-0.06514,-0.11741,-0.11148,-0.13487,0.14332,-0.15736,-0.37538,-3e-05,-0.26524,-0.33431,-0.37805,0.65533,-0.73765,-0.14115,-0.37552,1.70469,1.35839,-1.71884,-0.73199,0.53868,-0.46723,0.70252,0.01851,0.0498,-0.2457,0.05841,-0.00367,0.00399,0.00181,0.12868,0.05579,-0.21564,-0.01675,-0.00547,0.00047,0.0007
9,-0.00425,0.00305,0.01799,-0.09633,-0.07297,-0.11855,-0.12439,-0.13666,0.11898,-0.14436,-0.384,-3e-05,-0.29287,-0.21857,-0.45321,0.56563,-0.45168,-0.06104,-0.42465,1.94577,1.23148,-1.85041,-1.24205,0.36785,-0.40391,0.68609,0.01809,0.05823,-0.23919,0.05607,-0.00364,0.00191,0.00062,0.12891,0.05812,-0.21478,-0.01848,-0.00479,0.00034,0.00055
9.02,-0.00035,0.00616,0.01468,-0.08989,-0.08092,-0.11992,-0.13381,-0.1345,0.09011,-0.12489,-0.384,-3e-05,-0.31629,-0.09929,-0.52097,0.47274,-0.1536,0.02178,-0.46222,2.13061,1.07378,-1.9108,-1.72738,0.18208,-0.31631,0.65349,0.01642,0.06368,-0.22689,0.05221,-0.00345,-0.00021,-0.00055,0.12713,0.05821,-0.20808,-0.02176,-0.00385,0.00025,0.00039
9.04,0.00363,0.00936,0.009,-0.08091,-0.08869,-0.12118,-0.13967,-0.12817,0.05787,-0.09956,-0.384,-3e-05,-0.33057,0.01852,-0.57252,0.37888,0.12173,0.09891,-0.4847,2.24399,0.89406,-1.886,-2.16138,-0.00169,-0.20673,0.60619,0.01364,0.06495,-0.20985,0.04672,-0.00306,-0.00211,-0.00157,0.12334,0.05575,-0.19585,-0.02676,-0.00266,0.00024,0.00027
9.06,0.00761,0.01252,0.00108,-0.07015,-0.09603,-0.12209,-0.14209,-0.11774,0.02339,-0.06937,-0.384,-3e-05,-0.33118,0.13034,-0.59954,0.2856,0.35069,0.16261,-0.49001,2.27998,0.70099,-1.77387,-2.52595,-0.17172,-0.08051,0.54656,0.01001,0.06168,-0.18901,0.03959,-0.00244,-0.00365,-0.00235,0.11767,0.05065,-0.17876,-0.03355,-0.00124,0.00034,0.00021
9.08,0.01149,0.0155,-0.00872,-0.0585,-0.10276,-0.12248,-0.14136,-0.10366,-0.01197,-0.03598,-0.384,-3e-05,-0.31406,0.23137,-0.59418,0.19442,0.52085,0.20556,-0.47769,2.24257,0.5044,-1.58604,-2.80969,-0.32103,0.0528,0.47826,0.00593,0.05439,-0.16524,0.03095,-0.00161,-0.00472,-0.00285,0.11049,0.04312,-0.15797,-0.04197,0.00041,0.00059,0.00022
9.1,0.01515,0.01814,-0.01983,-0.04704,-0.10868,-0.12222,-0.13784,-0.08681,-0.04644,-0.00181,-0.384,-3e-05,-0.27578,0.31587,-0.54923,0.10744,0.62845,0.22064,-0.44864,2.14401,0.31619,-1.34668,-3.00471,-0.44584,0.17933,0.40644,0.00193,0.04442,-0.13955,0.02112,-0.0006,-0.00531,-0.00305,0.10234,0.03361,-0.13519,-0.05167,0.00228,0.00101,0.00032
9.12,0.01844,0.02026,-0.03151,-0.03689,-0.11358,-0.12126,-0.13196,-0.06827,-0.07802,0.03036,-0.384,-4e-05,-0.2143,0.37818,-0.45972,0.02722,0.67577,0.20217,-0.40493,2.00094,0.14872,-1.08626,-3.10585,-0.54444,0.28378,0.33683,-0.00141,0.03348,-0.11299,0.01055,0.00053,-0.00544,-0.00298,0.09388,0.02279,-0.1123,-0.06216,0.00436,0.00161,0.00051
9.14,0.02122,0.02174,-0.04311,-0.02897,-0.11732,-0.11952,-0.12415,-0.04913,-0.10492,0.05816,-0.384,-4e-05,-0.13026,0.41463,-0.32562,-0.04404,0.6688,0.14818,-0.34935,1.82911,0.01134,-0.83195,-3.11177,-0.61659,0.35411,0.27414,-0.00361,0.02308,-0.08654,-0.00029,0.00171,-0.00514,-0.00266,0.08568,0.01129,-0.09088,-0.07289,0.00658,0.0024,0.0008
9.16,0.02341,0.02256,-0.05411,-0.02384,-0.11987,-0.11698,-0.11481,-0.03028,-0.12586,0.08001,-0.384,-4e-05,-0.02815,0.42487,-0.15427,-0.10476,0.6158,0.06223,-0.28554,1.64048,-0.0915,-0.60204,-3.02596,-0.66294,0.38478,0.22121,-0.00442,0.01411,-0.0611,-0.01094,0.0029,-0.00447,-0.00212,0.07814,-0.00029,-0.07192,-0.08336,0.00886,0.00337,0.00119
9.18,0.02494,0.02275,-0.0641,-0.0217,-0.12128,-0.11361,-0.10438,-0.01256,-0.13989,0.09507,-0.384,-4e-05,0.08262,0.41206,0.0378,-0.1536,0.52716,-0.0456,-0.21836,1.44381,-0.1599,-0.40623,-2.85725,-0.68438,0.3771,0.17921,-0.00379,0.00681,-0.03768,-0.02089,0.00404,-0.00347,-0.0014,0.0715,-0.01133,-0.05586,-0.09298,0.01102,0.00446,0.00165
9.2,0.02576,0.02242,-0.07265,-0.02249,-0.12164,-0.10945,-0.09341,0.00312,-0.14625,0.10299,-0.384,-4e-05,0.18794,0.38225,0.22527,-0.18901,0.41528,-0.15911,-0.15404,1.24613,-0.19722,-0.24802,-2.61959,-0.6817,0.33825,0.14812,-0.00185,0.00094,-0.01755,-0.0295,0.0051,-0.00222,-0.00053,0.06596,-0.02116,-0.0428,-0.10108,0.01283,0.00561,0.00216
9.22,0.02582,0.02172,-0.07937,-0.02589,-0.12106,-0.10455,-0.08249,0.01589,-0.14446,0.10384,-0.34449,-3e-05,0.27209,0.34277,0.3798,-0.20951,0.29312,-0.25979,-0.0991,1.05309,-0.20877,-0.12664,-2.32986,-0.65576,0.27879,0.12716,0.00115,-0.00399,-0.00198,-0.03612,0.00602,-0.00079,0.00042,0.06164,-0.02913,-0.03266,-0.10694,0.01404,0.00674,0.0027
9.24,0.02513,0.02075,-0.08395,-0.03146,-0.11965,-0.09902,-0.07212,0.02515,-0.13459,0.09808,-0.29275,-3e-05,0.32296,0.30003,0.47927,-0.21449,0.17198,-0.3326,-0.05823,0.86861,-0.20044,-0.03863,-2.00454,-0.60803,0.2093,0.11497,0.00496,-0.00844,0.00813,-0.04028,0.00677,0.00074,0.00142,0.0586,-0.0348,-0.02526,-0.11004,0.01444,0.00776,0.00323
9.26,0.02374,0.01961,-0.08623,-0.03857,-0.11749,-0.09299,-0.06267,0.03069,-0.11752,0.08657,-0.23562,-3e-05,0.33543,0.25817,0.51394,-0.20474,0.06041,-0.36983,-0.03313,0.69523,-0.1779,0.02092,-1.65875,-0.54126,0.13845,0.10983,0.00936,-0.01257,0.01264,-0.04183,0.00732,0.00231,0.0024,0.05688,-0.03808,-0.02043,-0.11018,0.01399,0.00862,0.00374
9.28,0.02174,0.01831,-0.08615,-0.04638,-0.11464,-0.08667,-0.05443,0.03274,-0.09503,0.07064,-0.17561,-3e-05,0.3121,0.21898,0.48753,-0.18261,-0.03522,-0.37162,-0.02233,0.53552,-0.14651,0.05742,-1.30847,-0.46011,0.07294,0.10968,0.01419,-0.01615,0.01212,-0.04096,0.00766,0.00385,0.00332,0.05646,-0.03924,-0.01806,-0.10746,0.01274,0.00929,0.00419
9.3,0.01932,0.01686,-0.08378,-0.05385,-0.11116,-0.08039,-0.0477,0.03178,-0.06987,0.05214,-0.11635,-3e-05,0.26217,0.18247,0.41532,-0.15183,-0.10987,-0.34485,-0.02185,0.39327,-0.11136,0.07621,-0.97246,-0.37118,0.01808,0.11233,0.01927,-0.01861,0.00772,-0.03812,0.00779,0.00528,0.0041,0.05734,-0.0388,-0.01816,-0.10228,0.01089,0.00971,0.00455
9.32,0.01669,0.01525,-0.07922,-0.05992,-0.1071,-0.07453,-0.04272,0.02849,-0.04515,0.03304,-0.06195,-2e-05,0.19831,0.14755,0.31874,-0.11673,-0.16008,-0.30012,-0.02645,0.27283,-0.07692,0.08214,-0.66991,-0.28185,-0.02224,0.1157,0.02446,-0.01922,0.00093,-0.03392,0.00772,0.00651,0.00466,0.05946,-0.03741,-0.02076,-0.0952,0.0087,0.00989,0.00481
9.34,0.014,0.01345,-0.07262,-0.06371,-0.1025,-0.06934,-0.03964,0.02351,-0.02356,0.01508,-0.01581,-2e-05,0.1323,0.11292,0.21793,-0.08102,-0.18492,-0.24778,-0.03132,0.17723,-0.04644,0.07934,-0.41527,-0.19821,-0.04595,0.11811,0.02964,-0.01735,-0.00689,-0.0289,0.00746,0.00746,0.00496,0.06275,-0.03564,-0.02582,-0.08675,0.00642,0.00979,0.00493
9.36,0.01139,0.01146,-0.06421,-0.06482,-0.09743,-0.06492,-0.03842,0.01738,-0.0069,-0.00058,0.02005,-2e-05,0.0722,0.0777,0.12696,-0.04717,-0.18662,-0.19546,-0.03328,0.10713,-0.02169,0.07118,-0.21546,-0.12391,-0.05306,0.11856,0.03474,-0.01273,-0.0147,-0.02353,0.00702,0.00807,0.00497,0.06707,-0.03387,-0.03309,-0.07737,0.00423,0.00944,0.00491
9.38,0.00892,0.0093,-0.0543,-0.06324,-0.09196,-0.06116,-0.03885,0.01057,0.00397,-0.01325,0.04489,-1e-05,0.02216,0.04193,0.05336,-0.01646,-0.17065,-0.14773,-0.031,0.0612,-0.00304,0.06023,-0.07088,-0.06047,-0.04558,0.11675,0.03972,-0.0055,-0.02181,-0.01809,0.00642,0.00829,0.00468,0.07219,-0.03222,-0.04207,-0.06741,0.00223,0.00885,0.00476
9.4,0.00665,0.00703,-0.04341,-0.05938,-0.08626,-0.05789,-0.04054,0.00346,0.00888,-0.02258,0.05885,-1e-05,-0.01683,0.00669,-0.00071,0.01066,-0.14513,-0.10674,-0.02482,0.03688,0.01018,0.04839,0.02249,-0.00806,-0.0272,0.113,0.04451,0.00377,-0.02781,-0.01286,0.00568,0.0081,0.00412,0.07773,-0.03066,-0.05194,-0.05725,0.00049,0.00807,0.00447
9.42,0.00461,0.00474,-0.0321,-0.05391,-0.08054,-0.05483,-0.04306,-0.00362,0.0082,-0.02846,0.06266,-1e-05,-0.04587,-0.0263,-0.03673,0.03438,-0.11899,-0.0729,-0.01615,0.03093,0.01931,0.03692,0.07131,0.03378,-0.00245,0.10792,0.04903,0.01424,-0.03253,-0.008,0.00484,0.00749,0.00336,0.0833,-0.02901,-0.06181,-0.04724,-0.00094,0.00715,0.00409
9.44,0.00283,0.00252,-0.02088,-0.04752,-0.07501,-0.05172,-0.04592,-0.01045,0.00266,-0.03098,0.05745,-1e-05,-0.06687,-0.0554,-0.05778,0.0553,-0.09932,-0.04559,-0.00655,0.03987,0.02584,0.02664,0.08354,0.06547,0.02447,0.10203,0.05325,0.025,-0.03605,-0.00367,0.00394,0.00648,0.00245,0.08857,-0.02708,-0.0709,-0.0377,-0.00207,0.00615,0.00362
9.46,0.00131,0.00043,-0.01011,-0.0409,-0.06981,-0.04832,-0.04865,-0.01696,-0.00676,-0.03034,0.0447,-1e-05,-0.08168,-0.07954,-0.06717,0.07431,-0.0896,-0.02373,0.00284,0.06009,0.03112,0.01794,0.06765,0.08685,0.05037,0.09547,0.05719,0.03511,-0.0387,2e-05,0.00301,0.00514,0.00147,0.09334,-0.02472,-0.0787,-0.02885,-0.00294,0.00513,0.00311
9.48,7e-05,-0.00149,-0.0001,-0.03467,-0.06511,-0.04445,-0.05078,-0.02319,-0.01872,-0.02692,0.02623,-1e-05,-0.09171,-0.09807,-0.06795,0.09233,-0.0894,-0.00613,0.01136,0.08784,0.0362,0.01097,0.03239,0.09685,0.07305,0.08799,0.06093,0.04364,-0.04102,0.00297,0.00209,0.0036,0.0005,0.09754,-0.02186,-0.08497,-0.02091,-0.00358,0.00413,0.00258
9.5,-0.00086,-0.00317,0.00883,-0.02949,-0.0611,-0.04003,-0.05181,-0.0292,-0.03156,-0.02118,0.00424,-1e-05,-0.09775,-0.11052,-0.06277,0.11015,-0.09481,0.00834,0.01868,0.1192,0.04181,0.00568,-0.01334,0.09357,0.09106,0.07901,0.06454,0.04955,-0.04371,0.00502,0.00124,0.00205,-0.00033,0.10117,-0.01854,-0.08965,-0.01417,-0.00406,0.00322,0.00207
9.52,-0.00144,-0.00457,0.0164,-0.02598,-0.05803,-0.03503,-0.05128,-0.03509,-0.04334,-0.01359,-0.01889,-1e-05,-0.09975,-0.11621,-0.05377,0.12794,-0.10006,0.02072,0.02458,0.15032,0.04828,0.0019,-0.06105,0.07518,0.10361,0.06781,0.06815,0.0519,-0.04747,0.00604,0.00052,0.0007,-0.00093,0.10428,-0.01482,-0.09278,-0.00892,-0.00444,0.00246,0.00163
9.54,-0.00166,-0.00563,0.02238,-0.02465,-0.05612,-0.0294,-0.04881,-0.04104,-0.05202,-0.00449,-0.04097,-1e-05,-0.09657,-0.11386,-0.04251,0.14489,-0.0996,0.03209,0.02858,0.17791,0.05551,-0.00059,-0.10348,0.04155,0.11051,0.05375,0.07196,0.05013,-0.05278,0.00598,-3e-05,-0.00027,-0.00121,0.10702,-0.0108,-0.09442,-0.00531,-0.00478,0.00189,0.0013
9.56,-0.00154,-0.00634,0.02673,-0.02579,-0.05562,-0.02307,-0.04414,-0.0473,-0.0555,0.00598,-0.06017,-1e-05,-0.08591,-0.10139,-0.02993,0.15876,-0.08959,0.04357,0.0297,0.1995,0.06289,-0.00206,-0.1351,-0.00456,0.1122,0.03646,0.07631,0.04428,-0.05971,0.00487,-0.00039,-0.00076,-0.00113,0.10964,-0.00649,-0.09466,-0.0033,-0.00511,0.00155,0.00109
9.58,-0.00116,-0.00666,0.02949,-0.02949,-0.05675,-0.01599,-0.03725,-0.05415,-0.05165,0.01782,-0.07492,-1e-05,-0.06425,-0.07588,-0.01649,0.16571,-0.06836,0.05627,0.02639,0.21333,0.06927,-0.00275,-0.1519,-0.05688,0.10966,0.01599,0.08163,0.03509,-0.06786,0.00292,-0.00053,-0.00073,-0.00071,0.11243,-0.00194,-0.09355,-0.00264,-0.00546,0.00144,0.00102
9.6,-0.00062,-0.00661,0.03078,-0.03564,-0.05974,-0.00813,-0.02828,-0.06185,-0.03825,0.03106,-0.08371,-1e-05,-0.02706,-0.03371,-0.00223,0.16024,-0.03628,0.07116,0.01657,0.21811,0.07288,-0.00292,-0.15107,-0.10587,0.10434,-0.00706,0.08839,0.02392,-0.07636,0.00041,-0.00049,-0.00023,-3e-05,0.11573,0.00281,-0.09113,-0.00295,-0.00583,0.00155,0.00108
9.62,-4e-05,-0.00617,0.03078,-0.04393,-0.0648,0.00043,-0.01756,-0.07065,-0.01305,0.04584,-0.08503,-1e-05,0.03093,0.02922,0.0131,0.13539,0.00487,0.08897,-0.00224,0.21304,0.07139,-0.00278,-0.13091,-0.14101,0.09778,-0.03169,0.09704,0.01243,-0.08405,-0.00227,-0.00028,0.00067,0.00081,0.11986,0.00762,-0.08741,-0.0037,-0.0062,0.00185,0.00127
9.64,0.00051,-0.00533,0.02968,-0.05389,-0.07208,0.00964,-0.0055,-0.08081,0.02609,0.06237,-0.07743,-1e-05,0.11517,0.11714,0.02991,0.08321,0.05266,0.11011,-0.03268,0.19786,0.06205,-0.00251,-0.09087,-0.15424,0.09115,-0.05669,0.10794,0.0021,-0.08987,-0.00481,5e-05,0.00182,0.00171,0.12503,0.01226,-0.08245,-0.00438,-0.00658,0.00232,0.00157
9.66,0.00098,-0.00406,0.02771,-0.06483,-0.08164,0.01939,0.00742,-0.0926,0.08091,0.08098,-0.05953,-1e-05,0.23067,0.23381,0.04864,-0.00466,0.10445,0.13449,-0.07717,0.17307,0.04181,-0.00227,-0.03173,-0.14235,0.08496,-0.08078,0.12123,-0.00614,-0.09304,-0.00698,0.00045,0.00309,0.00255,0.13129,0.01632,-0.07635,-0.00451,-0.00695,0.00296,0.00196
9.68,0.00138,-0.00232,0.02514,-0.07583,-0.09331,0.02946,0.02052,-0.10621,0.15237,0.10195,-0.03015,-1e-05,0.38103,0.38161,0.06962,-0.13643,0.15711,0.16129,-0.13765,0.14004,0.00747,-0.0022,0.04392,-0.10763,0.07899,-0.10238,0.13675,-0.01186,-0.09312,-0.00865,0.00081,0.00426,0.00323,0.13848,0.0192,-0.06936,-0.00363,-0.00732,0.00373,0.00244
9.7,0.00177,-0.0001,0.02229,-0.08558,-0.10676,0.03945,0.0329,-0.12168,0.2403,0.12537,0.01156,-1e-05,0.56762,0.56067,0.09289,-0.31919,0.20667,0.18899,-0.21512,0.10113,-0.04414,-0.00241,0.13158,-0.05724,0.07245,-0.1195,0.15395,-0.01503,-0.08991,-0.00975,0.00104,0.00512,0.00364,0.14621,0.02009,-0.06181,-0.00134,-0.0077,0.00462,0.00297
9.72,0.00224,0.00263,0.01948,-0.09253,-0.12153,0.04881,0.04363,-0.13888,0.34358,0.15123,0.06606,-1e-05,0.78933,0.76848,0.11818,-0.55778,0.24851,0.21572,-0.30937,0.05917,-0.11579,-0.00298,0.22574,-0.00088,0.06425,-0.12997,0.17207,-0.01596,-0.08336,-0.01029,0.00103,0.0054,0.00366,0.15399,0.01815,-0.0541,0.0027,-0.00808,0.00558,0.00353
9.74,0.00292,0.00592,0.01701,-0.09506,-0.1374,0.05692,0.05204,-0.1576,0.46053,0.17955,0.13334,-1e-05,1.04254,0.99981,0.14492,-0.85319,0.2778,0.24012,-0.41853,0.01681,-0.20941,-0.00398,0.32147,0.05259,0.05331,-0.13182,0.1904,-0.01507,-0.07345,-0.01033,0.00065,0.00488,0.00318,0.16155,0.01268,-0.04648,0.00878,-0.00844,0.00654,0.00406
9.76,0.00392,0.00978,0.01505,-0.09155,-0.15442,0.06313,0.05795,-0.17752,0.58879,0.21039,0.21262,-2e-05,1.32021,1.24571,0.17217,-1.20026,0.28979,0.26176,-0.53851,-0.02386,-0.32538,-0.00541,0.41515,0.09724,0.03889,-0.12366,0.20843,-0.01285,-0.06014,-0.01001,-0.00018,0.0034,0.00215,0.16891,0.00335,-0.03896,0.01702,-0.00871,0.0074,0.0045
9.78,0.00538,0.01425,0.01374,-0.08045,-0.17285,0.06668,0.06164,-0.19807,0.72433,0.24362,0.30169,-2e-05,1.60959,1.49153,0.19837,-1.58477,0.27972,0.28111,-0.66185,-0.06111,-0.46157,-0.00728,0.50393,0.13029,0.02074,-0.1047,0.22568,-0.00988,-0.04344,-0.00952,-0.0015,0.00087,0.00051,0.17642,-0.00972,-0.03136,0.02737,-0.0088,0.00799,0.00474
9.8,0.00742,0.01927,0.01313,-0.06033,-0.19303,0.06673,0.06379,-0.21831,0.86082,0.27872,0.384,-2e-05,1.8912,1.71612,0.22128,-1.98224,0.24281,0.29927,-0.77743,-0.09324,-0.61279,-0.00949,0.58513,0.15148,-0.00082,-0.07484,0.24166,-0.00676,-0.02351,-0.00911,-0.00334,-0.00274,-0.00174,0.1846,-0.02593,-0.02337,0.03957,-0.00857,0.00812,0.00468
9.82,0.01011,0.02476,0.01322,-0.03009,-0.21518,0.06246,0.0652,-0.23706,0.99064,0.31476,0.384,-3e-05,2.14237,1.89589,0.23837,-2.36286,0.17493,0.31772,-0.87226,-0.11881,-0.77183,-0.01189,0.65644,0.16222,-0.02515,-0.03462,0.25578,-0.00418,-0.00069,-0.00903,-0.00566,-0.00734,-0.00455,0.19403,-0.04444,-0.01466,0.05315,-0.00788,0.00757,0.00421
9.84,0.01346,0.0306,0.01391,0.01074,-0.23935,0.05329,0.06659,-0.25324,1.10708,0.35056,0.384,-3e-05,2.34389,2.01187,0.24763,-2.70019,0.07372,0.3381,-0.93472,-0.13707,-0.93132,-0.01423,0.71673,0.16452,-0.05163,0.01477,0.26751,-0.00282,0.02455,-0.00945,-0.0084,-0.0128,-0.00786,0.20509,-0.06441,-0.0049,0.0676,-0.00663,0.00619,0.00323
9.86,0.01735,0.03663,0.01501,0.06156,-0.26523,0.03914,0.06837,-0.26602,1.20536,0.38467,0.384,-3e-05,2.48389,2.05439,0.24807,-2.97613,-0.06027,0.36188,-0.95671,-0.14825,-1.08458,-0.01614,0.76648,0.16034,-0.07973,0.07134,0.27637,-0.00339,0.0515,-0.01041,-0.01142,-0.01891,-0.01152,0.21774,-0.0852,0.00607,0.0824,-0.00479,0.00395,0.00175
9.88,0.02151,0.04263,0.0162,0.12032,-0.29191,0.02052,0.07058,-0.27475,1.28216,0.41506,0.384,-3e-05,2.55766,2.02368,0.23982,-3.17988,-0.2223,0.3902,-0.93383,-0.15353,-1.22458,-0.01712,0.80745,0.15143,-0.10896,0.13179,0.28186,-0.00657,0.07903,-0.01179,-0.01449,-0.0253,-0.01533,0.23142,-0.1062,0.01821,0.09687,-0.00243,0.00093,-0.00015
9.9,0.0255,0.04823,0.01705,0.18331,-0.3178,-0.00141,0.07294,-0.27885,1.33477,0.43903,0.384,-3e-05,2.56583,1.92841,0.22399,-3.30533,-0.40286,0.42359,-0.86498,-0.1548,-1.34307,-0.0165,0.84211,0.13931,-0.13854,0.19138,0.28346,-0.01304,0.10546,-0.01334,-0.0173,-0.03147,-0.01899,0.24502,-0.12674,0.03118,0.11012,0.00029,-0.00262,-0.00231
9.92,0.02881,0.05304,0.01712,0.24594,-0.34091,-0.02517,0.07498,-0.27782,1.361,0.45343,0.384,-3e-05,2.51254,1.78231,0.2023,-3.34979,-0.58831,0.46154,-0.75172,-0.1543,-1.43153,-0.01347,0.87303,0.1253,-0.16754,0.24456,0.2806,-0.02331,0.12888,-0.0147,-0.01949,-0.03683,-0.02212,0.25712,-0.14609,0.0445,0.12121,0.00315,-0.00639,-0.00451
9.94,0.03097,0.05669,0.01601,0.30403,-0.35951,-0.04937,0.07626,-0.27136,1.35967,0.45539,0.384,-4e-05,2.40378,1.59988,0.17655,-3.3139,-0.76261,0.50203,-0.59783,-0.15414,-1.48343,-0.00703,0.90228,0.11047,-0.19492,0.28639,0.27291,-0.03752,0.14779,-0.01553,-0.02075,-0.04087,-0.02444,0.26647,-0.1636,0.05771,0.12937,0.00596,-0.01007,-0.00657
9.96,0.03165,0.05894,0.0135,0.3545,-0.37243,-0.07297,0.07653,-0.25943,1.33096,0.44278,0.384,-4e-05,2.24672,1.39411,0.14836,-3.2019,-0.90788,0.54105,-0.40961,-0.15591,-1.49572,0.00389,0.93092,0.09574,-0.21964,0.31324,0.26028,-0.05528,0.16146,-0.01551,-0.02088,-0.04324,-0.02572,0.27222,-0.17878,0.07054,0.13418,0.00857,-0.0134,-0.00832
9.98,0.0307,0.05968,0.00956,0.39517,-0.37906,-0.09515,0.07573,-0.2424,1.27665,0.41434,0.384,-4e-05,2.05055,1.17732,0.11935,-3.02222,-1.00321,0.57218,-0.1972,-0.16067,-1.46894,0.02046,0.95865,0.08197,-0.24043,0.32281,0.24306,-0.07547,0.16991,-0.0144,-0.0198,-0.04377,-0.02585,0.27399,-0.19116,0.08278,0.13557,0.01089,-0.01614,-0.00966
10,0.02807,0.05885,0.00434,0.42435,-0.37919,-0.11513,0.07399,-0.22102,1.20008,0.36978,0.384,-4e-05,1.8271,0.96241,0.09123,-2.78759,-1.02483,0.58681,0.02475,-0.1689,-1.40673,0.04373,0.98371,0.07005,-0.25561,0.31381,0.222,-0.0962,0.17373,-0.01204,-0.01754,-0.04241,-0.02481,0.27174,-0.20021,0.09421,0.13375,0.01282,-0.01809,-0.01052
10.02,0.02384,0.05649,-0.00187,0.44077,-0.37288,-0.13221,0.07148,-0.19631,1.10547,0.30982,0.384,-4e-05,1.58918,0.76167,0.06574,-2.5131,-0.9507,0.57633,0.2396,-0.18059,-1.31464,0.07456,1.00334,0.06077,-0.26339,0.28604,0.19816,-0.11521,0.17385,-0.00829,-0.01423,-0.03924,-0.02265,0.26565,-0.2054,0.10459,0.12907,0.01432,-0.01906,-0.01083
10.04,0.01812,0.05266,-0.00881,0.4439,-0.36033,-0.14595,0.06826,-0.16929,0.99696,0.23624,0.384,-4e-05,1.34769,0.58415,0.04418,-2.2131,-0.76837,0.53548,0.43321,-0.19532,-1.19879,0.11329,1.01465,0.05457,-0.26219,0.24052,0.17252,-0.13047,0.17133,-0.00312,-0.01008,-0.03447,-0.01949,0.256,-0.20643,0.11371,0.12191,0.01534,-0.01896,-0.01058
10.06,0.01105,0.04746,-0.0162,0.43415,-0.34186,-0.1562,0.06414,-0.14085,0.87836,0.15227,0.384,-3e-05,1.11035,0.4344,0.02732,-1.90019,-0.48129,0.4649,0.59648,-0.21227,-1.06527,0.1595,1.01513,0.05138,-0.25104,0.17991,0.1459,-0.1405,0.16719,0.00339,-0.00536,-0.02842,-0.01555,0.24309,-0.20337,0.12138,0.11262,0.01586,-0.01782,-0.00982
10.08,0.00289,0.04111,-0.02379,0.41293,-0.31801,-0.16309,0.05867,-0.11202,0.75392,0.06326,0.384,-3e-05,0.88325,0.31338,0.01544,-1.58729,-0.11221,0.37222,0.72457,-0.23008,-0.92104,0.21158,1.00277,0.05062,-0.22969,0.10899,0.11912,-0.14445,0.16244,0.01103,-0.0005,-0.02161,-0.01118,0.22732,-0.19672,0.12737,0.10159,0.0159,-0.01579,-0.00864
10.1,-0.00599,0.03391,-0.03125,0.38257,-0.28967,-0.16685,0.05126,-0.08403,0.62899,-0.02313,0.384,-3e-05,0.67247,0.21987,0.00851,-1.28936,0.29762,0.27158,0.81546,-0.24689,-0.7745,0.26656,0.97604,0.05124,-0.19858,0.03467,0.09316,-0.14194,0.15802,0.01939,0.004,-0.01474,-0.00685,0.20929,-0.18733,0.13141,0.08924,0.01545,-0.01316,-0.00718
10.12,-0.01514,0.02623,-0.03826,0.34586,-0.25789,-0.16782,0.04136,-0.05825,0.50921,-0.09845,0.384,-3e-05,0.48366,0.15129,0.00634,-1.02146,0.69836,0.18032,0.86909,-0.26067,-0.6343,0.32081,0.93403,0.05201,-0.15858,-0.03551,0.06899,-0.13301,0.15475,0.02797,0.00757,-0.00858,-0.00305,0.1896,-0.17619,0.13324,0.07606,0.01457,-0.01028,-0.00562
10.14,-0.02418,0.01841,-0.04453,0.30541,-0.22364,-0.16628,0.02869,-0.03569,0.39886,-0.15605,0.384,-3e-05,0.32003,0.10404,0.00859,-0.79423,1.04706,0.11386,0.88723,-0.26998,-0.50702,0.37113,0.87673,0.05174,-0.11061,-0.09582,0.04726,-0.11808,0.15317,0.03632,0.00981,-0.0037,-0.00018,0.16873,-0.16405,0.13285,0.06248,0.0133,-0.00746,-0.00412
10.16,-0.03275,0.01072,-0.04991,0.2633,-0.18771,-0.16256,0.01349,-0.01685,0.29997,-0.19276,0.37452,-3e-05,0.1816,0.07381,0.01488,-0.61143,1.31726,0.08231,0.87342,-0.27435,-0.39587,0.41545,0.80538,0.04949,-0.05552,-0.14381,0.02807,-0.09808,0.15335,0.04414,0.01058,-0.0004,0.00158,0.14693,-0.15126,0.13059,0.04887,0.01172,-0.00496,-0.00279
10.18,-0.04055,0.00344,-0.05429,0.22135,-0.15104,-0.15692,-0.00328,-0.00182,0.21294,-0.20898,0.32701,-3e-05,0.06605,0.05597,0.0247,-0.47092,1.49919,0.08998,0.83292,-0.27442,-0.30134,0.45257,0.72313,0.04465,0.00553,-0.18035,0.0111,-0.07451,0.15495,0.05122,0.00999,0.00136,0.00229,0.12436,-0.13777,0.1272,0.03564,0.00998,-0.00294,-0.00173
10.2,-0.04723,-0.00313,-0.05763,0.1814,-0.11484,-0.14969,-0.02,0.00954,0.13741,-0.20794,0.28795,-2e-05,-0.02997,0.04582,0.03738,-0.36649,1.59598,0.13617,0.7724,-0.27171,-0.22222,0.48183,0.63527,0.03693,0.0707,-0.20879,-0.00418,-0.04953,0.15724,0.05737,0.00843,0.00184,0.00216,0.10125,-0.12331,0.12381,0.02329,0.00826,-0.00152,-0.001
10.22,-0.05245,-0.00871,-0.05986,0.14513,-0.08042,-0.14116,-0.03466,0.01755,0.07252,-0.1945,0.25666,-2e-05,-0.11032,0.03863,0.05198,-0.2892,1.6183,0.21659,0.69875,-0.26832,-0.15646,0.50304,0.54831,0.02629,0.13763,-0.23372,-0.01845,-0.02553,0.15925,0.06244,0.00637,0.00148,0.00151,0.07786,-0.1075,0.12161,0.01237,0.00676,-0.00079,-0.00066
10.24,-0.05595,-0.0131,-0.06101,0.11373,-0.04871,-0.13168,-0.04551,0.02267,0.01691,-0.17356,0.23233,-2e-05,-0.17932,0.02943,0.06718,-0.22825,1.5782,0.32522,0.61733,-0.26636,-0.10159,0.51665,0.46838,0.01298,0.2039,-0.25924,-0.03245,-0.00446,0.16008,0.06627,0.00428,0.00067,0.00065,0.0543,-0.09,0.12144,0.00319,0.00564,-0.00079,-0.00071
10.26,-0.05761,-0.01627,-0.06115,0.08766,-0.02005,-0.12159,-0.0514,0.02548,-0.0312,-0.14913,0.2143,-2e-05,-0.24153,0.01294,0.08115,-0.17175,1.48529,0.45503,0.53114,-0.26763,-0.05528,0.5238,0.40036,-0.00253,0.26708,-0.28777,-0.04687,0.01259,0.15902,0.06876,0.00246,-0.00028,-0.0002,0.03052,-0.07072,0.12352,-0.00426,0.00501,-0.00148,-0.00116
10.28,-0.05748,-0.01832,-0.06043,0.06681,0.0057,-0.11139,-0.05182,0.02666,-0.07359,-0.1242,0.20234,-2e-05,-0.30125,-0.01638,0.09137,-0.10731,1.34613,0.5974,0.44116,-0.27355,-0.01585,0.52633,0.34822,-0.01936,0.32431,-0.31953,-0.06228,0.02531,0.15566,0.0698,0.00109,-0.00117,-0.00091,0.00646,-0.04996,0.12736,-0.01028,0.0049,-0.0028,-0.00195
10.3,-0.05571,-0.01948,-0.05905,0.05084,0.02887,-0.10171,-0.0468,0.02694,-0.11169,-0.10096,0.19669,-1e-05,-0.36206,-0.06415,0.09453,-0.02264,1.16525,0.74126,0.34729,-0.28515,0.01741,0.52653,0.31555,-0.03619,0.37189,-0.35257,-0.079,0.03402,0.1498,0.06928,0.00022,-0.00192,-0.00144,-0.01777,-0.02852,0.13179,-0.01539,0.00528,-0.00462,-0.00301
10.32,-0.05253,-0.02002,-0.05723,0.0392,0.04987,-0.09325,-0.03673,0.02702,-0.14658,-0.08097,0.19787,-1e-05,-0.42724,-0.13573,0.08644,0.09385,0.94671,0.87378,0.24925,-0.30309,0.04429,0.52669,0.30547,-0.05136,0.40588,-0.38373,-0.09714,0.03941,0.14147,0.06707,-0.00019,-0.00253,-0.0018,-0.04192,-0.00757,0.13528,-0.02019,0.00608,-0.00676,-0.00423
10.34,-0.04816,-0.0202,-0.05515,0.03129,0.06922,-0.08662,-0.02213,0.02753,-0.17934,-0.06518,0.20618,-1e-05,-0.5006,-0.2357,0.06202,0.25238,0.69615,0.98186,0.14754,-0.32773,0.06394,0.52848,0.32006,-0.06313,0.42317,-0.41019,-0.11673,0.04238,0.13082,0.06313,-0.00021,-0.00301,-0.00203,-0.06577,0.01167,0.13624,-0.02523,0.0072,-0.00902,-0.00551
10.36,-0.04286,-0.02025,-0.05296,0.02647,0.08747,-0.08213,-0.00363,0.02891,-0.21116,-0.05405,0.22138,-1e-05,-0.58677,-0.36714,0.01539,0.4607,0.42315,1.05286,0.04447,-0.35899,0.07515,0.53249,0.35983,-0.06977,0.42225,-0.43041,-0.13776,0.04384,0.1181,0.0575,0.0001,-0.00341,-0.00215,-0.08918,0.02804,0.13333,-0.03092,0.00851,-0.01121,-0.00671
10.38,-0.03691,-0.02036,-0.05076,0.02413,0.10505,-0.0799,0.018,0.03146,-0.24313,-0.04769,0.24246,-1e-05,-0.69071,-0.5306,-0.05984,0.7225,0.14385,1.07407,-0.05483,-0.39615,0.07621,0.53808,0.42345,-0.0696,0.40336,-0.44423,-0.16,0.04473,0.10379,0.05038,0.00065,-0.00373,-0.00221,-0.11188,0.04039,0.1255,-0.03746,0.00983,-0.01306,-0.00771
10.4,-0.03065,-0.02067,-0.04862,0.02374,0.12217,-0.07986,0.0417,0.03529,-0.27606,-0.04592,0.26761,-1e-05,-0.81689,-0.7233,-0.17006,1.03604,-0.1184,1.03258,-0.14204,-0.43774,0.06493,0.54358,0.50762,-0.06086,0.36823,-0.4525,-0.1829,0.04589,0.08862,0.04214,0.00139,-0.00399,-0.00222,-0.13336,0.04749,0.11205,-0.04478,0.01099,-0.0143,-0.00836
10.42,-0.02447,-0.02126,-0.04658,0.02481,0.13885,-0.08181,0.06617,0.04045,-0.31059,-0.0484,0.29431,-1e-05,-0.96856,-0.9397,-0.32091,1.39452,-0.33808,0.91714,-0.20739,-0.4819,0.03913,0.54679,0.60763,-0.04187,0.3195,-0.45644,-0.20568,0.04805,0.07343,0.03326,0.00226,-0.0042,-0.0022,-0.15295,0.04828,0.09264,-0.05265,0.01176,-0.01466,-0.00852
10.44,-0.0187,-0.02221,-0.04463,0.02686,0.15513,-0.08544,0.09012,0.047,-0.3476,-0.0546,0.31949,-1e-05,-1.14685,-1.17272,-0.51609,1.78737,-0.49611,0.72157,-0.24254,-0.52703,-0.00257,0.54599,0.71818,-0.01118,0.25991,-0.45682,-0.22758,0.05165,0.0589,0.02421,0.00318,-0.00434,-0.00215,-0.17012,0.04235,0.06748,-0.06076,0.01201,-0.01394,-0.0081
10.46,-0.01365,-0.02358,-0.04269,0.02936,0.17115,-0.09032,0.11228,0.05513,-0.38831,-0.0638,0.33959,-2e-05,-1.34962,-1.41379,-0.75586,2.1997,-0.58546,0.44793,-0.24267,-0.57212,-0.06006,0.54049,0.83359,0.03212,0.19199,-0.45344,-0.24797,0.05674,0.04541,0.01542,0.00409,-0.00438,-0.00205,-0.18463,0.03028,0.03746,-0.06876,0.01166,-0.01212,-0.00708
10.48,-0.0096,-0.02538,-0.04065,0.03167,0.18702,-0.09593,0.13123,0.06506,-0.43403,-0.075,0.35039,-2e-05,-1.56966,-1.65104,-1.03504,2.60907,-0.61163,0.10914,-0.20682,-0.61649,-0.13114,0.53088,0.94699,0.0881,0.11841,-0.44491,-0.26621,0.06294,0.03314,0.00731,0.00492,-0.00427,-0.00189,-0.1964,0.01385,0.0044,-0.07623,0.01073,-0.00934,-0.00554
10.5,-0.00681,-0.0276,-0.03837,0.03308,0.20274,-0.10155,0.14533,0.07698,-0.48582,-0.08697,0.34705,-2e-05,-1.79384,-1.86817,-1.34175,2.98379,-0.59043,-0.27068,-0.13763,-0.65938,-0.21143,0.51882,1.04961,0.15564,0.04241,-0.42897,-0.28152,0.06947,0.02212,0.00037,0.00558,-0.00396,-0.00163,-0.20546,-0.0041,-0.02887,-0.08262,0.00934,-0.00592,-0.00364
10.52,-0.00556,-0.03018,-0.03568,0.03278,0.21824,-0.10637,0.15291,0.09097,-0.54423,-0.09833,0.32488,-2e-05,-2.00519,-2.04692,-1.65903,3.28779,-0.54286,-0.66166,-0.0409,-0.69978,-0.29548,0.50652,1.13143,0.23239,-0.03264,-0.40317,-0.29306,0.07533,0.01234,-0.00491,0.00598,-0.00337,-0.00124,-0.21189,-0.0203,-0.05914,-0.08732,0.00765,-0.00222,-0.00158
10.54,-0.00598,-0.03303,-0.03245,0.02992,0.23345,-0.10951,0.15283,0.10688,-0.60914,-0.10786,0.28071,-2e-05,-2.18696,-2.17186,-1.96827,3.48986,-0.48834,-1.03724,0.07496,-0.73636,-0.37857,0.49581,1.1827,0.31473,-0.10412,-0.36607,-0.30014,0.07969,0.00366,-0.00811,0.00606,-0.00246,-0.00069,-0.21595,-0.03204,-0.08381,-0.08979,0.00576,0.00143,0.00047
10.56,-0.00808,-0.03602,-0.02861,0.02365,0.2484,-0.11009,0.14481,0.12424,-0.67939,-0.11469,0.21391,-2e-05,-2.32479,-2.23344,-2.25045,3.56958,-0.44037,-1.37909,0.19884,-0.76729,-0.45766,0.48754,1.19488,0.39756,-0.17055,-0.31814,-0.30242,0.08209,-0.00415,-0.00901,0.00577,-0.00119,5e-05,-0.2181,-0.03781,-0.10154,-0.08965,0.00375,0.00485,0.00242
10.58,-0.01165,-0.03894,-0.02415,0.01314,0.26311,-0.10724,0.12952,0.14203,-0.75219,-0.11822,0.12716,-2e-05,-2.40608,-2.22805,-2.48424,3.51777,-0.4057,-1.67577,0.31593,-0.79001,-0.53105,0.48157,1.16061,0.47353,-0.23117,-0.26233,-0.29987,0.0825,-0.01133,-0.00753,0.00514,0.00044,0.00097,-0.21903,-0.03744,-0.11226,-0.08671,0.00163,0.008,0.00426
10.6,-0.01631,-0.04151,-0.01915,-0.00231,0.27744,-0.10006,0.10859,0.1587,-0.82284,-0.1181,0.02649,-2e-05,-2.41915,-2.15689,-2.64474,3.33489,-0.38528,-1.91954,0.40789,-0.80111,-0.59765,0.4769,1.07373,0.53297,-0.28536,-0.20406,-0.29273,0.08119,-0.01811,-0.00376,0.00422,0.00237,0.00204,-0.21957,-0.03186,-0.11688,-0.08092,-0.00063,0.01095,0.00602
10.62,-0.02155,-0.04341,-0.01375,-0.02324,0.2911,-0.08778,0.08413,0.17246,-0.88558,-0.11415,-0.0801,-2e-05,-2.35461,-2.02431,-2.70714,3.029,-0.37619,-2.10479,0.45655,-0.79712,-0.65661,0.47225,0.93012,0.56584,-0.33242,-0.15001,-0.28142,0.07859,-0.02478,0.00209,0.00308,0.00454,0.00324,-0.22054,-0.02264,-0.11687,-0.07236,-0.00307,0.01378,0.00775
10.64,-0.02686,-0.04438,-0.00808,-0.04983,0.30376,-0.06988,0.05823,0.18177,-0.93524,-0.10636,-0.18489,-2e-05,-2.20823,-1.83604,-2.6537,2.61372,-0.37413,-2.22763,0.45014,-0.77584,-0.70718,0.46679,0.72923,0.56503,-0.37155,-0.10607,-0.26644,0.07497,-0.03177,0.00969,0.00183,0.00691,0.00453,-0.22259,-0.01132,-0.11379,-0.06125,-0.00572,0.01661,0.00949
10.66,-0.03174,-0.04424,-0.00218,-0.08175,0.31502,-0.0463,0.03267,0.18575,-0.96814,-0.09492,-0.28159,-2e-05,-1.98369,-1.59868,-2.47904,2.10856,-0.3752,-2.28534,0.38768,-0.73731,-0.74845,0.46061,0.47594,0.52873,-0.40173,-0.07608,-0.24833,0.07028,-0.03975,0.01853,0.00057,0.00947,0.00593,-0.22603,0.00098,-0.10894,-0.04796,-0.00855,0.01945,0.01127
10.68,-0.03573,-0.04295,0.00392,-0.11784,0.32431,-0.01767,0.00895,0.18417,-0.98212,-0.08025,-0.36493,-2e-05,-1.69471,-1.32122,-2.19242,1.54251,-0.37626,-2.27553,0.28045,-0.68433,-0.77895,0.45493,0.18282,0.46121,-0.42148,-0.06183,-0.22787,0.06413,-0.04958,0.02794,-0.00056,0.01223,0.00744,-0.23077,0.01361,-0.10333,-0.03307,-0.01147,0.02226,0.01304
10.7,-0.03833,-0.04055,0.01016,-0.15605,0.33089,0.0147,-0.01144,0.17738,-0.97609,-0.06313,-0.384,-2e-05,-1.36508,-1.01616,-1.81689,0.9558,-0.37497,-2.19556,0.15065,-0.62232,-0.79638,0.45193,-0.12929,0.3722,-0.42865,-0.0634,-0.20607,0.0559,-0.0622,0.03696,-0.00141,0.0152,0.00908,-0.23635,0.02622,-0.09768,-0.01752,-0.01431,0.02486,0.01468
10.72,-0.03905,-0.03717,0.0165,-0.19385,0.33394,0.04906,-0.02721,0.16605,-0.94993,-0.0445,-0.384,-2e-05,-1.02351,-0.69753,-1.38307,0.39344,-0.36946,-2.04284,0.0256,-0.55783,-0.79795,0.4539,-0.43549,0.27426,-0.42093,-0.07968,-0.18408,0.04498,-0.07837,0.04454,-0.00181,0.01837,0.01086,-0.24211,0.03877,-0.09246,-0.00236,-0.01685,0.02705,0.01607
10.74,-0.03754,-0.03297,0.02289,-0.229,0.33286,0.08389,-0.0376,0.15095,-0.90442,-0.02524,-0.384,-2e-05,-0.69525,-0.3771,-0.91959,-0.10652,-0.3581,-1.81581,-0.07093,-0.49633,-0.781,0.462,-0.71404,0.17878,-0.39659,-0.10884,-0.1628,0.03114,-0.09832,0.04974,-0.00166,0.02171,0.01276,-0.2474,0.05141,-0.08784,0.01142,-0.01888,0.02859,0.01705
10.76,-0.03364,-0.02815,0.02934,-0.25996,0.32744,0.11818,-0.04252,0.13282,-0.84148,-0.00611,-0.384,-2e-05,-0.39745,-0.06282,-0.44821,-0.51944,-0.33929,-1.51562,-0.12443,-0.44086,-0.74368,0.47539,-0.95043,0.09359,-0.35527,-0.14851,-0.14279,0.01484,-0.12147,0.05186,-0.00091,0.02515,0.01473,-0.25173,0.06448,-0.08369,0.02309,-0.02026,0.02933,0.01754
10.78,-0.02741,-0.02294,0.03579,-0.28576,0.31797,0.1512,-0.0426,0.11244,-0.7646,0.01213,-0.384,-2e-05,-0.14024,0.2392,0.01396,-0.8324,-0.31154,-1.14853,-0.13056,-0.39213,-0.68524,0.49086,-1.13651,0.02298,-0.29834,-0.19559,-0.12431,-0.0026,-0.14619,0.05048,0.00041,0.02853,0.01667,-0.25482,0.07836,-0.0796,0.03209,-0.02088,0.02915,0.01745
10.8,-0.01914,-0.01769,0.04216,-0.30572,0.30519,0.18226,-0.03903,0.09074,-0.67903,0.02862,-0.384,-2e-05,0.07052,0.52228,0.45085,-1.04023,-0.27362,-0.72737,-0.09385,-0.34913,-0.60621,0.5031,-1.26829,-0.03129,-0.22902,-0.2461,-0.10755,-0.01901,-0.16977,0.04541,0.00218,0.03162,0.01843,-0.25648,0.09334,-0.07499,0.03794,-0.02068,0.02798,0.01676
10.82,-0.00927,-0.01273,0.0483,-0.31935,0.29005,0.21072,-0.03329,0.06874,-0.5907,0.04247,-0.33563,-2e-05,0.2321,0.7793,0.84721,-1.14359,-0.22461,-0.26956,-0.02512,-0.30991,-0.50823,0.50603,-1.34486,-0.069,-0.15176,-0.29566,-0.09265,-0.03196,-0.1891,0.03665,0.00424,0.03413,0.01981,-0.25664,0.10946,-0.06927,0.04031,-0.01965,0.02581,0.01546
10.84,0.00174,-0.00834,0.05405,-0.32637,0.2734,0.23607,-0.02673,0.04732,-0.50456,0.05294,-0.26417,-2e-05,0.34477,1.00432,1.19069,-1.1486,-0.16402,0.20701,0.06198,-0.27236,-0.39367,0.49468,-1.36822,-0.09037,-0.07117,-0.34032,-0.07961,-0.03965,-0.20166,0.02437,0.00643,0.03583,0.02067,-0.25526,0.12639,-0.06207,0.03909,-0.01782,0.0227,0.01359
10.86,0.01347,-0.00465,0.05929,-0.32674,0.25579,0.258,-0.02037,0.02717,-0.4236,0.05957,-0.18907,-2e-05,0.41159,1.19313,1.47225,-1.06693,-0.09207,0.68508,0.15284,-0.23483,-0.26589,0.46661,-1.34327,-0.0954,0.00837,-0.37702,-0.06835,-0.04154,-0.20628,0.00896,0.00864,0.03659,0.02094,-0.25238,0.1432,-0.05349,0.03453,-0.01531,0.01878,0.01124
10.88,0.02544,-0.00166,0.06387,-0.32061,0.23755,0.27621,-0.01487,0.00889,-0.34931,0.06217,-0.11384,-1e-05,0.43754,1.34178,1.68387,-0.91606,-0.01021,1.14473,0.23178,-0.19667,-0.13014,0.42246,-1.2778,-0.08351,0.08222,-0.40344,-0.05875,-0.03847,-0.2032,-0.00888,0.01076,0.03638,0.02062,-0.24808,0.15826,-0.04415,0.02725,-0.01234,0.01435,0.00857
10.9,0.03709,0.00071,0.06762,-0.30829,0.21896,0.29023,-0.0106,-0.00681,-0.28236,0.0607,-0.04179,-1e-05,0.42875,1.44514,1.81676,-0.71879,0.07841,1.56073,0.28209,-0.15834,0.00583,0.36572,-1.18208,-0.05348,0.1451,-0.41763,-0.05076,-0.03243,-0.19385,-0.02808,0.01269,0.03526,0.01978,-0.24251,0.16919,-0.0352,0.01825,-0.0092,0.00979,0.00582
10.92,0.04779,0.00257,0.0703,-0.2902,0.20021,0.29951,-0.00767,-0.01923,-0.22289,0.05528,0.02402,-1e-05,0.39172,1.49722,1.8631,-0.50022,0.16951,1.90594,0.28891,-0.121,0.13319,0.30146,-1.0672,-0.00348,0.19176,-0.41804,-0.04437,-0.02594,-0.18028,-0.04734,0.01433,0.03334,0.01852,-0.2358,0.17344,-0.02796,0.0087,-0.00623,0.00556,0.00325
10.94,0.05702,0.00408,0.07176,-0.26673,0.18137,0.3036,-0.00604,-0.02784,-0.17059,0.04625,0.08135,-1e-05,0.33261,1.49271,1.82053,-0.28305,0.25858,2.15884,0.24398,-0.08585,0.24459,0.23434,-0.94275,0.0688,0.21847,-0.40377,-0.03943,-0.02111,-0.16427,-0.06551,0.01561,0.03073,0.01695,-0.22796,0.16918,-0.02333,-0.00035,-0.00372,0.00203,0.00109
10.96,0.06445,0.00533,0.0719,-0.23834,0.16237,0.30229,-0.00549,-0.03242,-0.12483,0.03413,0.12891,-1e-05,0.25719,1.42825,1.69547,-0.08525,0.34129,2.30809,0.14915,-0.05364,0.33562,0.16758,-0.81557,0.16574,0.22402,-0.3748,-0.03564,-0.01902,-0.14683,-0.08172,0.01647,0.02752,0.01513,-0.21882,0.15592,-0.02146,-0.00811,-0.0018,-0.00063,-0.00056
10.98,0.06989,0.00641,0.07077,-0.20576,0.14319,0.29566,-0.00566,-0.03304,-0.08509,0.01982,0.16602,-2e-05,0.17122,1.303,1.50469,0.07909,0.41298,2.35219,0.01791,-0.02486,0.40443,0.1031,-0.69046,0.28911,0.20978,-0.33222,-0.03254,-0.01959,-0.12821,-0.09532,0.01689,0.0238,0.0131,-0.20807,0.13478,-0.02165,-0.01406,-0.00051,-0.00239,-0.00168
11,0.07324,0.00734,0.06844,-0.17013,0.12392,0.28402,-0.00611,-0.02998,-0.05133,0.00455,0.1922,-2e-05,0.08091,1.11891,1.27446,0.19818,0.46816,2.297,-0.12577,2e-05,0.45085,0.04215,-0.57116,0.43902,0.17939,-0.27828,-0.02954,-0.02171,-0.10809,-0.10572,0.01685,0.01968,0.01087,-0.19536,0.10833,-0.02248,-0.01786,0.00023,-0.00338,-0.00233
11.02,0.07442,0.00813,0.06508,-0.13281,0.1048,0.26783,-0.00639,-0.0236,-0.02384,-0.01029,0.20703,-2e-05,-0.0073,0.88059,1.03467,0.26288,0.50133,2.15185,-0.25346,0.02056,0.47585,-0.01447,-0.46055,0.61255,0.13764,-0.2157,-0.02602,-0.02375,-0.08587,-0.11244,0.01634,0.01526,0.00848,-0.18034,0.07992,-0.02227,-0.01932,0.00055,-0.00379,-0.00261
11.04,0.07344,0.00875,0.06084,-0.0951,0.08599,0.24763,-0.00624,-0.01435,-0.0029,-0.02352,0.21018,-2e-05,-0.08746,0.59516,0.81006,0.26826,0.50865,1.92517,-0.34158,0.03654,0.48141,-0.06635,-0.36028,0.8021,0.08914,-0.14684,-0.02139,-0.02423,-0.06108,-0.11521,0.01535,0.01066,0.00596,-0.16267,0.05252,-0.01958,-0.01843,0.00057,-0.00382,-0.00264
11.06,0.07039,0.00916,0.05592,-0.05806,0.06754,0.22401,-0.00571,-0.0026,0.01141,-0.03438,0.20154,-2e-05,-0.15431,0.2733,0.61485,0.21477,0.48905,1.62248,-0.37752,0.04804,0.47041,-0.11327,-0.27089,0.99359,0.03744,-0.07321,-0.01517,-0.02229,-0.03367,-0.11406,0.01389,0.006,0.00333,-0.14217,0.02817,-0.01374,-0.01535,0.00038,-0.0036,-0.0025
11.08,0.06544,0.00933,0.0505,-0.02277,0.04952,0.19778,-0.00514,0.01115,0.01919,-0.04248,0.18119,-2e-05,-0.20282,-0.06831,0.45294,0.1088,0.4446,1.2478,-0.36076,0.0554,0.44665,-0.1548,-0.19247,1.16444,-0.01471,0.00409,-0.00703,-0.01779,-0.00435,-0.10936,0.01201,0.0014,0.00068,-0.11891,0.0079,-0.0049,-0.01044,4e-05,-0.00323,-0.00223
11.1,0.05891,0.0092,0.04488,0.0094,0.03217,0.17012,-0.00518,0.02631,0.02053,-0.04771,0.14953,-2e-05,-0.22783,-0.40561,0.32029,-0.03778,0.38027,0.80612,-0.30146,0.05903,0.41464,-0.18999,-0.12543,1.28402,-0.065,0.08373,0.00315,-0.01129,0.02536,-0.10171,0.00977,-0.00292,-0.00186,-0.0934,-0.00793,0.006,-0.00425,-0.00045,-0.00272,-0.00185
11.12,0.05116,0.00873,0.03932,0.03696,0.01581,0.1424,-0.00655,0.04216,0.0157,-0.05013,0.10734,-2e-05,-0.22493,-0.71119,0.20796,-0.20982,0.30269,0.30506,-0.21675,0.05938,0.37886,-0.21747,-0.07045,1.32068,-0.11151,0.16405,0.01529,-0.00375,0.05349,-0.0919,0.00727,-0.00675,-0.00415,-0.06643,-0.01942,0.01756,0.00257,-0.0011,-0.00208,-0.00137
11.14,0.04256,0.0079,0.03404,0.05874,0.00071,0.11579,-0.0098,0.05804,0.0053,-0.04997,0.05596,-2e-05,-0.19216,-0.96142,0.10544,-0.39226,0.21843,-0.24386,-0.12576,0.05686,0.34262,-0.23596,-0.02796,1.25306,-0.15281,0.24312,0.02914,0.00384,0.07825,-0.08069,0.00461,-0.0099,-0.00604,-0.03887,-0.02687,0.02854,0.0094,-0.00191,-0.0013,-0.0008
11.16,0.03348,0.00677,0.02913,0.07412,-0.01296,0.09117,-0.0151,0.07327,-0.00949,-0.04756,-0.00232,-2e-05,-0.13137,-1.14083,0.00323,-0.57178,0.1331,-0.82233,-0.04654,0.05184,0.30741,-0.24458,0.00206,1.07833,-0.18796,0.31853,0.04422,0.01067,0.09844,-0.06873,0.00189,-0.01225,-0.00746,-0.0116,-0.03066,0.03812,0.01574,-0.00285,-0.0004,-0.00016
11.18,0.02433,0.00546,0.02459,0.08292,-0.02507,0.06922,-0.02213,0.08713,-0.02674,-0.04337,-0.06386,-2e-05,-0.04893,-1.2415,-0.10575,-0.73581,0.05176,-1.40025,0.00405,0.04466,0.27301,-0.24278,0.01993,0.81537,-0.21624,0.38678,0.05977,0.01618,0.11337,-0.05665,-0.00077,-0.01375,-0.00837,0.01431,-0.03113,0.04597,0.02118,-0.00384,0.00057,0.00052
11.2,0.01565,0.00414,0.02035,0.08528,-0.03541,0.05063,-0.03012,0.09874,-0.04385,-0.03797,-0.1234,-2e-05,0.04451,-1.26115,-0.22519,-0.87149,-0.02057,-1.93365,0.01046,0.03566,0.2379,-0.23032,0.02598,0.50285,-0.23682,0.44292,0.07461,0.01993,0.12267,-0.04512,-0.0032,-0.01441,-0.00876,0.03746,-0.02853,0.05211,0.02532,-0.00475,0.00153,0.00117
11.22,0.008,0.00303,0.01634,0.08156,-0.04372,0.03604,-0.03809,0.10715,-0.05795,-0.03197,-0.17504,-2e-05,0.13621,-1.20177,-0.35482,-0.96679,-0.0795,-2.37285,-0.03872,0.02523,0.20001,-0.20736,0.02067,0.18881,-0.24883,0.48138,0.08741,0.02166,0.12627,-0.03479,-0.00523,-0.01424,-0.00864,0.05632,-0.02311,0.05677,0.02783,-0.00545,0.00236,0.00171
11.24,0.00183,0.00229,0.01246,0.07239,-0.04984,0.02578,-0.04512,0.11168,-0.06671,-0.02584,-0.21387,-2e-05,0.21482,-1.06887,-0.48999,-1.01307,-0.12248,-2.67733,-0.14605,0.01382,0.15752,-0.17483,0.00497,-0.08511,-0.25154,0.49769,0.09708,0.02129,0.1244,-0.02618,-0.00671,-0.01331,-0.00805,0.06976,-0.01518,0.06025,0.02847,-0.0058,0.00297,0.00208
11.26,-0.00262,0.00202,0.00864,0.05868,-0.05377,0.01974,-0.05063,0.11203,-0.06875,-0.01988,-0.23693,-2e-05,0.27246,-0.87165,-0.62085,-1.00692,-0.14961,-2.82522,-0.30154,0.002,0.10962,-0.1347,-0.01928,-0.29366,-0.24458,0.48955,0.10299,0.019,0.11769,-0.01955,-0.00757,-0.01171,-0.00704,0.07731,-0.00522,0.06282,0.02713,-0.00573,0.00331,0.00225
11.28,-0.00527,0.0022,0.00483,0.04173,-0.05566,0.01744,-0.05436,0.10834,-0.06382,-0.01425,-0.2433,-2e-05,0.30477,-0.62428,-0.73117,-0.95037,-0.16354,-2.81409,-0.48057,-0.00941,0.057,-0.09041,-0.04921,-0.42878,-0.22795,0.45715,0.10499,0.01524,0.10717,-0.01503,-0.00781,-0.00959,-0.0057,0.07916,0.00605,0.06464,0.02385,-0.00523,0.00334,0.0022
11.3,-0.00618,0.00274,0.00107,0.02326,-0.05576,0.01806,-0.05627,0.10113,-0.05259,-0.00898,-0.2337,-2e-05,0.31029,-0.34631,-0.79863,-0.85032,-0.1689,-2.65763,-0.64533,-0.01935,0.00208,-0.04685,-0.08086,-0.49635,-0.20209,0.40297,0.10332,0.01066,0.09429,-0.01257,-0.00747,-0.00716,-0.00417,0.07605,0.01761,0.06577,0.01882,-0.00433,0.00308,0.00195
11.32,-0.0055,0.00353,-0.00259,0.0051,-0.05436,0.02068,-0.05652,0.09114,-0.03636,-0.00404,-0.20994,-2e-05,0.28981,-0.05944,-0.79987,-0.71645,-0.17102,-2.37952,-0.75393,-0.02665,-0.05172,-0.0094,-0.11002,-0.5107,-0.16771,0.33099,0.09846,0.00604,0.08066,-0.01207,-0.00663,-0.00463,-0.00257,0.06903,0.02834,0.06621,0.01234,-0.00308,0.00254,0.00151
11.34,-0.00348,0.00441,-0.00606,-0.01126,-0.05179,0.02445,-0.05537,0.07915,-0.01658,0.00063,-0.1743,-1e-05,0.24599,0.21802,-0.71863,-0.55847,-0.1742,-2.00585,-0.77438,-0.03038,-0.10103,0.01765,-0.13341,-0.48805,-0.12575,0.2458,0.09104,0.00201,0.06762,-0.01328,-0.00537,-0.00218,-0.00104,0.05921,0.03731,0.06594,0.00473,-0.00158,0.00176,0.00093
11.36,-0.0004,0.00529,-0.00931,-0.025,-0.04842,0.02875,-0.05316,0.06591,0.00534,0.00511,-0.12928,-1e-05,0.18325,0.47395,-0.55181,-0.3849,-0.18062,-1.56156,-0.69438,-0.03008,-0.14325,0.03214,-0.14943,-0.44215,-0.07745,0.15222,0.08172,-0.00107,0.05609,-0.01585,-0.0038,8e-05,0.00037,0.04763,0.04395,0.06501,-0.00363,9e-05,0.0008,0.00024
11.38,0.00332,0.00608,-0.01231,-0.03584,-0.04464,0.03319,-0.05028,0.05217,0.028,0.00946,-0.07783,-1e-05,0.10816,0.70119,-0.31199,-0.20391,-0.18992,-1.07249,-0.5241,-0.02575,-0.17632,0.03416,-0.1582,-0.38343,-0.02471,0.05593,0.0713,-0.00307,0.04659,-0.01927,-0.00202,0.0021,0.00161,0.03529,0.04807,0.06351,-0.01229,0.00181,-0.00031,-0.00053
11.4,0.00719,0.0067,-0.015,-0.04397,-0.0409,0.03751,-0.04721,0.03878,0.04982,0.01367,-0.02354,-1e-05,0.02944,0.89527,-0.02658,-0.02442,-0.19952,-0.56785,-0.29389,-0.01787,-0.19842,0.0257,-0.1613,-0.3194,0.02969,-0.03618,0.0607,-0.00411,0.03933,-0.02289,-0.00017,0.00386,0.00265,0.02324,0.0497,0.0616,-0.02064,0.00346,-0.00148,-0.00133
11.42,0.0107,0.00713,-0.01732,-0.04974,-0.03767,0.04156,-0.0444,0.02661,0.06918,0.01762,0.02982,-1e-05,-0.04345,1.05327,0.2691,0.14464,-0.20572,-0.07763,-0.04475,-0.00715,-0.20809,0.00984,-0.16115,-0.25515,0.08252,-0.11702,0.05084,-0.00443,0.03429,-0.02602,0.00161,0.00537,0.0035,0.0125,0.04909,0.05946,-0.02804,0.0049,-0.00263,-0.00211
11.44,0.01342,0.00733,-0.0192,-0.05342,-0.03535,0.0451,-0.04214,0.01636,0.0847,0.02115,0.07912,-1e-05,-0.10276,1.17367,0.54245,0.29617,-0.20536,0.37332,0.18562,0.00565,-0.20467,-0.01015,-0.16026,-0.19384,0.13093,-0.18124,0.04243,-0.00426,0.03131,-0.02806,0.00321,0.00661,0.00413,0.00393,0.04659,0.05726,-0.03395,0.00602,-0.00371,-0.00284
11.46,0.01509,0.0073,-0.0206,-0.05504,-0.0342,0.04775,-0.04049,0.0085,0.09536,0.02399,0.12234,-1e-05,-0.14394,1.25591,0.76998,0.42582,-0.19702,0.7678,0.37158,0.01989,-0.18859,-0.03149,-0.16078,-0.13728,0.17296,-0.22646,0.03581,-0.00376,0.03008,-0.02862,0.00454,0.00756,0.00453,-0.00184,0.0426,0.0551,-0.03804,0.00677,-0.00472,-0.0035
11.48,0.01562,0.00709,-0.02147,-0.05428,-0.0344,0.04893,-0.03925,0.00324,0.10046,0.02576,0.15831,-1e-05,-0.16559,1.29952,0.93704,0.53104,-0.18133,1.09379,0.50035,0.03494,-0.1616,-0.05183,-0.16431,-0.08652,0.20723,-0.25314,0.03095,-0.00302,0.03019,-0.02753,0.00555,0.00816,0.00468,-0.0044,0.03756,0.05305,-0.04016,0.00718,-0.00567,-0.00411
11.5,0.01504,0.00673,-0.02176,-0.05054,-0.03599,0.04787,-0.03803,0.00068,0.09951,0.02598,0.18635,-1e-05,-0.16894,1.30336,1.03572,0.61001,-0.16076,1.34136,0.56957,0.0501,-0.12662,-0.06916,-0.1719,-0.0423,0.23268,-0.26388,0.02761,-0.00204,0.03115,-0.02478,0.00619,0.0083,0.00454,-0.00346,0.03204,0.05116,-0.04031,0.00731,-0.00661,-0.00468
11.52,0.01349,0.00629,-0.02143,-0.04313,-0.03893,0.0438,-0.03634,0.0008,0.09232,0.02418,0.20614,-1e-05,-0.15696,1.26571,1.06367,0.66103,-0.13881,1.50298,0.58429,0.06462,-0.0872,-0.08193,-0.1839,-0.00514,0.24853,-0.26244,0.02533,-0.00081,0.03246,-0.02054,0.00644,0.00788,0.00407,0.00106,0.02655,0.04944,-0.0386,0.00723,-0.00757,-0.00523
11.54,0.01115,0.0058,-0.0205,-0.0316,-0.04301,0.03611,-0.03377,0.00344,0.07911,0.0201,0.21784,-1e-05,-0.13345,1.18487,1.02402,0.68262,-0.11863,1.57629,0.55366,0.07782,-0.04656,-0.08935,-0.1997,0.02484,0.25455,-0.25253,0.02363,0.00056,0.03361,-0.01506,0.00631,0.00683,0.00325,0.00902,0.02152,0.0479,-0.03526,0.00702,-0.0086,-0.00575
11.56,0.0082,0.00529,-0.01904,-0.01598,-0.04789,0.02465,-0.03007,0.0083,0.06071,0.01387,0.2221,-1e-05,-0.10256,1.06009,0.92551,0.67349,-0.10231,1.56595,0.489,0.08911,-0.00715,-0.09164,-0.21752,0.0479,0.25131,-0.23704,0.02203,0.0018,0.03418,-0.00867,0.00583,0.00517,0.00212,0.0199,0.01713,0.04651,-0.03061,0.00676,-0.00969,-0.00625
11.58,0.00485,0.00471,-0.01724,0.00302,-0.05297,0.00978,-0.02526,0.01492,0.0387,0.00605,0.22008,-1e-05,-0.06882,0.89244,0.78315,0.63253,-0.09075,1.48394,0.40358,0.09788,0.02918,-0.08999,-0.23424,0.0646,0.24012,-0.21797,0.02012,0.00247,0.03381,-0.00182,0.00505,0.003,0.00076,0.03275,0.01341,0.04521,-0.02513,0.00647,-0.01079,-0.0067
11.6,0.00135,0.00404,-0.01535,0.02398,-0.05749,-0.00759,-0.01957,0.02261,0.01544,-0.00237,0.21323,-1e-05,-0.03717,0.68559,0.61761,0.55879,-0.08382,1.34813,0.31246,0.1035,0.0609,-0.08644,-0.24546,0.07545,0.22298,-0.1965,0.01754,0.00192,0.03218,0.00489,0.00408,0.00054,-0.0007,0.0462,0.01022,0.04397,-0.01945,0.00619,-0.01179,-0.00705
11.62,-0.00205,0.00321,-0.01368,0.04515,-0.06059,-0.02625,-0.01339,0.03067,-0.00645,-0.0102,0.20307,-1e-05,-0.01229,0.44523,0.45106,0.4518,-0.0804,1.17776,0.2301,0.10534,0.0868,-0.08346,-0.2465,0.08082,0.20198,-0.17304,0.01403,-0.00046,0.02908,0.01084,0.00301,-0.00197,-0.00209,0.05867,0.00733,0.04266,-0.01424,0.00591,-0.01256,-0.00721
11.64,-0.00516,0.00214,-0.01246,0.06491,-0.06162,-0.04509,-0.00709,0.03851,-0.02482,-0.0165,0.19076,-1e-05,0.00261,0.178,0.30073,0.31203,-0.07832,0.98702,0.16676,0.103,0.10622,-0.08334,-0.2338,0.08082,0.17856,-0.14721,0.00948,-0.00502,0.02445,0.01549,0.00195,-0.00428,-0.00328,0.06891,0.00439,0.04105,-0.01007,0.00562,-0.01299,-0.00714
11.66,-0.00787,0.00081,-0.01183,0.08214,-0.06026,-0.06336,-0.00097,0.04581,-0.03844,-0.02079,0.17694,-1e-05,0.00653,-0.10831,0.17501,0.14179,-0.07439,0.78141,0.12612,0.0965,0.11915,-0.08773,-0.20605,0.07524,0.15309,-0.11786,0.00394,-0.01164,0.01839,0.01857,0.00094,-0.00624,-0.00418,0.07618,0.00098,0.03876,-0.00727,0.00529,-0.01295,-0.00678
11.68,-0.01017,-0.00083,-0.01181,0.0961,-0.05657,-0.08051,0.00471,0.05246,-0.04707,-0.02307,0.1617,-1e-05,0.00084,-0.40261,0.07339,-0.05337,-0.06431,0.55825,0.1051,0.08627,0.12614,-0.09758,-0.16458,0.06361,0.12489,-0.08338,-0.00229,-0.01963,0.01128,0.02,2e-05,-0.00775,-0.00476,0.08034,-0.00337,0.03522,-0.00599,0.00488,-0.01238,-0.0061
11.7,-0.01207,-0.00276,-0.0123,0.10632,-0.05099,-0.0961,0.00973,0.0585,-0.05121,-0.02377,0.1448,-1e-05,-0.01104,-0.68906,-0.01172,-0.26376,-0.04278,0.30922,0.09494,0.07322,0.12817,-0.1131,-0.11325,0.04517,0.09258,-0.04196,-0.00868,-0.0278,0.00372,0.0199,-0.00081,-0.00877,-0.00504,0.08165,-0.00914,0.02979,-0.00616,0.00434,-0.01123,-0.00509
11.72,-0.01363,-0.00494,-0.01316,0.11248,-0.04411,-0.10971,0.01389,0.06403,-0.05193,-0.02353,0.12572,-1e-05,-0.0247,-0.94947,-0.09241,-0.47665,-0.00321,0.02442,0.08405,0.05837,0.12646,-0.1337,-0.05728,0.019,0.05458,0.00784,-0.01461,-0.03475,-0.00361,0.0185,-0.00156,-0.00926,-0.00506,0.08065,-0.01665,0.02187,-0.00761,0.00364,-0.00948,-0.00375
11.74,-0.01489,-0.00728,-0.01423,0.11442,-0.03653,-0.12098,0.01704,0.06909,-0.05065,-0.02304,0.10384,-1e-05,-0.03615,-1.16819,-0.18208,-0.67852,0.06234,-0.30266,0.06185,0.04244,0.12238,-0.15802,-0.00152,-0.01589,0.00969,0.06641,-0.01959,-0.03941,-0.01024,0.01611,-0.00222,-0.00925,-0.00485,0.07783,-0.02597,0.01112,-0.01009,0.00274,-0.00715,-0.00211
11.76,-0.01588,-0.00966,-0.01537,0.11209,-0.02868,-0.12958,0.01915,0.07361,-0.049,-0.02283,0.07859,-1e-05,-0.04276,-1.33486,-0.29299,-0.85599,0.1631,-0.67051,0.02151,0.02565,0.11737,-0.18375,0.05055,-0.06035,-0.04228,0.13247,-0.02339,-0.04135,-0.0161,0.01305,-0.00281,-0.00874,-0.00445,0.07351,-0.0367,-0.00234,-0.01325,0.00164,-0.0043,-0.00025
11.78,-0.01659,-0.01188,-0.01646,0.10558,-0.02086,-0.13512,0.02028,0.07734,-0.04879,-0.02326,0.04969,-1e-05,-0.04345,-1.44364,-0.43487,-0.99465,0.30893,-1.06573,-0.03913,0.00772,0.11298,-0.20748,0.09669,-0.11469,-0.10004,0.20239,-0.02607,-0.04086,-0.02149,0.0097,-0.00331,-0.00778,-0.00387,0.06783,-0.04789,-0.01779,-0.01669,0.0004,-0.00108,0.00175
11.8,-0.01698,-0.01367,-0.01737,0.09509,-0.01333,-0.13711,0.02055,0.07985,-0.05194,-0.02454,0.01726,-1e-05,-0.03845,-1.49167,-0.61382,-1.07823,0.50893,-1.46207,-0.11768,-0.01188,0.11082,-0.22467,0.13545,-0.1784,-0.16058,0.27007,-0.02788,-0.03884,-0.027,0.0065,-0.00369,-0.00643,-0.00314,0.06076,-0.05806,-0.03389,-0.01993,-0.00092,0.0023,0.00373
11.82,-0.01696,-0.01474,-0.01802,0.08097,-0.00625,-0.13506,0.02014,0.08063,-0.06017,-0.02672,-0.01815,-1e-05,-0.02875,-1.47871,-0.83112,-1.09123,0.76855,-1.82647,-0.20854,-0.03377,0.11229,-0.23064,0.16601,-0.24995,-0.21986,0.32833,-0.02918,-0.03643,-0.03325,0.00384,-0.0039,-0.00476,-0.00225,0.05223,-0.06552,-0.04903,-0.02248,-0.00221,0.00557,0.00552
11.84,-0.01648,-0.01491,-0.01831,0.06368,0.00028,-0.12867,0.01927,0.07927,-0.0745,-0.02973,-0.05579,-1e-05,-0.01528,-1.40767,-1.08174,-1.02363,1.08565,-2.12957,-0.30504,-0.05832,0.11811,-0.22199,0.18826,-0.32671,-0.27404,0.37115,-0.03027,-0.03455,-0.04061,0.00197,-0.00394,-0.00285,-0.00124,0.04218,-0.06899,-0.06183,-0.024,-0.00336,0.00852,0.00698
11.86,-0.01548,-0.01412,-0.01822,0.04387,0.00625,-0.11803,0.0182,0.07561,-0.0949,-0.03335,-0.09466,-1e-05,0.00152,-1.28536,-1.35242,-0.87473,1.44657,-2.35217,-0.40047,-0.08545,0.12803,-0.19772,0.20278,-0.40466,-0.32009,0.39518,-0.03131,-0.03353,-0.04893,0.00088,-0.00378,-0.00079,-0.00013,0.03068,-0.06793,-0.07146,-0.02438,-0.00431,0.01099,0.00804
11.88,-0.01395,-0.01249,-0.01774,0.02253,0.01168,-0.10369,0.01726,0.06978,-0.11999,-0.03721,-0.13322,-1e-05,0.02177,-1.12349,-1.61917,-0.65486,1.82249,-2.48481,-0.48771,-0.11431,0.14063,-0.15963,0.21072,-0.47768,-0.3556,0.39984,-0.03229,-0.03307,-0.05745,0.00032,-0.00344,0.0013,0.00102,0.01808,-0.06267,-0.07769,-0.02376,-0.00501,0.0129,0.00868
11.9,-0.01193,-0.01028,-0.0169,0.00109,0.01661,-0.08669,0.01681,0.06218,-0.14712,-0.04079,-0.16925,-1e-05,0.04591,-0.93855,-1.84725,-0.38496,2.16945,-2.52538,-0.55873,-0.14322,0.15348,-0.11211,0.21359,-0.53743,-0.37848,0.38687,-0.033,-0.03233,-0.06482,-0.00016,-0.00295,0.00328,0.00211,0.00498,-0.05427,-0.0807,-0.0225,-0.00545,0.01422,0.00893
11.92,-0.00947,-0.00785,-0.01573,-0.01886,0.021,-0.0683,0.01721,0.0534,-0.17303,-0.0435,-0.20017,-1e-05,0.07435,-0.74896,-1.99869,-0.09169,2.43799,-2.47715,-0.60578,-0.17005,0.16368,-0.06093,0.21308,-0.5751,-0.38703,0.35946,-0.03317,-0.03025,-0.0695,-0.00107,-0.00237,0.00499,0.00305,-0.00784,-0.04423,-0.08093,-0.02102,-0.00561,0.01494,0.00885
11.94,-0.00665,-0.00551,-0.01426,-0.03595,0.02484,-0.04972,0.01871,0.044,-0.19482,-0.04483,-0.22386,-1e-05,0.10707,-0.57024,-2.04457,0.20019,2.58902,-2.34754,-0.62353,-0.19299,0.16881,-0.01133,0.21082,-0.58426,-0.38054,0.32122,-0.03253,-0.02603,-0.07032,-0.00283,-0.00173,0.00631,0.00376,-0.01963,-0.0339,-0.07891,-0.0197,-0.00549,0.01508,0.00851
11.96,-0.00359,-0.00348,-0.0125,-0.04936,0.02806,-0.03182,0.02138,0.03448,-0.21062,-0.04447,-0.23912,-1e-05,0.14319,-0.41241,-1.97357,0.47197,2.60452,-2.14794,-0.61062,-0.21092,0.16755,0.03301,0.20831,-0.56301,-0.35962,0.27564,-0.03091,-0.0195,-0.0669,-0.00556,-0.00108,0.0072,0.00421,-0.02986,-0.02424,-0.0751,-0.01868,-0.00513,0.0147,0.00796
11.98,-0.00047,-0.00187,-0.01042,-0.0587,0.03056,-0.01528,0.02505,0.02526,-0.21963,-0.04233,-0.24564,-1e-05,0.18057,-0.28053,-1.79435,0.70997,2.48968,-1.89486,-0.57,-0.22339,0.15982,0.07,0.20686,-0.51448,-0.32647,0.22625,-0.02827,-0.01122,-0.05982,-0.0091,-0.00045,0.00769,0.00441,-0.03811,-0.01577,-0.06994,-0.01792,-0.00457,0.01389,0.00727
12,0.00248,-0.00074,-0.00803,-0.06393,0.03218,-0.0007,0.02937,0.0168,-0.22186,-0.03853,-0.24379,-1e-05,0.2158,-0.17622,-1.53349,0.90341,2.26998,-1.6103,-0.50848,-0.23043,0.14668,0.09862,0.20759,-0.44633,-0.28473,0.17686,-0.02473,-0.00243,-0.05045,-0.01296,0.00014,0.00783,0.00442,-0.044,-0.00871,-0.0638,-0.01718,-0.00389,0.01275,0.00648
12.02,0.00501,-8e-05,-0.00532,-0.06522,0.03275,0.01143,0.03385,0.00952,-0.2179,-0.03335,-0.23439,-1e-05,0.24485,-0.09876,-1.22731,1.04429,1.9821,-1.31817,-0.43486,-0.23238,0.12981,0.11867,0.21126,-0.36856,-0.23874,0.13111,-0.02049,0.00533,-0.04052,-0.01655,0.00065,0.00772,0.00428,-0.04729,-0.00306,-0.05705,-0.01613,-0.00316,0.01143,0.00565
12.04,0.00692,0.00018,-0.00232,-0.06293,0.03224,0.02087,0.03798,0.00374,-0.20856,-0.02716,-0.21856,-1e-05,0.26439,-0.04566,-0.91005,1.12873,1.66151,-1.03831,-0.35727,-0.22973,0.11093,0.13058,0.21809,-0.29028,-0.19235,0.09166,-0.01582,0.01084,-0.03146,-0.0193,0.00107,0.00746,0.00408,-0.04797,0.00127,-0.04993,-0.01448,-0.00245,0.01001,0.0048
12.06,0.00809,8e-05,0.00088,-0.05759,0.03081,0.02766,0.04134,-0.0004,-0.19476,-0.02046,-0.19757,-1e-05,0.27252,-0.01325,-0.60694,1.15778,1.33506,-0.78333,-0.28174,-0.2231,0.09142,0.13523,0.22748,-0.21777,-0.14822,0.05977,-0.01106,0.01357,-0.02399,-0.02091,0.00137,0.00709,0.00383,-0.04637,0.00436,-0.04261,-0.0121,-0.00181,0.0086,0.00398
12.08,0.00854,-0.00028,0.00412,-0.04991,0.02885,0.03213,0.04355,-0.00291,-0.17755,-0.01387,-0.17306,-1e-05,0.26889,0.00287,-0.33467,1.13721,1.0215,-0.55978,-0.21229,-0.21323,0.07235,0.13389,0.23798,-0.15456,-0.10806,0.03542,-0.00663,0.01379,-0.01803,-0.0213,0.00154,0.00663,0.00355,-0.0432,0.00627,-0.03523,-0.00902,-0.00126,0.00726,0.0032
12.1,0.00835,-0.0008,0.00714,-0.04082,0.02699,0.03477,0.04429,-0.00391,-0.15818,-0.00816,-0.14699,-1e-05,0.25451,0.00742,-0.10408,1.07654,0.7342,-0.37047,-0.15158,-0.20097,0.05466,0.12806,0.2473,-0.10217,-0.07295,0.0177,-0.00302,0.01242,-0.01289,-0.02059,0.00159,0.00607,0.00323,-0.03948,0.00699,-0.02795,-0.00546,-0.00082,0.00605,0.00248
12.12,0.00766,-0.00137,0.00967,-0.03127,0.02588,0.03613,0.04332,-0.00358,-0.1379,-0.0041,-0.12146,-1e-05,0.23119,0.00489,0.07864,0.98715,0.48222,-0.21566,-0.10121,-0.18719,0.03911,0.11929,0.25284,-0.06068,-0.04349,0.00522,-0.00076,0.01064,-0.00763,-0.01905,0.00151,0.00539,0.00286,-0.03632,0.00649,-0.02093,-0.00174,-0.00048,0.00501,0.00186
12.14,0.00663,-0.00192,0.01148,-0.02208,0.026,0.03671,0.04059,-0.00213,-0.11775,-0.0022,-0.09808,-1e-05,0.20095,-0.00093,0.21182,0.87963,0.27002,-0.09335,-0.06157,-0.17256,0.02618,0.10886,0.25251,-0.02928,-0.0198,-0.00355,-0.00017,0.00948,-0.00145,-0.01698,0.0013,0.00457,0.00242,-0.03456,0.00488,-0.01426,0.00181,-0.00023,0.00417,0.00134
12.16,0.00539,-0.00238,0.01247,-0.01382,0.02752,0.03687,0.03628,0.00021,-0.09838,-0.0025,-0.07776,-1e-05,0.16566,-0.00731,0.298,0.76255,0.098,0.0002,-0.03191,-0.15748,0.01605,0.09766,0.24522,-0.00662,-0.00148,-0.00993,-0.00128,0.00937,0.00589,-0.01467,0.001,0.00363,0.00192,-0.03456,0.00241,-0.00795,0.00493,-5e-05,0.0035,0.00092
12.18,0.0041,-0.00275,0.01266,-0.0068,0.03021,0.03683,0.03091,0.00317,-0.08019,-0.00459,-0.06077,-1e-05,0.12725,-0.01258,0.3429,0.64291,-0.03595,0.06948,-0.01065,-0.14216,0.00866,0.0862,0.23113,0.00882,0.01214,-0.01493,-0.00381,0.01013,0.01397,-0.0124,0.00065,0.00265,0.0014,-0.03615,-0.00042,-0.00198,0.00741,9e-05,0.00296,0.00059
12.2,0.0029,-0.00302,0.01218,-0.0012,0.03351,0.03662,0.02525,0.00643,-0.06349,-0.00761,-0.04694,-1e-05,0.08788,-0.01602,0.35439,0.52697,-0.13493,0.1189,0.00429,-0.12675,0.0038,0.07473,0.21149,0.01856,0.02187,-0.0192,-0.00715,0.01104,0.02176,-0.01045,0.00029,0.00172,0.00093,-0.03868,-0.00293,0.00369,0.00907,0.00023,0.0025,0.00031
12.22,0.00193,-0.00322,0.01123,0.00293,0.03669,0.03621,0.0202,0.00971,-0.04853,-0.01051,-0.03587,-1e-05,0.0497,-0.01763,0.34108,0.42005,-0.20241,0.15243,0.01516,-0.11135,0.00121,0.06335,0.18825,0.02397,0.02852,-0.0231,-0.01057,0.01115,0.02797,-0.00905,0,0.00096,0.00056,-0.04124,-0.00436,0.00905,0.0098,0.0004,0.00204,7e-05
12.24,0.00126,-0.00337,0.00999,0.00562,0.03909,0.03551,0.01647,0.01274,-0.03539,-0.01238,-0.02705,-1e-05,0.01444,-0.01776,0.31107,0.3257,-0.24249,0.17368,0.02396,-0.09597,0.00059,0.05204,0.16334,0.02623,0.03288,-0.0268,-0.01342,0.00976,0.0316,-0.00837,-0.00019,0.00046,0.00036,-0.04301,-0.00412,0.01413,0.00955,0.00062,0.00152,-0.00016
12.26,0.00093,-0.00347,0.00863,0.00704,0.04026,0.03448,0.01444,0.01537,-0.024,-0.01266,-0.01997,-0,-0.01687,-0.01688,0.27116,0.2454,-0.25995,0.18597,0.03224,-0.0806,0.00166,0.04078,0.13837,0.02634,0.03562,-0.03033,-0.01526,0.00675,0.03237,-0.0084,-0.00025,0.00024,0.00032,-0.04346,-0.00196,0.01896,0.00841,0.0009,0.00092,-0.00041
12.28,0.00089,-0.00354,0.00726,0.00741,0.04005,0.03309,0.01412,0.0175,-0.01426,-0.01121,-0.01428,-0,-0.04367,-0.01553,0.22694,0.17915,-0.2601,0.19217,0.04095,-0.06527,0.00413,0.02964,0.11466,0.0251,0.03728,-0.03362,-0.0159,0.00268,0.03077,-0.00902,-0.00021,0.00023,0.0004,-0.04239,0.00205,0.02356,0.00657,0.00125,0.00023,-0.00067
12.3,0.00104,-0.00356,0.00597,0.00704,0.03852,0.03139,0.01519,0.0191,-0.00606,-0.00823,-0.00976,-0,-0.06561,-0.0143,0.18305,0.12619,-0.2484,0.1946,0.05041,-0.05021,0.0077,0.01887,0.09343,0.02309,0.03826,-0.03642,-0.01536,-0.00128,0.02795,-0.00997,-9e-05,0.00035,0.00052,-0.03991,0.00748,0.02788,0.00437,0.00162,-0.00051,-0.00095
12.32,0.00128,-0.00353,0.00484,0.00623,0.03586,0.02944,0.01716,0.02017,0.00065,-0.00416,-0.0063,-0,-0.08253,-0.01378,0.14314,0.08529,-0.23011,0.19501,0.06042,-0.03572,0.01212,0.00879,0.07574,0.02071,0.03883,-0.03845,-0.01377,-0.00376,0.0253,-0.01094,5e-05,0.00044,0.00059,-0.0363,0.01371,0.03183,0.00217,0.002,-0.00125,-0.00123
12.34,0.00147,-0.00343,0.00392,0.00522,0.0323,0.02731,0.01959,0.02073,0.00599,0.0005,-0.00383,-0,-0.09452,-0.0144,0.10972,0.05483,-0.20977,0.19469,0.07052,-0.02208,0.01719,-0.0004,0.06218,0.01827,0.03921,-0.03944,-0.01132,-0.00372,0.02397,-0.01168,0.00016,0.00041,0.00053,-0.03189,0.02015,0.03533,0.00028,0.00235,-0.00193,-0.00151
12.36,0.00156,-0.00326,0.0032,0.00416,0.02805,0.02504,0.02216,0.0208,0.01008,0.00533,-0.00224,-0,-0.10199,-0.01641,0.08401,0.03275,-0.19097,0.19453,0.08008,-0.00937,0.02279,-0.0087,0.0528,0.01594,0.0396,-0.0393,-0.00817,-0.00088,0.02441,-0.01204,0.00024,0.00021,0.00032,-0.02687,0.02634,0.03827,-0.00113,0.00265,-0.00253,-0.00178
12.38,0.00152,-0.00305,0.00269,0.00312,0.02326,0.02269,0.02471,0.02043,0.01313,0.00994,-0.00136,-0,-0.1056,-0.01981,0.06625,0.01689,-0.17646,0.19504,0.08826,0.00234,0.0288,-0.0163,0.04709,0.01388,0.04018,-0.03806,-0.00448,0.00419,0.02631,-0.012,0.00027,-0.00014,1e-05,-0.02141,0.03192,0.04058,-0.00206,0.00289,-0.00302,-0.00202
12.4,0.00136,-0.00282,0.00234,0.00209,0.01812,0.02031,0.0272,0.01966,0.01529,0.01399,-0.00101,-0,-0.10617,-0.02434,0.05593,0.00512,-0.16826,0.19636,0.09401,0.01297,0.03509,-0.02345,0.04415,0.0122,0.04113,-0.0359,-0.00042,0.01014,0.02871,-0.01163,0.0003,-0.00053,-0.00034,-0.01564,0.03664,0.0421,-0.00259,0.00307,-0.00342,-0.00222
12.42,0.0011,-0.0026,0.00211,0.00103,0.01282,0.01797,0.02967,0.01857,0.01675,0.01715,-0.00105,-0,-0.10455,-0.02966,0.05207,-0.0044,-0.1677,0.19839,0.09631,0.02243,0.04148,-0.03037,0.04284,0.01096,0.04256,-0.0331,0.00382,0.01532,0.03031,-0.0111,0.00034,-0.00084,-0.00062,-0.00966,0.04022,0.0427,-0.00288,0.0032,-0.00371,-0.00236
12.44,0.00081,-0.00241,0.00198,-0.0001,0.00758,0.01574,0.03205,0.0172,0.01765,0.01922,-0.00142,-0,-0.10148,-0.03541,0.05352,-0.01309,-0.1753,0.20097,0.09452,0.03072,0.04769,-0.03719,0.04203,0.01022,0.04447,-0.02993,0.00803,0.01831,0.03007,-0.01052,0.00044,-0.00099,-0.00075,-0.00367,0.04242,0.0422,-0.00308,0.00327,-0.00389,-0.00243
12.46,0.0005,-0.00227,0.00187,-0.00127,0.00259,0.01362,0.03422,0.01562,0.01817,0.02012,-0.00221,-0,-0.09756,-0.04131,0.05902,-0.02187,-0.19061,0.20394,0.08872,0.03799,0.05334,-0.04381,0.0407,0.00999,0.04676,-0.02669,0.01196,0.01842,0.02751,-0.00997,0.00059,-0.00091,-0.00068,0.00213,0.04295,0.04046,-0.00329,0.00327,-0.00396,-0.00241
12.48,0.00022,-0.00215,0.00177,-0.00235,-0.00187,0.01163,0.03584,0.01392,0.01851,0.0199,-0.00368,-0,-0.09321,-0.04715,0.06729,-0.03101,-0.21213,0.20717,0.07977,0.04446,0.05789,-0.04986,0.03796,0.01026,0.04912,-0.02366,0.01529,0.01575,0.02286,-0.00945,0.00078,-0.00064,-0.00045,0.00735,0.04147,0.03737,-0.00352,0.00318,-0.0039,-0.0023
12.5,-2e-05,-0.00203,0.00162,-0.00316,-0.00544,0.00978,0.03648,0.01219,0.01883,0.01873,-0.00619,-0,-0.08874,-0.05275,0.077,-0.04017,-0.23741,0.21055,0.06927,0.05038,0.0606,-0.05466,0.03315,0.011,0.05113,-0.02115,0.01763,0.01108,0.01695,-0.0089,0.00098,-0.00025,-0.00012,0.0115,0.03764,0.03288,-0.00374,0.00299,-0.00368,-0.00208
12.52,-0.00018,-0.00187,0.0014,-0.0035,-0.00777,0.0081,0.03563,0.01056,0.01933,0.01684,-0.01025,-0,-0.08436,-0.05796,0.08683,-0.04854,-0.26385,0.21403,0.05905,0.05595,0.06076,-0.05738,0.02594,0.01211,0.05227,-0.01941,0.0186,0.0056,0.01096,-0.00824,0.00113,0.00013,0.00021,0.01404,0.03118,0.02701,-0.00385,0.00265,-0.00327,-0.00175
12.54,-0.00026,-0.00163,0.00109,-0.00319,-0.00864,0.00659,0.03296,0.00913,0.02012,0.01449,-0.01645,-0,-0.08017,-0.06268,0.0957,-0.0552,-0.28987,0.21776,0.05055,0.06124,0.05789,-0.05731,0.01654,0.0134,0.05212,-0.01855,0.01794,0.00046,0.00598,-0.0074,0.0012,0.00043,0.00045,0.01462,0.02209,0.01992,-0.00379,0.00218,-0.00268,-0.00133
12.56,-0.00024,-0.00132,0.00067,-0.00218,-0.00802,0.00526,0.02841,0.00797,0.02133,0.01192,-0.02545,-0,-0.07621,-0.06695,0.10277,-0.05931,-0.3157,0.22209,0.04431,0.06617,0.05198,-0.05399,0.00587,0.01457,0.05047,-0.01847,0.01568,-0.00355,0.00271,-0.00638,0.00116,0.00056,0.00055,0.01317,0.01079,0.01198,-0.00354,0.00157,-0.00193,-0.00082
12.58,-0.00013,-0.00091,0.00017,-0.00054,-0.00615,0.00413,0.02226,0.00712,0.023,0.00936,-0.03788,-0,-0.07249,-0.07086,0.10749,-0.06013,-0.34334,0.22761,0.03998,0.07044,0.04359,-0.04732,-0.0043,0.01519,0.04731,-0.01884,0.0121,-0.006,0.00147,-0.0052,0.00101,0.00051,0.00049,0.00999,-0.00177,0.00382,-0.0031,0.00087,-0.00107,-0.00028
12.6,6e-05,-0.00045,-0.0004,0.00155,-0.00347,0.00321,0.01511,0.00661,0.02512,0.00707,-0.05431,-0,-0.06902,-0.07456,0.10944,-0.05692,-0.37612,0.23505,0.03648,0.07346,0.0338,-0.0375,-0.01133,0.01465,0.04285,-0.01913,0.00775,-0.00678,0.00218,-0.00399,0.00077,0.00029,0.00029,0.00568,-0.01412,-0.00366,-0.00256,0.00017,-0.0002,0.00024
12.62,0.00033,6e-05,-0.00098,0.00385,-0.00053,0.00252,0.00777,0.00645,0.02767,0.00522,-0.07507,-0,-0.06597,-0.07847,0.10841,-0.04873,-0.41781,0.24519,0.03256,0.07432,0.02415,-0.02478,-0.01176,0.01227,0.03741,-0.01871,0.00333,-0.00598,0.00457,-0.00288,0.00047,-5e-05,-0,0.00102,-0.02458,-0.00946,-0.00201,-0.00045,0.00056,0.00067
12.64,0.00067,0.00056,-0.00156,0.00612,0.0021,0.00207,0.00101,0.00662,0.03068,0.00386,-0.10021,-0,-0.06379,-0.08351,0.1044,-0.03406,-0.47132,0.25871,0.02753,0.07176,0.01639,-0.00916,-0.00155,0.00725,0.03126,-0.01701,-0.0005,-0.00381,0.00828,-0.00201,0.00014,-0.00048,-0.00036,-0.00326,-0.03185,-0.01285,-0.00154,-0.00091,0.00113,0.00094
12.66,0.00105,0.00104,-0.00211,0.0082,0.00399,0.00181,-0.00457,0.00709,0.03423,0.00285,-0.12925,-1e-05,-0.06337,-0.09129,0.09764,-0.01083,-0.53768,0.27604,0.02187,0.06411,0.01241,0.00979,0.02377,-0.0012,0.02457,-0.01365,-0.00328,-0.00053,0.01291,-0.0015,-0.00018,-0.00094,-0.00072,-0.00658,-0.03533,-0.01358,-0.00125,-0.00119,0.00145,0.00105
12.68,0.00148,0.00145,-0.00265,0.01001,0.0048,0.00166,-0.00854,0.0078,0.03845,0.0018,-0.16097,-1e-05,-0.06599,-0.10409,0.08872,0.02363,-0.61529,0.29725,0.01733,0.04939,0.01423,0.03282,0.06889,-0.01387,0.01742,-0.00845,-0.00469,0.00357,0.01811,-0.0014,-0.00049,-0.0014,-0.00106,-0.00852,-0.03518,-0.01192,-0.00122,-0.00127,0.00152,0.00099
12.7,0.00195,0.00178,-0.00319,0.01148,0.00426,0.0015,-0.01056,0.00865,0.04349,0.00017,-0.19327,-1e-05,-0.07339,-0.12473,0.07849,0.07225,-0.69979,0.32189,0.01687,0.02527,0.02404,0.06091,0.13858,-0.0314,0.00984,-0.00146,-0.00458,0.00816,0.02346,-0.00178,-0.00073,-0.0018,-0.00135,-0.00882,-0.03225,-0.00857,-0.0015,-0.00119,0.00138,0.0008
12.72,0.00244,0.00199,-0.00374,0.0126,0.00221,0.0012,-0.0104,0.00952,0.04951,-0.00269,-0.22356,-1e-05,-0.08749,-0.15625,0.06789,0.138,-0.78521,0.3493,0.0239,-0.01091,0.04416,0.09529,0.2376,-0.05421,0.00194,0.00712,-0.00292,0.01284,0.02852,-0.00263,-0.0009,-0.00211,-0.00154,-0.00734,-0.02771,-0.00448,-0.00214,-0.001,0.00108,0.00053
12.74,0.00294,0.00207,-0.00434,0.01334,-0.00139,0.00065,-0.00802,0.01032,0.05666,-0.0074,-0.24933,-1e-05,-0.11017,-0.20147,0.05757,0.2234,-0.86598,0.37893,0.04132,-0.06221,0.07694,0.13752,0.37059,-0.0823,-0.00607,0.01702,0.00021,0.01725,0.03291,-0.00394,-0.00098,-0.00228,-0.00162,-0.00409,-0.0227,-0.00054,-0.00315,-0.00075,0.00068,0.00022
12.76,0.00346,0.00205,-0.005,0.01372,-0.00644,-0.00021,-0.00356,0.01092,0.06505,-0.01444,-0.26859,-1e-05,-0.14294,-0.26246,0.04768,0.32995,-0.93802,0.41047,0.07063,-0.1319,0.12449,0.18944,0.54147,-0.11506,-0.01376,0.02794,0.00456,0.02105,0.03631,-0.00564,-0.00094,-0.0023,-0.00158,0.00076,-0.01808,0.00261,-0.00451,-0.00048,0.00023,-9e-05
12.78,0.00397,0.00195,-0.00573,0.01375,-0.01266,-0.00141,0.00259,0.01124,0.07472,-0.02411,-0.27972,-1e-05,-0.18667,-0.34004,0.0379,0.45726,-0.99848,0.44372,0.11162,-0.22296,0.18839,0.2528,0.75214,-0.15096,-0.02045,0.03951,0.00976,0.0239,0.03843,-0.00756,-0.0008,-0.00216,-0.00141,0.00681,-0.01439,0.00461,-0.00614,-0.00022,-0.00021,-0.00037
12.8,0.00449,0.00184,-0.00654,0.01343,-0.01957,-0.00291,0.0098,0.01118,0.08552,-0.03646,-0.2814,-1e-05,-0.2414,-0.43343,0.02753,0.60242,-1.04511,0.47826,0.1623,-0.33758,0.26933,0.32885,1.00137,-0.18748,-0.02515,0.05119,0.01522,0.02546,0.03901,-0.00951,-0.00056,-0.00186,-0.00112,0.01348,-0.01189,0.00533,-0.00791,1e-05,-0.00063,-0.00061
12.82,0.00498,0.00179,-0.00742,0.0128,-0.02659,-0.00466,0.01731,0.01068,0.0972,-0.05139,-0.27273,-1e-05,-0.30647,-0.54049,0.01567,0.76061,-1.07633,0.51341,0.21939,-0.47696,0.36693,0.41833,1.28488,-0.22154,-0.02669,0.06239,0.02033,0.0254,0.03781,-0.01126,-0.00023,-0.00142,-0.00073,0.02008,-0.01063,0.00481,-0.00967,0.00018,-0.00098,-0.00079
12.84,0.00543,0.00181,-0.00833,0.01188,-0.03317,-0.00659,0.02445,0.0097,0.10951,-0.06872,-0.25362,-1e-05,-0.38079,-0.6583,0.00136,0.92626,-1.0916,0.54817,0.27914,-0.64125,0.47978,0.52154,1.59618,-0.25041,-0.02396,0.07267,0.02456,0.02352,0.03475,-0.01262,0.00017,-0.00084,-0.00026,0.02605,-0.01051,0.0032,-0.0113,0.00031,-0.00126,-0.00091
12.86,0.0058,0.00192,-0.00922,0.01076,-0.03892,-0.00864,0.03075,0.00829,0.12217,-0.08829,-0.2251,-1e-05,-0.46274,-0.78316,-0.01627,1.09335,-1.09172,0.58111,0.3377,-0.82889,0.60496,0.63805,1.92593,-0.27217,-0.0161,0.08183,0.02764,0.01983,0.02989,-0.0135,0.00062,-0.00015,0.00027,0.03107,-0.01132,0.00072,-0.01271,0.00037,-0.00145,-0.00098
12.88,0.00604,0.00204,-0.01005,0.00957,-0.04354,-0.01079,0.03589,0.00655,0.13481,-0.10974,-0.18963,-1e-05,-0.54957,-0.90959,-0.0378,1.2542,-1.07886,0.61006,0.39072,-1.03512,0.73699,0.76579,2.25943,-0.28567,-0.00256,0.08986,0.0295,0.01457,0.02354,-0.01389,0.00109,0.00062,0.00083,0.03503,-0.01274,-0.00231,-0.0139,0.00038,-0.00156,-0.00101
12.9,0.00608,0.00207,-0.01072,0.00847,-0.04678,-0.01298,0.03965,0.00469,0.1469,-0.13243,-0.15104,-1e-05,-0.63701,-1.02984,-0.06348,1.39863,-1.05635,0.63205,0.43315,-1.25104,0.86739,0.90042,2.57507,-0.29027,0.01682,0.09686,0.03025,0.00819,0.0162,-0.01389,0.00154,0.00143,0.0014,0.03802,-0.01435,-0.00551,-0.01488,0.00035,-0.00163,-0.00101
12.92,0.00584,0.0019,-0.01111,0.00768,-0.04844,-0.01515,0.04186,0.00292,0.15784,-0.15555,-0.11377,-1e-05,-0.72001,-1.13505,-0.09323,1.5155,-1.02838,0.64385,0.4598,-1.46516,0.9861,1.03596,2.84795,-0.28562,0.04169,0.10288,0.03007,0.00125,0.0085,-0.01359,0.00192,0.00223,0.00194,0.04016,-0.01571,-0.00845,-0.01566,0.00029,-0.00166,-0.001
12.94,0.00528,0.00142,-0.01116,0.0074,-0.04834,-0.01725,0.04238,0.00139,0.16716,-0.1783,-0.08159,-1e-05,-0.79422,-1.2177,-0.12688,1.59585,-0.99937,0.64299,0.4667,-1.66644,1.08432,1.1663,3.05669,-0.27148,0.07106,0.10781,0.0291,-0.00581,0.00092,-0.01308,0.0022,0.00298,0.0024,0.04154,-0.0165,-0.0108,-0.01624,0.00021,-0.00169,-0.001
12.96,0.00435,0.00061,-0.01079,0.00782,-0.04633,-0.01926,0.04109,0.00015,0.17463,-0.2,-0.05683,-1e-05,-0.85677,-1.27305,-0.16412,1.63486,-0.9738,0.62852,0.45198,-1.84575,1.15603,1.28585,3.18755,-0.24767,0.10308,0.11129,0.02733,-0.01279,-0.00627,-0.01239,0.00236,0.00363,0.00278,0.04215,-0.01659,-0.01238,-0.01657,0.00011,-0.00174,-0.00102
12.98,0.00306,-0.00053,-0.00999,0.0091,-0.04233,-0.02115,0.03782,-0.0009,0.1802,-0.21995,-0.0404,-1e-05,-0.90598,-1.29899,-0.20426,1.63191,-0.9563,0.60124,0.41614,-1.99481,1.19785,1.38868,3.23426,-0.21418,0.13474,0.11261,0.02462,-0.01969,-0.01301,-0.01149,0.00238,0.00416,0.00304,0.04182,-0.01602,-0.01313,-0.01654,1e-05,-0.00182,-0.00107
13,0.00146,-0.00189,-0.00877,0.01137,-0.03629,-0.02289,0.03247,-0.00192,0.18397,-0.23725,-0.0321,-1e-05,-0.94075,-1.29538,-0.24602,1.58981,-0.95163,0.56356,0.36188,-2.10499,1.20828,1.46788,3.19633,-0.17132,0.16186,0.11076,0.02072,-0.02664,-0.01936,-0.01028,0.00225,0.00454,0.00318,0.04026,-0.01504,-0.01314,-0.01601,-0.0001,-0.00193,-0.00116
13.02,-0.00038,-0.00334,-0.00718,0.01471,-0.02828,-0.02443,0.025,-0.00313,0.1861,-0.25089,-0.031,-1e-05,-0.96027,-1.26333,-0.28759,1.51342,-0.96347,0.51875,0.29348,-2.16809,1.18726,1.51643,3.07748,-0.11954,0.17985,0.10462,0.01537,-0.03376,-0.02543,-0.00865,0.00199,0.00472,0.00318,0.03717,-0.01396,-0.01256,-0.01482,-0.00021,-0.00208,-0.00127
13.04,-0.00236,-0.00477,-0.00529,0.01905,-0.01849,-0.02572,0.01556,-0.00474,0.18674,-0.26001,-0.0358,-1e-05,-0.964,-1.20471,-0.32708,1.40815,-0.99273,0.46981,0.21578,-2.17854,1.13613,1.52922,2.88439,-0.05917,0.18502,0.09323,0.00846,-0.04103,-0.03124,-0.00656,0.0016,0.00471,0.00304,0.03235,-0.01308,-0.01159,-0.01288,-0.00033,-0.00226,-0.0014
13.06,-0.00439,-0.00607,-0.00316,0.02417,-0.0073,-0.02671,0.00459,-0.00687,0.18609,-0.264,-0.04511,-1e-05,-0.95161,-1.122,-0.36258,1.27928,-1.03608,0.41889,0.13382,-2.13502,1.05778,1.50447,2.62674,0.00952,0.17548,0.07608,0.00014,-0.04814,-0.03667,-0.00401,0.00111,0.0045,0.00278,0.02587,-0.01256,-0.01045,-0.01022,-0.00044,-0.00246,-0.00154
13.08,-0.00633,-0.00715,-0.00093,0.02963,0.00457,-0.02736,-0.00708,-0.00955,0.18428,-0.26249,-0.05739,-1e-05,-0.92306,-1.01884,-0.39195,1.1327,-1.08533,0.36748,0.0534,-2.04105,0.95724,1.44416,2.31887,0.08587,0.1514,0.05329,-0.00906,-0.05442,-0.04137,-0.00116,0.00055,0.00411,0.0024,0.01815,-0.01244,-0.00938,-0.00706,-0.00056,-0.00266,-0.00167
13.1,-0.00804,-0.00795,0.00125,0.03477,0.01612,-0.02761,-0.01821,-0.01272,0.18147,-0.25531,-0.07101,-1e-05,-0.87862,-0.90031,-0.41262,0.97559,-1.12792,0.31687,-0.01867,-1.90455,0.8418,1.35367,1.9807,0.1683,0.11485,0.02563,-0.01828,-0.05884,-0.04477,0.00176,-3e-05,0.00359,0.00194,0.00991,-0.01264,-0.00862,-0.00373,-0.00067,-0.00285,-0.00177
13.12,-0.00935,-0.00841,0.00321,0.03885,0.02619,-0.02742,-0.02743,-0.0162,0.17776,-0.24249,-0.08438,-1e-05,-0.81889,-0.77226,-0.42199,0.81571,-1.14964,0.26823,-0.07557,-1.73587,0.71972,1.24029,1.63457,0.25431,0.06921,-0.00564,-0.02649,-0.06028,-0.04621,0.00442,-0.00058,0.00298,0.00144,0.00203,-0.01299,-0.00839,-0.00067,-0.00078,-0.00299,-0.00183
13.14,-0.01014,-0.0085,0.00479,0.04132,0.03386,-0.02677,-0.03367,-0.01982,0.17321,-0.22421,-0.09634,-1e-05,-0.74484,-0.63986,-0.41824,0.65971,-1.13892,0.22257,-0.11249,-1.54499,0.59811,1.11106,1.29962,0.34075,0.01827,-0.03913,-0.03287,-0.05789,-0.04516,0.00659,-0.00105,0.00233,0.00094,-0.00475,-0.0133,-0.00879,0.00178,-0.00087,-0.00307,-0.00183
13.16,-0.01038,-0.00823,0.00588,0.04195,0.03862,-0.0257,-0.03647,-0.02336,0.16784,-0.20094,-0.10629,-1e-05,-0.65812,-0.50713,-0.40086,0.51254,-1.08984,0.18085,-0.12789,-1.34017,0.48179,0.97176,0.98896,0.42374,-0.0342,-0.07342,-0.03699,-0.05143,-0.04144,0.00811,-0.00142,0.00168,0.00046,-0.01001,-0.01341,-0.00977,0.00339,-0.00092,-0.00309,-0.00177
13.18,-0.01013,-0.00764,0.00644,0.04089,0.04042,-0.02432,-0.03598,-0.02659,0.16164,-0.1736,-0.11414,-1e-05,-0.56177,-0.37779,-0.37097,0.37847,-1.00319,0.14434,-0.12364,-1.12919,0.37398,0.82767,0.71145,0.49796,-0.08411,-0.10687,-0.03889,-0.04135,-0.03523,0.00895,-0.00168,0.00103,0,-0.01366,-0.01315,-0.01107,0.0041,-0.00092,-0.00306,-0.00168
13.2,-0.00949,-0.00681,0.00644,0.03858,0.03957,-0.0228,-0.03293,-0.0292,0.15464,-0.14363,-0.12023,-1e-05,-0.46055,-0.25615,-0.33115,0.26202,-0.88596,0.1148,-0.10446,-0.92057,0.27715,0.68445,0.47407,0.55642,-0.1269,-0.13738,-0.03892,-0.02877,-0.02707,0.00918,-0.00184,0.00041,-0.00042,-0.01584,-0.01238,-0.01226,0.00396,-0.00084,-0.00302,-0.00157
13.22,-0.00863,-0.00583,0.0059,0.03565,0.0366,-0.02136,-0.02832,-0.03091,0.14689,-0.11277,-0.1251,-1e-05,-0.36007,-0.14657,-0.28476,0.16751,-0.74889,0.0941,-0.07658,-0.72272,0.19311,0.54764,0.28203,0.59184,-0.15814,-0.16276,-0.03765,-0.01515,-0.01772,0.00891,-0.00192,-0.00019,-0.0008,-0.01683,-0.01099,-0.01288,0.00311,-0.00066,-0.003,-0.0015
13.24,-0.0077,-0.00479,0.00486,0.03265,0.03206,-0.02017,-0.02319,-0.03152,0.13841,-0.08254,-0.12924,-1e-05,-0.26502,-0.05207,-0.23488,0.09747,-0.60267,0.08333,-0.04585,-0.54167,0.1225,0.42122,0.13711,0.59921,-0.17475,-0.18131,-0.03563,-0.00182,-0.00792,0.00828,-0.00194,-0.00076,-0.00113,-0.01694,-0.00887,-0.0125,0.00174,-0.00036,-0.00303,-0.00149
13.26,-0.0068,-0.00377,0.00341,0.02999,0.02649,-0.01936,-0.01835,-0.031,0.12921,-0.05403,-0.13293,-1e-05,-0.1783,0.02639,-0.18376,0.05178,-0.45587,0.08221,-0.01662,-0.38007,0.06463,0.30705,0.03689,0.57757,-0.17587,-0.1922,-0.03327,0.01026,0.00173,0.00746,-0.00191,-0.00129,-0.00143,-0.01637,-0.00597,-0.01089,3e-05,6e-05,-0.00315,-0.00157
13.28,-0.00602,-0.00282,0.00168,0.02787,0.02039,-0.01901,-0.01442,-0.0295,0.11936,-0.02807,-0.13614,-1e-05,-0.10151,0.08942,-0.13306,0.02783,-0.31554,0.08904,0.00834,-0.23823,0.01791,0.20564,-0.02447,0.53052,-0.16298,-0.19548,-0.0308,0.02053,0.0107,0.00657,-0.00186,-0.0018,-0.00169,-0.01528,-0.00229,-0.00803,-0.00178,0.0006,-0.00335,-0.00174
13.3,-0.00539,-0.00198,-0.00012,0.02631,0.01422,-0.01915,-0.01185,-0.02736,0.10902,-0.00543,-0.13857,-1e-05,-0.03558,0.13849,-0.08421,0.02123,-0.18822,0.10083,0.02755,-0.11551,-0.01959,0.11702,-0.05507,0.46572,-0.13955,-0.19188,-0.02833,0.02865,0.0185,0.00579,-0.0018,-0.00228,-0.00192,-0.0137,0.00208,-0.00412,-0.00346,0.00123,-0.00363,-0.00198
13.32,-0.00493,-0.00129,-0.00179,0.02527,0.00843,-0.01977,-0.01093,-0.02495,0.09841,0.01323,-0.1397,-1e-05,0.01908,0.17557,-0.03823,0.02646,-0.07959,0.11409,0.0406,-0.01054,-0.04989,0.04078,-0.06408,0.3928,-0.11007,-0.18255,-0.02589,0.03451,0.02471,0.00524,-0.00173,-0.00272,-0.00212,-0.01164,0.00696,0.00052,-0.00478,0.00189,-0.00399,-0.00228
13.34,-0.00464,-0.00075,-0.00317,0.02458,0.00333,-0.02083,-0.01178,-0.02265,0.08767,0.02758,-0.13894,-1e-05,0.06308,0.20308,0.00477,0.03778,0.00679,0.12574,0.04794,0.07911,-0.07506,-0.02449,-0.06061,0.32035,-0.07855,-0.16876,-0.02341,0.03818,0.02904,0.00502,-0.00168,-0.00311,-0.00229,-0.00908,0.01212,0.00546,-0.00555,0.00255,-0.00439,-0.00261
13.36,-0.0045,-0.00038,-0.00417,0.02407,-0.00095,-0.02226,-0.01433,-0.02069,0.0768,0.03775,-0.13577,-1e-05,0.09811,0.22382,0.04572,0.04966,0.07011,0.13379,0.05078,0.15706,-0.09713,-0.08147,-0.05307,0.25398,-0.04774,-0.15177,-0.02086,0.03992,0.03145,0.00519,-0.00163,-0.00345,-0.00242,-0.00604,0.0172,0.01028,-0.00572,0.00316,-0.0048,-0.00293
13.38,-0.00448,-0.00014,-0.00476,0.02354,-0.00441,-0.02395,-0.0183,-0.01923,0.06574,0.04421,-0.12975,-1e-05,0.12674,0.24076,0.08642,0.05685,0.11189,0.13737,0.05102,0.22748,-0.11784,-0.13366,-0.04901,0.19644,-0.01906,-0.13288,-0.01819,0.04014,0.0321,0.00571,-0.00159,-0.00376,-0.00253,-0.00256,0.02172,0.01445,-0.00531,0.00367,-0.00516,-0.0032
13.4,-0.00455,1e-05,-0.005,0.02277,-0.00717,-0.02575,-0.02324,-0.0183,0.05447,0.04776,-0.12053,-0,0.15203,0.25683,0.12909,0.05427,0.13528,0.13663,0.05105,0.29444,-0.13858,-0.18489,-0.05525,0.14823,0.00701,-0.11346,-0.01539,0.03936,0.03133,0.00652,-0.00155,-0.00403,-0.00261,0.00121,0.02508,0.0174,-0.00445,0.00403,-0.0054,-0.00337
13.42,-0.00465,0.00011,-0.00496,0.02154,-0.0094,-0.02748,-0.02856,-0.01788,0.04295,0.04931,-0.10789,-0,0.17726,0.27492,0.17627,0.03701,0.14423,0.13239,0.05309,0.3619,-0.16056,-0.23915,-0.078,0.10804,0.03055,-0.0947,-0.01245,0.0381,0.02951,0.0075,-0.0015,-0.00427,-0.00267,0.00515,0.02661,0.01856,-0.0033,0.00421,-0.00545,-0.0034
13.44,-0.00475,0.00019,-0.00472,0.01966,-0.01133,-0.02901,-0.03372,-0.01791,0.03112,0.04991,-0.09171,-0,0.2057,0.29791,0.23079,0.00044,0.14284,0.12569,0.05829,0.4341,-0.18518,-0.30058,-0.12308,0.07302,0.05172,-0.07699,-0.0093,0.03679,0.02695,0.00854,-0.00141,-0.00446,-0.00269,0.00921,0.02585,0.0175,-0.00204,0.00417,-0.00526,-0.00324
13.46,-0.00482,0.00029,-0.00434,0.01696,-0.01317,-0.03028,-0.03829,-0.01833,0.01884,0.05063,-0.072,-0,0.24039,0.32861,0.2955,-0.05952,0.13486,0.11759,0.06611,0.51552,-0.21426,-0.37326,-0.19583,0.03906,0.07047,-0.05967,-0.00582,0.03563,0.02378,0.00956,-0.00127,-0.0046,-0.00267,0.01347,0.02264,0.01403,-0.0008,0.00389,-0.00478,-0.00288
13.48,-0.00483,0.00041,-0.00384,0.01332,-0.01516,-0.03127,-0.04191,-0.01903,0.00604,0.05255,-0.04912,-0,0.28382,0.3696,0.37281,-0.14606,0.12363,0.1091,0.07405,0.61032,-0.24983,-0.46068,-0.30066,0.00116,0.08625,-0.04106,-0.00182,0.03463,0.01998,0.01049,-0.00106,-0.00465,-0.0026,0.01812,0.01723,0.00828,0.00033,0.00339,-0.00401,-0.00232
13.5,-0.0048,0.00055,-0.00324,0.00874,-0.01749,-0.03203,-0.0443,-0.0199,-0.00725,0.05678,-0.02383,-0,0.33769,0.42295,0.46422,-0.26109,0.11216,0.10122,0.07788,0.72175,-0.29396,-0.56521,-0.44061,-0.04625,0.09792,-0.01872,0.00289,0.0336,0.01542,0.01129,-0.00078,-0.00459,-0.00246,0.02342,0.01018,0.00066,0.00128,0.00271,-0.00299,-0.00158
13.52,-0.0047,0.00069,-0.00252,0.00327,-0.02031,-0.03261,-0.04525,-0.0208,-0.02089,0.06431,0.00273,-0,0.40295,0.4902,0.57031,-0.4055,0.10334,0.09466,0.07249,0.85179,-0.34853,-0.68813,-0.61758,-0.1087,0.10384,0.0101,0.00846,0.03226,0.00993,0.0119,-0.00041,-0.00436,-0.00223,0.02959,0.00229,-0.00822,0.00201,0.00191,-0.00176,-0.00072
13.54,-0.00453,0.00083,-0.00169,-0.00293,-0.02371,-0.03305,-0.04474,-0.0216,-0.03471,0.07589,0.02928,-0,0.47987,0.57232,0.69096,-0.57964,0.10013,0.0894,0.05326,1.0012,-0.4152,-0.82987,-0.83269,-0.19104,0.1022,0.04782,0.01492,0.03034,0.00342,0.01231,4e-05,-0.00396,-0.00191,0.03671,-0.00571,-0.0177,0.0025,0.00105,-0.00039,0.00022
13.56,-0.00427,0.001,-0.00079,-0.00962,-0.02768,-0.03337,-0.04297,-0.02216,-0.04859,0.09193,0.0544,-0,0.56789,0.6694,0.82509,-0.78299,0.10571,0.0845,0.01704,1.16888,-0.49498,-0.98969,-1.08583,-0.2967,0.09121,0.09598,0.0221,0.02764,-0.00402,0.01253,0.00057,-0.00338,-0.0015,0.04461,-0.01322,-0.02714,0.0028,0.00017,0.00107,0.00119
13.58,-0.00391,0.00124,0.00012,-0.01636,-0.03207,-0.03352,-0.04035,-0.02231,-0.06228,0.11228,0.07638,-1e-05,0.66494,0.7799,0.9696,-1.01263,0.12359,0.07796,-0.03732,1.35051,-0.5877,-1.16447,-1.37372,-0.42675,0.06925,0.15475,0.02956,0.02414,-0.01204,0.01259,0.00113,-0.00266,-0.00102,0.05277,-0.01977,-0.03587,0.00295,-0.00067,0.00256,0.00216
13.6,-0.00341,0.00159,0.00093,-0.02255,-0.0366,-0.03344,-0.03757,-0.0219,-0.07539,0.13626,0.09306,-1e-05,0.76697,0.90018,1.11872,-1.26211,0.15751,0.06701,-0.1089,1.5378,-0.69142,-1.34786,-1.68844,-0.5792,0.03494,0.22275,0.03659,0.01992,-0.02,0.01255,0.00168,-0.00188,-0.00052,0.06035,-0.02501,-0.04313,0.00305,-0.00143,0.00401,0.00306
13.62,-0.00276,0.00211,0.00153,-0.02751,-0.04089,-0.03301,-0.03542,-0.0208,-0.08749,0.16284,0.10225,-1e-05,0.86874,1.02519,1.26502,-1.52242,0.21148,0.0487,-0.19486,1.71996,-0.80274,-1.53152,-2.0185,-0.74906,-0.01247,0.29751,0.04236,0.01516,-0.02714,0.01246,0.00216,-0.00111,-5e-05,0.06635,-0.02863,-0.04819,0.00317,-0.00205,0.00532,0.00383
13.64,-0.00191,0.00286,0.0018,-0.03076,-0.04453,-0.03209,-0.03472,-0.01895,-0.09836,0.19111,0.10233,-1e-05,0.96522,1.15001,1.4016,-1.78431,0.2897,0.02085,-0.29097,1.88668,-0.91739,-1.70753,-2.35144,-0.92873,-0.07261,0.3763,0.04619,0.01004,-0.03279,0.01232,0.00251,-0.00044,0.00035,0.06988,-0.03052,-0.05052,0.00338,-0.00252,0.00644,0.00445
13.66,-0.00087,0.00382,0.00167,-0.03214,-0.04717,-0.03054,-0.03618,-0.01645,-0.10817,0.22041,0.09273,-1e-05,1.05231,1.2704,1.5231,-2.03896,0.39622,-0.01724,-0.39148,2.0296,-1.03034,-1.86958,-2.67451,-1.1077,-0.14343,0.45648,0.04768,0.00468,-0.0365,0.01211,0.0027,8e-05,0.00064,0.07039,-0.03072,-0.04994,0.00366,-0.00281,0.00733,0.00487
13.68,0.00037,0.00496,0.00109,-0.03181,-0.04848,-0.02823,-0.04039,-0.01356,-0.1174,0.25016,0.07408,-1e-05,1.12635,1.38206,1.62504,-2.27624,0.53415,-0.06427,-0.48842,2.14161,-1.13492,-2.0119,-2.97238,-1.27108,-0.22055,0.53496,0.04679,-0.00078,-0.03809,0.01171,0.00269,0.00042,0.00081,0.06771,-0.02949,-0.04664,0.00395,-0.00294,0.00795,0.00511
13.7,0.00178,0.00619,6e-05,-0.03022,-0.04817,-0.02504,-0.04778,-0.01069,-0.12676,0.27971,0.04818,-1e-05,1.18343,1.47984,1.70283,-2.48322,0.70469,-0.117,-0.57134,2.21575,-1.22238,-2.1282,-3.22547,-1.39934,-0.29715,0.60772,0.04377,-0.00621,-0.03756,0.01099,0.00249,0.00058,0.00085,0.062,-0.02724,-0.04116,0.00411,-0.00296,0.00832,0.00516
13.72,0.00333,0.0074,-0.0014,-0.02799,-0.04608,-0.0209,-0.05847,-0.00829,-0.13691,0.30825,0.01756,-1e-05,1.21975,1.55816,1.75193,-2.64583,0.90606,-0.17091,-0.6294,2.2459,-1.28349,-2.21217,-3.41295,-1.4726,-0.36549,0.67032,0.03912,-0.01142,-0.03505,0.00978,0.0021,0.00057,0.00077,0.05375,-0.02446,-0.0342,0.00398,-0.00288,0.00843,0.00504
13.74,0.00496,0.0085,-0.00325,-0.02568,-0.04239,-0.01586,-0.07204,-0.00668,-0.14824,0.33506,-0.01503,-1e-05,1.23244,1.61245,1.76866,-2.75272,1.13233,-0.2215,-0.65495,2.22847,-1.31142,-2.25912,-3.51896,-1.47773,-0.41952,0.719,0.03352,-0.0162,-0.03082,0.00797,0.00156,0.00042,0.0006,0.04374,-0.02154,-0.02648,0.00342,-0.00276,0.0083,0.00479
13.76,0.00664,0.00943,-0.0054,-0.0237,-0.03778,-0.01014,-0.0873,-0.00595,-0.16063,0.35946,-0.04693,-1e-05,1.22024,1.63983,1.75086,-2.7976,1.37178,-0.26503,-0.64587,2.16381,-1.30374,-2.26708,-3.53668,-1.41348,-0.45644,0.75131,0.02784,-0.02034,-0.02521,0.00551,0.00093,0.00017,0.00036,0.03305,-0.01872,-0.01861,0.00234,-0.0026,0.00797,0.00443
13.78,0.00834,0.01018,-0.00773,-0.0223,-0.03346,-0.00416,-0.10215,-0.00592,-0.17334,0.38068,-0.07538,-1e-05,1.18363,1.6391,1.698,-2.77938,1.60465,-0.29824,-0.60623,2.05685,-1.26289,-2.23686,-3.46894,-1.29201,-0.47682,0.76599,0.02315,-0.02353,-0.0187,0.00248,0.0003,-0.0001,0.0001,0.02315,-0.01609,-0.01109,0.00072,-0.0024,0.00748,0.00399
13.8,0.01001,0.01074,-0.01005,-0.02159,-0.03113,0.00145,-0.11364,-0.00621,-0.18494,0.39764,-0.09737,-1e-05,1.1247,1.61023,1.61116,-2.70097,1.80303,-0.31827,-0.54544,1.91687,-1.1955,-2.17155,-3.32662,-1.13762,-0.48393,0.76256,0.0207,-0.02542,-0.01188,-0.00093,-0.0002,-0.00029,-0.0001,0.0159,-0.01362,-0.00443,-0.00138,-0.00216,0.0069,0.00353
13.82,0.01159,0.01114,-0.01217,-0.02154,-0.03254,0.00597,-0.11865,-0.00632,-0.19367,0.40912,-0.11,-1e-05,1.04649,1.5537,1.49264,-2.56723,1.9369,-0.32313,-0.47532,1.75509,-1.11015,-2.07514,-3.12429,-0.98096,-0.4827,0.74092,0.02168,-0.02568,-0.00544,-0.00448,-0.00045,-0.00033,-0.00019,0.01313,-0.01119,0.00095,-0.00387,-0.00185,0.00628,0.00309
13.84,0.01302,0.01141,-0.01392,-0.02209,-0.03888,0.00887,-0.11496,-0.00586,-0.19793,0.41399,-0.11116,-1e-05,0.95212,1.46984,1.34555,-2.38235,1.98426,-0.31291,-0.40595,1.58121,-1.01431,-1.95085,-2.87434,-0.8505,-0.47845,0.70105,0.02679,-0.02411,0.00011,-0.00796,-0.00034,-0.00013,-0.00011,0.01602,-0.00875,0.00476,-0.00663,-0.00145,0.00569,0.00271
13.86,0.0143,0.01157,-0.01523,-0.02309,-0.05031,0.00997,-0.10202,-0.00468,-0.19667,0.41141,-0.10003,-1e-05,0.84454,1.35872,1.17411,-2.14887,1.93805,-0.29056,-0.34309,1.4016,-0.91247,-1.80046,-2.58387,-0.76708,-0.47591,0.643,0.03592,-0.02085,0.00442,-0.01121,0.00013,0.00033,0.00016,0.02463,-0.00628,0.0069,-0.00958,-0.00098,0.00514,0.00239
13.88,0.01542,0.01164,-0.01609,-0.02437,-0.06575,0.00947,-0.08125,-0.00286,-0.18941,0.40094,-0.07727,-1e-05,0.72727,1.22083,0.98489,-1.86895,1.80809,-0.26228,-0.28793,1.22012,-0.80644,-1.62512,-2.25597,-0.74329,-0.47916,0.56721,0.04807,-0.01634,0.00738,-0.01417,0.00093,0.00101,0.00059,0.03776,-0.0039,0.00749,-0.01258,-0.00044,0.00464,0.00212
13.9,0.01639,0.01163,-0.01655,-0.02569,-0.08302,0.00785,-0.05581,-0.00075,-0.17625,0.38242,-0.04486,-1e-05,0.6049,1.05776,0.78751,-1.54584,1.61901,-0.23706,-0.23807,1.03953,-0.69625,-1.4264,-1.89183,-0.78432,-0.49139,0.4749,0.06133,-0.01134,0.00901,-0.01679,0.00193,0.00186,0.00116,0.05305,-0.00184,0.00678,-0.0155,0.00011,0.00417,0.0019
13.92,0.01719,0.01154,-0.01669,-0.02682,-0.09935,0.0058,-0.02978,0.00118,-0.15766,0.35587,-0.00558,-1e-05,0.48229,0.87181,0.59246,-1.18323,1.40263,-0.22448,-0.1893,0.86158,-0.5806,-1.20616,-1.49106,-0.88792,-0.51432,0.36819,0.07346,-0.0067,0.00945,-0.01904,0.00296,0.00277,0.00178,0.06761,-0.00037,0.0051,-0.01816,0.00064,0.0037,0.0017
13.94,0.01782,0.01136,-0.01658,-0.02757,-0.11235,0.00392,-0.00676,0.00249,-0.13433,0.32133,0.03791,-1e-05,0.36288,0.66513,0.40731,-0.78339,1.18689,-0.23148,-0.13773,0.68627,-0.45711,-0.96574,-1.05092,-1.0437,-0.54724,0.24997,0.08255,-0.00312,0.00893,-0.02093,0.0039,0.00364,0.0024,0.07896,0.00033,0.00281,-0.02043,0.00109,0.0032,0.00148
13.96,0.01825,0.01108,-0.01628,-0.02783,-0.12056,0.00264,0.01086,0.00288,-0.10711,0.27887,0.08344,-1e-05,0.2479,0.43977,0.23462,-0.34741,0.98908,-0.26003,-0.08152,0.51197,-0.32288,-0.70629,-0.56742,-1.23201,-0.58618,0.12428,0.08755,-0.0009,0.00774,-0.02248,0.00463,0.00442,0.00296,0.0856,0.00021,0.00023,-0.02221,0.00144,0.00266,0.00122
13.98,0.01842,0.01067,-0.01578,-0.02759,-0.12351,0.00217,0.02207,0.0022,-0.07717,0.22887,0.12915,-1e-05,0.13708,0.1994,0.07277,0.12164,0.81556,-0.30635,-0.02171,0.33674,-0.17565,-0.4307,-0.03896,-1.42224,-0.62345,-0.00263,0.08831,5e-05,0.00626,-0.02371,0.00513,0.00508,0.00343,0.08718,-0.00055,-0.00234,-0.02346,0.0017,0.00206,0.00091
14,0.01827,0.01012,-0.0151,-0.02694,-0.12159,0.00254,0.02694,0.00045,-0.04616,0.17229,0.17316,-1e-05,0.02961,-0.04942,-0.08226,0.61597,0.66421,-0.36148,0.03773,0.15966,-0.01472,-0.14526,0.53032,-1.57359,-0.64796,-0.12192,0.08546,0.00018,0.00492,-0.02464,0.00539,0.00559,0.00379,0.08425,-0.00166,-0.00461,-0.02412,0.00188,0.00139,0.00054
14.02,0.01772,0.0094,-0.0142,-0.02596,-0.11567,0.00363,0.02625,-0.00227,-0.01586,0.11041,0.2137,-1e-05,-0.07538,-0.2984,-0.23527,1.12449,0.52769,-0.41387,0.09132,-0.01893,0.15898,0.14144,1.13145,-1.6428,-0.64743,-0.22394,0.08005,7e-05,0.00412,-0.02528,0.00543,0.00595,0.00402,0.07794,-0.00275,-0.00632,-0.02417,0.00201,0.00066,0.00012
14.04,0.01673,0.00851,-0.01305,-0.02472,-0.10674,0.00527,0.02113,-0.00579,0.0123,0.04435,0.2495,-1e-05,-0.17878,-0.54031,-0.39024,1.63686,0.39707,-0.45317,0.13434,-0.19804,0.34351,0.42119,1.754,-1.59645,-0.61193,-0.30147,0.07314,0.00027,0.00417,-0.02561,0.0053,0.00618,0.00412,0.06942,-0.00349,-0.0073,-0.02362,0.00212,-0.00011,-0.00035
14.06,0.01528,0.00744,-0.01162,-0.02323,-0.09564,0.00729,0.01277,-0.0099,0.03756,-0.02502,0.27995,-1e-05,-0.28109,-0.77009,-0.54877,2.14461,0.26483,-0.4728,0.16428,-0.37579,0.53563,0.68715,2.38622,-1.41986,-0.53647,-0.35181,0.06547,0.00106,0.00515,-0.02566,0.00501,0.00627,0.00408,0.05961,-0.0037,-0.00752,-0.02249,0.00221,-0.00091,-0.00086
14.08,0.01344,0.0062,-0.00992,-0.0214,-0.08304,0.00948,0.00243,-0.01429,0.05967,-0.09662,0.30492,-1e-05,-0.38157,-0.98331,-0.70851,2.63754,0.12653,-0.47037,0.18099,-0.54801,0.72929,0.93201,3.01039,-1.12022,-0.42209,-0.37684,0.05748,0.00249,0.00692,-0.02541,0.00462,0.00625,0.00393,0.0492,-0.00335,-0.00705,-0.02084,0.00229,-0.00172,-0.00138
14.1,0.01132,0.00485,-0.00795,-0.01909,-0.06959,0.0116,-0.00853,-0.01861,0.0787,-0.16872,0.32446,-1e-05,-0.4776,-1.17459,-0.8625,3.10046,-0.01834,-0.44712,0.18612,-0.70728,0.91474,1.14628,3.59932,-0.72533,-0.27579,-0.38198,0.04938,0.00434,0.00913,-0.02489,0.00414,0.00611,0.0037,0.03867,-0.00256,-0.00607,-0.01879,0.00236,-0.00251,-0.0019
14.12,0.00908,0.00344,-0.00576,-0.01617,-0.05582,0.01343,-0.01883,-0.02244,0.09485,-0.23918,0.33867,-1e-05,-0.56531,-1.3379,-1.0011,3.51533,-0.16715,-0.4068,0.18234,-0.84429,1.08027,1.31968,4.12106,-0.27543,-0.10855,-0.37442,0.0412,0.00626,0.01134,-0.02408,0.0036,0.00589,0.00343,0.02835,-0.00152,-0.00484,-0.01646,0.0024,-0.00326,-0.00238
14.14,0.00685,0.00204,-0.00339,-0.01255,-0.04209,0.0148,-0.02746,-0.02542,0.10842,-0.30618,0.34773,-1e-05,-0.64101,-1.4683,-1.11573,3.86683,-0.31571,-0.35411,0.17225,-0.95076,1.21588,1.44445,4.54894,0.18906,0.06771,-0.36068,0.03288,0.00794,0.01315,-0.02296,0.00303,0.0056,0.00314,0.01843,-0.00039,-0.00357,-0.01394,0.00241,-0.00392,-0.00279
14.16,0.0047,0.00067,-0.00087,-0.00826,-0.02861,0.01563,-0.03384,-0.02734,0.11969,-0.36847,0.35192,-1e-05,-0.70189,-1.56287,-1.20099,4.14535,-0.45894,-0.29392,0.15779,-1.02119,1.31528,1.51745,4.8673,0.63426,0.24159,-0.34505,0.02436,0.00923,0.0143,-0.02147,0.00244,0.00526,0.00286,0.00895,0.00071,-0.00245,-0.01126,0.00236,-0.00449,-0.00313
14.18,0.00266,-0.00063,0.00177,-0.00348,-0.01551,0.01593,-0.03778,-0.02808,0.12885,-0.42495,0.35147,-1e-05,-0.74575,-1.61999,-1.25451,4.34524,-0.58994,-0.23146,0.14011,-1.0526,1.37557,1.53987,5.07013,1.03117,0.40129,-0.32933,0.01562,0.01016,0.01472,-0.01957,0.00185,0.00492,0.00262,-7e-05,0.00176,-0.00155,-0.00841,0.00225,-0.00496,-0.00337
14.2,0.00071,-0.00182,0.00446,0.00145,-0.00295,0.01581,-0.03943,-0.02762,0.13588,-0.47424,0.34662,-1e-05,-0.77051,-1.63858,-1.27604,4.46253,-0.69937,-0.17253,0.11977,-1.04384,1.39623,1.51619,5.15776,1.35278,0.53373,-0.31316,0.00679,0.01087,0.01446,-0.01719,0.00126,0.00461,0.00243,-0.00862,0.00276,-0.00092,-0.00538,0.00208,-0.00533,-0.00353
14.22,-0.00114,-0.00287,0.00711,0.00611,0.00889,0.01537,-0.03911,-0.026,0.14062,-0.5149,0.33756,-1e-05,-0.77453,-1.61817,-1.2667,4.4947,-0.77732,-0.12274,0.09694,-0.99533,1.37831,1.45277,5.13468,1.57612,0.62639,-0.29484,-0.00194,0.0116,0.01365,-0.01427,0.00069,0.00439,0.0023,-0.01663,0.00381,-0.00057,-0.00215,0.00184,-0.0056,-0.0036
14.24,-0.00293,-0.00376,0.00967,0.01013,0.01988,0.01475,-0.03731,-0.02332,0.14294,-0.54599,0.32452,-1e-05,-0.75738,-1.55968,-1.22859,4.44229,-0.81682,-0.08598,0.07174,-0.9093,1.32416,1.35638,5.00855,1.68778,0.67091,-0.27251,-0.01038,0.01252,0.01241,-0.01078,0.00014,0.00429,0.00225,-0.02404,0.00499,-0.00044,0.00132,0.00155,-0.00577,-0.00359
14.26,-0.00469,-0.00448,0.0121,0.0133,0.02993,0.01402,-0.03453,-0.01969,0.1428,-0.56742,0.30785,-1e-05,-0.7205,-1.46621,-1.16472,4.31033,-0.81623,-0.06351,0.04446,-0.79024,1.2374,1.23365,4.79026,1.6876,0.66557,-0.24499,-0.01837,0.01372,0.01083,-0.00669,-0.00038,0.00433,0.00227,-0.0308,0.00643,-0.00044,0.00504,0.0012,-0.00586,-0.00353
14.28,-0.00644,-0.00505,0.01437,0.01556,0.03896,0.01322,-0.03134,-0.01533,0.1403,-0.57987,0.28818,-1e-05,-0.66759,-1.34388,-1.07929,4.10941,-0.77967,-0.05398,0.01592,-0.6459,1.12351,1.09177,4.49518,1.58919,0.61573,-0.21226,-0.02578,0.01512,0.00891,-0.00208,-0.00087,0.00447,0.00235,-0.03681,0.00826,-0.00047,0.00896,0.00083,-0.00591,-0.00343
14.3,-0.00815,-0.00548,0.01643,0.01694,0.04679,0.01236,-0.02833,-0.01048,0.13565,-0.58445,0.26644,-1e-05,-0.60451,-1.20192,-0.97796,3.85561,-0.71627,-0.05388,-0.01252,-0.48751,0.99002,0.93903,4.1437,1.41799,0.53292,-0.17544,-0.03239,0.01651,0.00664,0.00292,-0.00134,0.00469,0.00246,-0.04189,0.0106,-0.00034,0.01301,0.00047,-0.00592,-0.00332
14.32,-0.0098,-0.0058,0.01824,0.01755,0.05321,0.01144,-0.0261,-0.00546,0.1291,-0.58238,0.24369,-1e-05,-0.53802,-1.05089,-0.86695,3.56731,-0.63756,-0.05875,-0.03919,-0.32796,0.84551,0.78399,3.75812,1.20506,0.43156,-0.13628,-0.03797,0.01761,0.00398,0.0081,-0.00179,0.00493,0.00259,-0.0458,0.01352,8e-05,0.01701,0.00015,-0.00595,-0.00323
14.34,-0.01134,-0.006,0.01972,0.01755,0.05805,0.01044,-0.02505,-0.00052,0.12084,-0.57453,0.22073,-1e-05,-0.47391,-0.89979,-0.75166,3.26024,-0.55385,-0.06461,-0.06283,-0.17858,0.69764,0.63364,3.35735,0.97852,0.3245,-0.09625,-0.04235,0.01808,0.00091,0.0132,-0.0022,0.00513,0.0027,-0.0484,0.01702,0.00096,0.0208,-0.0001,-0.006,-0.0032
14.36,-0.01269,-0.00612,0.02081,0.01709,0.06129,0.00938,-0.02533,0.0042,0.11102,-0.56121,0.19796,-1e-05,-0.4159,-0.75452,-0.63605,2.9452,-0.47213,-0.06904,-0.08285,-0.04744,0.55241,0.49263,2.95474,0.75853,0.22027,-0.05609,-0.04548,0.01765,-0.00254,0.01798,-0.00257,0.00528,0.00278,-0.04969,0.02099,0.00236,0.02417,-0.00025,-0.0061,-0.00322
14.38,-0.01378,-0.00615,0.02143,0.01636,0.06299,0.00829,-0.02685,0.00859,0.09976,-0.54218,0.17549,-1e-05,-0.36582,-0.61868,-0.52339,2.62976,-0.39602,-0.07135,-0.09935,0.06006,0.41503,0.36419,2.56048,0.55762,0.12319,-0.01592,-0.04742,0.01606,-0.00624,0.02211,-0.00289,0.00536,0.00283,-0.04982,0.02515,0.00432,0.02692,-0.00028,-0.00624,-0.00329
14.4,-0.01448,-0.0061,0.02148,0.01556,0.06332,0.00724,-0.02922,0.01261,0.08727,-0.51678,0.1533,-1e-05,-0.32421,-0.49471,-0.41707,2.3206,-0.32672,-0.07236,-0.1128,0.14004,0.29091,0.25122,2.18444,0.38281,0.03454,0.02427,-0.04829,0.01313,-0.00998,0.0252,-0.00313,0.00538,0.00284,-0.04904,0.02908,0.00677,0.02876,-0.0002,-0.00641,-0.00339
14.42,-0.01465,-0.00596,0.02085,0.01486,0.06245,0.00632,-0.03189,0.01621,0.07377,-0.48413,0.13132,-1e-05,-0.29079,-0.38423,-0.3204,2.0233,-0.26376,-0.07363,-0.12382,0.18989,0.18503,0.15629,1.8355,0.23714,-0.04584,0.06421,-0.04828,0.00875,-0.01347,0.02686,-0.00326,0.00536,0.00282,-0.04771,0.03228,0.00961,0.02939,-0,-0.00659,-0.00349
14.44,-0.01417,-0.00571,0.01944,0.0144,0.06062,0.0056,-0.0342,0.0194,0.05947,-0.44332,0.10936,-1e-05,-0.26491,-0.28775,-0.23577,1.74048,-0.20581,-0.0764,-0.13286,0.20868,0.10045,0.08095,1.51847,0.12083,-0.11789,0.10284,-0.04766,0.00296,-0.0164,0.02673,-0.00325,0.00529,0.00278,-0.04625,0.03432,0.01272,0.02858,0.00031,-0.00675,-0.00357
14.46,-0.01295,-0.00532,0.01718,0.01424,0.05806,0.00516,-0.03545,0.02221,0.04453,-0.39376,0.0871,-1e-05,-0.24585,-0.20473,-0.16428,1.47152,-0.15136,-0.08087,-0.14001,0.19742,0.03739,0.0254,1.23296,0.03229,-0.17987,0.13786,-0.04676,-0.00398,-0.01846,0.02466,-0.00308,0.00518,0.00269,-0.0451,0.03496,0.01598,0.02619,0.00073,-0.00684,-0.00359
14.48,-0.01092,-0.00477,0.01407,0.01435,0.05505,0.00504,-0.03492,0.02473,0.0292,-0.33558,0.06435,-1e-05,-0.23312,-0.13432,-0.10629,1.21449,-0.09935,-0.08591,-0.14484,0.1591,-0.00642,-0.01107,0.97538,-0.0308,-0.22751,0.16535,-0.04597,-0.01156,-0.01933,0.02064,-0.00274,0.00501,0.00257,-0.04471,0.0341,0.01924,0.02223,0.00124,-0.00684,-0.00354
14.5,-0.0081,-0.00401,0.01019,0.01464,0.05192,0.00526,-0.03182,0.02702,0.01391,-0.26986,0.04113,-1e-05,-0.22648,-0.07593,-0.0619,0.9682,-0.04946,-0.08928,-0.14641,0.0985,-0.03494,-0.02963,0.74135,-0.07075,-0.25406,0.17984,-0.04577,-0.01895,-0.01871,0.01485,-0.00221,0.00475,0.00238,-0.04558,0.03184,0.02231,0.01685,0.00183,-0.00667,-0.00341
14.52,-0.00453,-0.00301,0.00564,0.01498,0.04902,0.00583,-0.02546,0.02914,-0.00088,-0.19828,0.01762,-1e-05,-0.2257,-0.0291,-0.03092,0.73199,-0.00175,-0.08832,-0.14342,0.02153,-0.05283,-0.03186,0.52616,-0.08982,-0.25232,0.1758,-0.04662,-0.0252,-0.01629,0.00761,-0.00152,0.00435,0.00211,-0.04815,0.02841,0.025,0.01029,0.00248,-0.00629,-0.00318
14.54,-0.0003,-0.00179,0.00059,0.01522,0.04667,0.00675,-0.01539,0.03114,-0.01484,-0.12226,-0.00599,-1e-05,-0.22987,0.00727,-0.01226,0.50411,0.04425,-0.08104,-0.13448,-0.06579,-0.06441,-0.02017,0.32417,-0.09068,-0.218,0.14988,-0.04883,-0.02949,-0.01185,-0.00075,-0.00068,0.00378,0.00176,-0.05268,0.02409,0.02718,0.00281,0.00314,-0.00567,-0.00285
14.56,0.00442,-0.00038,-0.00477,0.01525,0.04512,0.00796,-0.00152,0.03308,-0.02792,-0.04273,-0.02959,-1e-05,-0.23705,0.03532,-0.00356,0.28136,0.08991,-0.06692,-0.11836,-0.15755,-0.07296,0.00194,0.12886,-0.07682,-0.15222,0.10276,-0.05248,-0.03126,-0.00536,-0.00983,0.00028,0.00303,0.00131,-0.05917,0.01926,0.02881,-0.0053,0.00381,-0.00482,-0.00243
14.58,0.00938,0.00111,-0.0102,0.01496,0.04459,0.00939,0.01569,0.03498,-0.04026,0.03937,-0.05299,-1e-05,-0.24403,0.05809,-0.00119,0.06063,0.13734,-0.04716,-0.09413,-0.24745,-0.0804,0.0296,-0.06559,-0.05272,-0.06259,0.0398,-0.05733,-0.03024,0.00302,-0.01921,0.0013,0.0021,0.00076,-0.06725,0.01439,0.02996,-0.0137,0.00445,-0.00379,-0.00195
14.6,0.0142,0.0025,-0.01532,0.01427,0.04524,0.01089,0.03526,0.03684,-0.05208,0.12253,-0.07572,-1e-05,-0.24654,0.07912,-0.0006,-0.1594,0.18875,-0.02454,-0.06131,-0.32829,-0.08738,0.05675,-0.2629,-0.02366,0.03738,-0.02931,-0.0629,-0.02642,0.01287,-0.02828,0.00228,0.00099,0.00013,-0.07622,0.01007,0.03074,-0.02194,0.00503,-0.00268,-0.00144
14.62,0.01845,0.0036,-0.01974,0.01314,0.04721,0.01231,0.05585,0.0386,-0.06359,0.20477,-0.09712,-1e-05,-0.24005,0.10201,0.00288,-0.37849,0.24544,-0.00249,-0.02003,-0.39281,-0.09379,0.07712,-0.46481,0.00506,0.13161,-0.09302,-0.06854,-0.02002,0.02361,-0.0364,0.00312,-0.00024,-0.00055,-0.08519,0.00688,0.0313,-0.02949,0.00551,-0.0016,-0.00096
14.64,0.02173,0.00424,-0.02309,0.01156,0.05055,0.01353,0.07617,0.04021,-0.07499,0.28412,-0.11647,-1e-05,-0.22091,0.12973,0.01282,-0.59621,0.30654,0.01628,0.02877,-0.43545,-0.0995,0.08581,-0.67229,0.02935,0.2067,-0.14172,-0.07364,-0.01146,0.03455,-0.04301,0.00374,-0.00154,-0.00125,-0.09332,0.00523,0.03173,-0.03588,0.00584,-0.00065,-0.00054
14.66,0.02377,0.00431,-0.02514,0.00956,0.05521,0.01446,0.09516,0.04157,-0.08636,0.35881,-0.1331,-1e-05,-0.18732,0.16419,0.03093,-0.8121,0.36797,0.03072,0.08304,-0.45338,-0.10489,0.08036,-0.88562,0.04706,0.25528,-0.17021,-0.07779,-0.00132,0.045,-0.04766,0.00408,-0.00285,-0.00194,-0.1,0.00524,0.032,-0.04076,0.00599,0.00012,-0.00019
14.68,0.02443,0.00377,-0.02577,0.00725,0.06104,0.01506,0.11188,0.04255,-0.09759,0.42661,-0.14626,-1e-05,-0.13972,0.20583,0.05665,-1.02414,0.42162,0.0415,0.13909,-0.44658,-0.11094,0.06101,-1.10285,0.05801,0.27643,-0.17806,-0.08071,0.00952,0.05415,-0.05007,0.00414,-0.00409,-0.00258,-0.10479,0.0067,0.03199,-0.04381,0.00593,0.00069,8e-05
14.7,0.02362,0.00265,-0.02492,0.00481,0.06772,0.01533,0.1254,0.04298,-0.10834,0.48445,-0.15502,-1e-05,-0.08084,0.2535,0.08731,-1.22737,0.45568,0.05071,0.19153,-0.41742,-0.11908,0.03043,-1.31849,0.06367,0.2746,-0.16886,-0.08227,0.0199,0.06105,-0.05003,0.00391,-0.00514,-0.00311,-0.10742,0.00912,0.03147,-0.04479,0.00563,0.00108,0.00028
14.72,0.02135,0.00101,-0.02264,0.00244,0.07484,0.01529,0.13484,0.04269,-0.11807,0.52893,-0.15839,-1e-05,-0.01488,0.30488,0.11903,-1.41472,0.45758,0.06099,0.23437,-0.36975,-0.1308,-0.00722,-1.52452,0.06624,0.2572,-0.14848,-0.08245,0.02858,0.06474,-0.04742,0.00343,-0.00591,-0.00348,-0.10774,0.01188,0.03016,-0.04349,0.00507,0.00134,0.00044
14.74,0.01772,-0.00103,-0.01902,0.00031,0.08209,0.01499,0.13962,0.04153,-0.12628,0.55746,-0.15566,-1e-05,0.05368,0.35724,0.14801,-1.57946,0.41857,0.0744,0.26287,-0.30799,-0.14711,-0.04768,-1.71292,0.06762,0.23151,-0.12277,-0.08135,0.0346,0.06455,-0.04224,0.00274,-0.00629,-0.00365,-0.1058,0.01438,0.02785,-0.03983,0.00425,0.00151,0.00057
14.76,0.01289,-0.00338,-0.01423,-0.00152,0.08923,0.01447,0.13954,0.03943,-0.1326,0.56901,-0.14665,-1e-05,0.12068,0.40771,0.17135,-1.71633,0.33711,0.09159,0.27476,-0.2366,-0.16811,-0.08737,-1.87679,0.06858,0.20265,-0.09608,-0.07924,0.03748,0.06025,-0.03467,0.00187,-0.00625,-0.00359,-0.10191,0.0162,0.02442,-0.03392,0.00317,0.00163,0.0007
14.78,0.00716,-0.00588,-0.00856,-0.00306,0.09611,0.01381,0.13488,0.03641,-0.13675,0.56416,-0.13177,-1e-05,0.18192,0.45304,0.18714,-1.82065,0.22027,0.11145,0.2704,-0.16049,-0.19268,-0.12332,-2.00933,0.06862,0.17328,-0.07105,-0.07654,0.03726,0.05218,-0.02513,0.00088,-0.00583,-0.00333,-0.09664,0.0171,0.01992,-0.02609,0.00189,0.00174,0.00084
14.8,0.00099,-0.00834,-0.00243,-0.0044,0.10261,0.0131,0.12626,0.03258,-0.1385,0.54481,-0.11202,-1e-05,0.23285,0.48931,0.19413,-1.88742,0.08308,0.13125,0.25243,-0.08539,-0.21853,-0.15289,-2.10279,0.06604,0.14397,-0.04896,-0.07382,0.03442,0.04116,-0.01429,-0.00017,-0.00508,-0.00289,-0.09083,0.01698,0.01456,-0.01693,0.00048,0.00186,0.00099
14.82,-0.00514,-0.01057,0.00369,-0.00564,0.1086,0.01243,0.11457,0.02812,-0.13769,0.51356,-0.0888,-1e-05,0.2691,0.51257,0.19178,-1.9119,-0.05543,0.14746,0.22477,-0.01706,-0.24269,-0.17393,-2.14939,0.05844,0.11392,-0.0301,-0.07167,0.02969,0.02831,-0.00296,-0.00122,-0.00412,-0.00233,-0.08539,0.01587,0.00864,-0.00714,-0.00097,0.00201,0.00117
14.84,-0.01075,-0.0124,0.00939,-0.0069,0.11397,0.01188,0.10071,0.0232,-0.13427,0.47304,-0.06346,-1e-05,0.28772,0.51992,0.18023,-1.89133,-0.17831,0.15712,0.19139,0.04001,-0.2623,-0.18526,-2.14378,0.04347,0.08179,-0.0142,-0.07056,0.02381,0.01465,0.0081,-0.00221,-0.00302,-0.00169,-0.08108,0.01386,0.00243,0.00259,-0.00236,0.0022,0.00137
14.86,-0.01553,-0.01373,0.01438,-0.0083,0.11863,0.01152,0.08561,0.01796,-0.12838,0.4256,-0.03724,-1e-05,0.28806,0.51035,0.16046,-1.82637,-0.27453,0.15871,0.15563,0.0834,-0.27512,-0.18699,-2.08477,0.0193,0.04646,-0.00077,-0.07069,0.01738,0.001,0.01828,-0.00307,-0.00187,-0.00101,-0.07834,0.01105,-0.00388,0.01172,-0.00365,0.00245,0.0016
14.88,-0.01927,-0.01454,0.01849,-0.00991,0.12244,0.01138,0.07021,0.01256,-0.12037,0.37351,-0.01134,-1e-05,0.27185,0.48492,0.13442,-1.72173,-0.33908,0.15235,0.12021,0.1126,-0.27958,-0.18052,-1.97605,-0.015,0.00745,0.01067,-0.07199,0.01088,-0.01201,0.02706,-0.00378,-0.00071,-0.00032,-0.07725,0.00763,-0.01013,0.01975,-0.00478,0.00275,0.00184
14.9,-0.0218,-0.01485,0.02158,-0.01177,0.12523,0.01149,0.05564,0.0072,-0.11083,0.31927,0.01287,-1e-05,0.24294,0.4466,0.10499,-1.58602,-0.3718,0.1396,0.0875,0.12845,-0.27462,-0.16834,-1.82596,-0.05926,-0.03481,0.02051,-0.07411,0.00469,-0.02383,0.03396,-0.00427,0.00042,0.00036,-0.0776,0.00381,-0.01619,0.02623,-0.00572,0.00311,0.0021
14.92,-0.02305,-0.01471,0.02359,-0.01389,0.12677,0.01185,0.04298,0.00207,-0.10048,0.26542,0.03402,-1e-05,0.20625,0.39931,0.07542,-1.42985,-0.37581,0.12289,0.05946,0.1326,-0.25979,-0.15325,-1.64539,-0.11184,-0.07884,0.02895,-0.07655,-0.00082,-0.03396,0.03856,-0.00452,0.00149,0.00099,-0.07896,-0.00012,-0.02191,0.03076,-0.00647,0.00352,0.00237
14.94,-0.02301,-0.01418,0.02451,-0.01624,0.12682,0.01244,0.033,-0.00266,-0.08996,0.21408,0.05113,-1e-05,0.16649,0.34677,0.04842,-1.26288,-0.35591,0.10467,0.03728,0.12692,-0.23535,-0.13738,-1.44482,-0.16913,-0.12205,0.03593,-0.07875,-0.00532,-0.042,0.04063,-0.00452,0.00243,0.00156,-0.08081,-0.00388,-0.02713,0.03308,-0.00699,0.00396,0.00263
14.96,-0.02177,-0.01333,0.0244,-0.01877,0.12521,0.01322,0.02599,-0.00691,-0.07972,0.16676,0.06377,-1e-05,0.12732,0.29179,0.02562,-1.09242,-0.31762,0.08695,0.02125,0.11322,-0.20258,-0.12151,-1.23295,-0.22504,-0.16059,0.04111,-0.08017,-0.00851,-0.04769,0.0402,-0.00429,0.0032,0.00201,-0.0826,-0.0072,-0.03173,0.0332,-0.00728,0.00438,0.00285
14.98,-0.01956,-0.0122,0.02341,-0.0214,0.1218,0.01411,0.02178,-0.01065,-0.07013,0.12469,0.07203,-0,0.09148,0.23652,0.00764,-0.92436,-0.26718,0.07129,0.01085,0.09316,-0.16402,-0.10504,-1.01792,-0.27039,-0.18895,0.04382,-0.08031,-0.01004,-0.05084,0.03758,-0.00391,0.00371,0.0023,-0.08371,-0.0098,-0.03552,0.03134,-0.00736,0.00474,0.00302
15,-0.01668,-0.01089,0.02174,-0.02399,0.11651,0.01498,0.01981,-0.01385,-0.06152,0.08917,0.07636,-0,0.06108,0.18286,-0.0057,-0.76436,-0.21147,0.05893,0.00501,0.06843,-0.12346,-0.08627,-0.80866,-0.2933,-0.20016,0.04306,-0.07869,-0.00955,-0.05127,0.03335,-0.00348,0.00385,0.00235,-0.08352,-0.01136,-0.03826,0.02797,-0.00724,0.00497,0.0031
15.02,-0.0135,-0.00946,0.01961,-0.02639,0.10931,0.01572,0.01935,-0.01651,-0.05411,0.06148,0.07745,-0,0.03773,0.13252,-0.01508,-0.61774,-0.15709,0.05074,0.00231,0.04082,-0.08519,-0.0633,-0.61415,-0.28211,-0.18766,0.03787,-0.07487,-0.00672,-0.04893,0.02817,-0.00315,0.0035,0.00211,-0.08141,-0.01155,-0.03972,0.02361,-0.00692,0.00499,0.00305
15.04,-0.01032,-0.00796,0.01723,-0.02855,0.10021,0.01624,0.01964,-0.01868,-0.04799,0.04246,0.07612,-0,0.02241,0.08681,-0.02149,-0.48845,-0.10882,0.04709,0.00136,0.01239,-0.05266,-0.03503,-0.44138,-0.23009,-0.1482,0.02778,-0.06851,-0.00146,-0.04395,0.02266,-0.00303,0.00258,0.00151,-0.07688,-0.01008,-0.03972,0.01876,-0.00644,0.00473,0.00284
15.06,-0.00738,-0.00644,0.01473,-0.03055,0.08926,0.01649,0.02009,-0.02045,-0.043,0.03234,0.07325,-0,0.01546,0.04666,-0.02598,-0.37875,-0.06869,0.04773,0.00093,-0.01436,-0.02768,-0.00208,-0.29434,-0.13886,-0.08405,0.01327,-0.05939,0.00595,-0.0368,0.01726,-0.00321,0.00107,0.00055,-0.06963,-0.00674,-0.03822,0.01373,-0.0058,0.00415,0.00246
15.08,-0.0048,-0.00495,0.01223,-0.0326,0.07668,0.01651,0.02026,-0.02197,-0.03879,0.03069,0.06979,-0,0.01667,0.01293,-0.02967,-0.28999,-0.03606,0.05174,8e-05,-0.03622,-0.01045,0.03273,-0.17506,-0.01994,-0.00406,-0.00408,-0.04757,0.01484,-0.02833,0.01224,-0.00374,-0.00099,-0.00073,-0.05962,-0.00146,-0.03535,0.00871,-0.00505,0.00325,0.0019
15.1,-0.00265,-0.00351,0.0098,-0.03501,0.06285,0.01636,0.01985,-0.02342,-0.03489,0.03665,0.06673,-0,0.0254,-0.01327,-0.03358,-0.22361,-0.00828,0.05767,-0.0019,-0.0492,2e-05,0.0645,-0.08494,0.10607,0.07697,-0.02162,-0.03332,0.02408,-0.01978,0.00779,-0.00461,-0.00347,-0.00225,-0.0471,0.00572,-0.0314,0.00379,-0.00423,0.00205,0.00119
15.12,-0.00095,-0.00218,0.00752,-0.03808,0.0483,0.01614,0.01872,-0.02492,-0.03083,0.04908,0.06497,-0,0.04092,-0.03056,-0.03849,-0.18143,0.01843,0.06376,-0.00545,-0.04906,0.00524,0.08732,-0.02539,0.21436,0.14175,-0.03623,-0.01718,0.03236,-0.01248,0.004,-0.00581,-0.00618,-0.00389,-0.03257,0.0146,-0.02675,-0.00099,-0.00338,0.0006,0.00035
15.14,0.00031,-0.00097,0.0054,-0.04195,0.03355,0.01593,0.01684,-0.02654,-0.02628,0.06667,0.06505,-0,0.06268,-0.03748,-0.0447,-0.16546,0.04768,0.06841,-0.01084,-0.03224,0.00628,0.09603,0.00201,0.28343,0.17595,-0.04523,0.00017,0.03858,-0.00749,0.0009,-0.00727,-0.00894,-0.00552,-0.01668,0.02478,-0.02176,-0.00559,-0.00254,-0.00101,-0.00056
15.16,0.00121,0.00012,0.00346,-0.0465,0.01905,0.01575,0.01431,-0.02821,-0.02121,0.08799,0.06699,-0,0.09056,-0.0327,-0.05183,-0.17777,0.08201,0.07034,-0.01806,0.00339,0.00317,0.08751,-0.0045,0.30008,0.17186,-0.04695,0.01791,0.04204,-0.00531,-0.00156,-0.00886,-0.01155,-0.00704,-0.00019,0.03565,-0.01674,-0.00994,-0.00176,-0.00269,-0.0015
15.18,0.00184,0.0011,0.00168,-0.05129,0.00531,0.01558,0.01133,-0.0297,-0.01591,0.11136,0.07025,-0,0.1246,-0.01498,-0.05874,-0.22042,0.1224,0.06873,-0.02685,0.05816,-0.00524,0.0609,-0.04703,0.26045,0.12926,-0.04093,0.03496,0.04252,-0.00583,-0.00343,-0.01043,-0.01383,-0.00833,0.01587,0.04626,-0.01198,-0.01388,-0.00105,-0.00431,-0.00239
15.2,0.00231,0.00202,5e-05,-0.05557,-0.00705,0.01532,0.00825,-0.03065,-0.01101,0.13477,0.07378,-0,0.16493,0.01679,-0.06351,-0.29551,0.1682,0.06314,-0.03667,0.13057,-0.02117,0.01748,-0.12801,0.16895,0.05464,-0.0277,0.04987,0.04016,-0.00843,-0.00478,-0.01173,-0.01555,-0.00927,0.03018,0.05533,-0.00777,-0.01717,-0.00043,-0.0057,-0.00314
15.22,0.00275,0.0029,-0.00143,-0.05846,-0.0174,0.01491,0.00547,-0.03064,-0.0073,0.1562,0.07627,-0,0.21166,0.06358,-0.06364,-0.40509,0.21761,0.0535,-0.04679,0.21794,-0.04753,-0.04027,-0.25015,0.0358,-0.04114,-0.00857,0.06112,0.03536,-0.01222,-0.00567,-0.01254,-0.01651,-0.00975,0.04133,0.0615,-0.00436,-0.01952,7e-05,-0.00669,-0.00367
15.24,0.00327,0.00378,-0.00278,-0.05927,-0.02527,0.01427,0.0034,-0.02934,-0.00543,0.17421,0.07656,-0,0.26501,0.12622,-0.05645,-0.55101,0.26863,0.04015,-0.05649,0.31745,-0.08725,-0.10985,-0.41614,-0.1264,-0.14623,0.0148,0.0676,0.02861,-0.01633,-0.00614,-0.01267,-0.01658,-0.0097,0.04828,0.06373,-0.00191,-0.02069,0.00045,-0.00715,-0.0039
15.26,0.00391,0.00469,-0.00402,-0.0577,-0.03054,0.01339,0.00233,-0.0266,-0.00574,0.18824,0.07384,-0,0.32515,0.20505,-0.0393,-0.73425,0.31947,0.02389,-0.06521,0.4265,-0.14274,-0.1893,-0.62774,-0.30427,-0.24965,0.04061,0.06889,0.02042,-0.02014,-0.00622,-0.01205,-0.01576,-0.00914,0.05059,0.06163,-0.00044,-0.02059,0.00072,-0.00701,-0.0038
15.28,0.00471,0.00567,-0.00515,-0.05387,-0.03338,0.01235,0.00249,-0.02252,-0.00817,0.19862,0.06777,-0,0.39174,0.29939,-0.00976,-0.95346,0.36832,0.00611,-0.07245,0.542,-0.2154,-0.27678,-0.8842,-0.48284,-0.34101,0.06668,0.06538,0.01134,-0.0233,-0.00591,-0.01077,-0.0142,-0.00815,0.04854,0.05549,0.00017,-0.01926,0.00089,-0.00632,-0.00339
15.3,0.00563,0.00673,-0.00618,-0.0483,-0.0342,0.01126,0.00401,-0.01742,-0.01238,0.20631,0.05843,-0,0.46354,0.40699,0.03426,-1.20392,0.41289,-0.01111,-0.07775,0.6597,-0.30519,-0.37014,-1.18093,-0.64482,-0.40997,0.09045,0.05808,0.002,-0.02565,-0.0052,-0.009,-0.01215,-0.00689,0.04293,0.04626,0.00015,-0.01689,0.001,-0.00517,-0.00274
15.32,0.00662,0.00786,-0.0071,-0.04174,-0.0335,0.0103,0.00697,-0.0117,-0.01782,0.21255,0.04601,-0,0.53848,0.52444,0.0946,-1.4782,0.45024,-0.02516,-0.08056,0.77455,-0.41064,-0.46727,-1.51009,-0.77273,-0.44729,0.10921,0.04837,-0.00696,-0.0272,-0.00408,-0.00698,-0.00994,-0.00557,0.03491,0.03524,-0.0002,-0.01373,0.00109,-0.00372,-0.00191
15.34,0.00761,0.00905,-0.00791,-0.03486,-0.03174,0.00958,0.01136,-0.00573,-0.02398,0.21836,0.03042,-0,0.61411,0.64781,0.17284,-1.76787,0.47674,-0.03307,-0.08029,0.88173,-0.52896,-0.56709,-1.86219,-0.85299,-0.44687,0.12068,0.03752,-0.01506,-0.02802,-0.00256,-0.00496,-0.00787,-0.00435,0.02555,0.02369,-0.00055,-0.01006,0.00118,-0.00212,-0.00101
15.36,0.00856,0.01025,-0.0086,-0.02813,-0.02925,0.00918,0.01703,0.00031,-0.03053,0.2242,0.01112,-0,0.68757,0.77281,0.27006,-2.06362,0.48803,-0.03173,-0.07624,0.97705,-0.65572,-0.66982,-2.22601,-0.87853,-0.40733,0.12337,0.02649,-0.02204,-0.0282,-0.00072,-0.00309,-0.00611,-0.00334,0.01569,0.01265,-0.00058,-0.00615,0.00129,-0.00049,-9e-05
15.38,0.00945,0.01142,-0.0092,-0.02181,-0.02624,0.00907,0.02374,0.00639,-0.03724,0.22985,-0.01284,-0,0.75508,0.89385,0.3861,-2.35312,0.47885,-0.01787,-0.06763,1.05626,-0.78379,-0.7763,-2.58579,-0.8491,-0.33251,0.11664,0.01589,-0.02783,-0.02783,0.00128,-0.00147,-0.00477,-0.00261,0.00592,0.00291,-1e-05,-0.00228,0.00144,0.00108,0.00078
15.4,0.01024,0.01246,-0.0097,-0.01603,-0.02277,0.00917,0.03102,0.01256,-0.044,0.23442,-0.04265,-1e-05,0.81153,1.00333,0.5189,-2.61936,0.44318,0.0118,-0.0537,1.11444,-0.9029,-0.88704,-2.91946,-0.77028,-0.23108,0.10058,0.00612,-0.0325,-0.027,0.00322,-0.00014,-0.00386,-0.00214,-0.00328,-0.00488,0.00145,0.00125,0.00163,0.00248,0.00154
15.42,0.0109,0.01327,-0.01013,-0.01081,-0.0189,0.00938,0.03835,0.01893,-0.05069,0.23652,-0.07944,-1e-05,0.85127,1.09261,0.66448,-2.84279,0.37558,0.05984,-0.03388,1.14642,-1.00137,-1.00124,-3.20171,-0.65132,-0.11435,0.07593,-0.00257,-0.03616,-0.02578,0.00482,0.00088,-0.00334,-0.00192,-0.01157,-0.01024,0.00401,0.00415,0.00183,0.00364,0.00215
15.44,0.01139,0.01376,-0.01045,-0.00611,-0.0147,0.00957,0.04525,0.02561,-0.05718,0.23463,-0.12412,-1e-05,0.86962,1.15405,0.81727,-3.00592,0.27309,0.12705,-0.00814,1.14801,-1.06929,-1.11607,-3.41048,-0.50233,0.00699,0.04388,-0.00998,-0.03892,-0.02423,0.00588,0.00161,-0.00314,-0.00188,-0.01864,-0.01296,0.00773,0.00619,0.00204,0.00452,0.00258
15.46,0.01167,0.01388,-0.01065,-0.00185,-0.01033,0.00962,0.0514,0.03268,-0.06326,0.22734,-0.17696,-1e-05,0.86384,1.1822,0.96986,-3.09615,0.13716,0.21138,0.02271,1.1169,-1.10054,-1.22564,-3.53084,-0.333,0.12464,0.00619,-0.01593,-0.04087,-0.02239,0.0063,0.00207,-0.00318,-0.00198,-0.0242,-0.01314,0.01248,0.00731,0.00222,0.00508,0.00282
15.48,0.0117,0.01363,-0.01068,0.00201,-0.00611,0.00947,0.05654,0.04014,-0.06858,0.2134,-0.23718,-1e-05,0.83342,1.17385,1.1117,-3.10545,-0.02509,0.30717,0.05669,1.05302,-1.09295,-1.31992,-3.5548,-0.15336,0.23231,-0.03462,-0.0202,-0.04203,-0.02027,0.0061,0.00231,-0.00338,-0.00215,-0.02792,-0.01122,0.01791,0.00754,0.00237,0.00535,0.00287
15.5,0.01141,0.01303,-0.01048,0.0055,-0.00254,0.00903,0.06051,0.04782,-0.07261,0.19186,-0.30264,-1e-05,0.77975,1.12748,1.22858,-3.02926,-0.2007,0.40503,0.09064,0.9584,-1.04754,-1.38462,-3.47957,0.02526,0.32471,-0.07505,-0.02243,-0.04234,-0.01793,0.00537,0.00238,-0.00363,-0.00234,-0.0294,-0.00794,0.02339,0.00704,0.00246,0.00536,0.00278
15.52,0.01075,0.01213,-0.00997,0.00857,-0.00024,0.00827,0.06326,0.05546,-0.07476,0.16205,-0.37021,-1e-05,0.70519,1.04259,1.30458,-2.86556,-0.37394,0.49373,0.12083,0.83626,-0.96698,-1.40378,-3.30582,0.19162,0.39748,-0.1111,-0.02217,-0.04168,-0.01538,0.00426,0.00232,-0.00384,-0.00247,-0.02812,-0.00417,0.02817,0.00598,0.00244,0.00515,0.00259
15.54,0.00968,0.01097,-0.0091,0.01116,8e-05,0.00716,0.065,0.06276,-0.07447,0.12381,-0.384,-1e-05,0.61186,0.91901,1.3259,-2.61447,-0.53133,0.56341,0.14403,0.6897,-0.85381,-1.3643,-3.03618,0.33727,0.44764,-0.13906,-0.01889,-0.03994,-0.01264,0.00288,0.0022,-0.00394,-0.00249,-0.02353,-0.00069,0.03157,0.00452,0.00231,0.00479,0.00234
15.56,0.00821,0.00958,-0.00787,0.01313,-0.00229,0.0057,0.06623,0.06938,-0.07136,0.07765,-0.384,-1e-05,0.5011,0.75696,1.28358,-2.27897,-0.66461,0.60754,0.1582,0.52134,-0.70961,-1.2593,-2.67534,0.45799,0.47379,-0.15602,-0.01201,-0.03699,-0.00971,0.00123,0.00206,-0.00387,-0.00239,-0.01506,0.00188,0.03308,0.00269,0.00204,0.00432,0.00207
15.58,0.00638,0.00795,-0.00631,0.01432,-0.00804,0.00395,0.06779,0.07495,-0.06527,0.02518,-0.384,-1e-05,0.37414,0.5581,1.17421,-1.86736,-0.77039,0.62298,0.1625,0.33443,-0.53572,-1.08956,-2.23243,0.55318,0.47587,-0.15977,-0.00098,-0.03279,-0.00659,-0.00076,0.00195,-0.00362,-0.00215,-0.00217,0.00313,0.03239,0.00045,0.00163,0.00383,0.00181
15.6,0.00431,0.00613,-0.00451,0.0145,-0.01783,0.00197,0.07075,0.07899,-0.05623,-0.03079,-0.384,-1e-05,0.23279,0.32648,0.9997,-1.39482,-0.84873,0.60942,0.15713,0.13378,-0.33423,-0.86328,-1.72285,0.62455,0.45485,-0.14881,0.01465,-0.02736,-0.00329,-0.00325,0.00191,-0.00318,-0.00178,0.01553,0.00285,0.02938,-0.00233,0.00109,0.00337,0.00161
15.62,0.00213,0.00412,-0.00262,0.01345,-0.03197,-0.00011,0.07598,0.08097,-0.04438,-0.08689,-0.384,-1e-05,0.07928,0.06768,0.76588,-0.88111,-0.9018,0.56874,0.14336,-0.075,-0.10783,-0.59327,-1.16593,0.67516,0.41268,-0.12271,0.03502,-0.02083,0.00013,-0.00639,0.002,-0.0026,-0.00132,0.03805,0.00095,0.02408,-0.00577,0.00043,0.00302,0.00149
15.64,0,0.00195,-0.00077,0.01109,-0.05019,-0.00215,0.08365,0.08048,-0.0299,-0.14046,-0.384,-1e-05,-0.08447,-0.2129,0.48064,-0.34584,-0.93273,0.50445,0.12355,-0.28749,0.14103,-0.29259,-0.5801,0.7086,0.35232,-0.08285,0.05962,-0.01344,0.00361,-0.01026,0.00221,-0.00189,-0.00079,0.06477,-0.0025,0.01671,-0.00994,-0.00032,0.00282,0.00147
15.66,-0.00196,-0.00036,0.00089,0.00757,-0.07126,-0.00402,0.09278,0.07727,-0.01291,-0.19009,-0.384,-1e-05,-0.25681,-0.51026,0.15374,0.19292,-0.94483,0.42159,0.10132,-0.501,0.40973,0.02733,0.01828,0.72839,0.27816,-0.03315,0.08702,-0.00562,0.00705,-0.01481,0.00253,-0.00111,-0.00023,0.09413,-0.00732,0.0077,-0.01476,-0.00116,0.00278,0.00153
15.68,-0.00362,-0.00275,0.00219,0.00331,-0.09278,-0.00558,0.10105,0.07136,0.00633,-0.23553,-0.384,-1e-05,-0.43506,-0.81765,-0.20094,0.7149,-0.94112,0.32728,0.08176,-0.71322,0.69347,0.35486,0.61082,0.73761,0.19652,0.01944,0.11458,0.00196,0.0103,-0.01976,0.00288,-0.00031,0.00032,0.12334,-0.01316,-0.00222,-0.01999,-0.00204,0.00287,0.00166
15.7,-0.00486,-0.00514,0.00297,-0.00102,-0.11129,-0.00665,0.10503,0.06296,0.02741,-0.2771,-0.384,-1e-05,-0.6144,-1.12481,-0.56386,1.19438,-0.9243,0.23085,0.07127,-0.92054,0.98366,0.67615,1.17333,0.73878,0.11585,0.06515,0.13848,0.00839,0.01313,-0.02468,0.00317,0.00045,0.00083,0.1484,-0.01946,-0.01204,-0.02516,-0.00292,0.00301,0.00181
15.72,-0.00557,-0.0074,0.00306,-0.00464,-0.12304,-0.00707,0.10108,0.05246,0.04977,-0.31535,-0.384,-1e-05,-0.7886,-1.41938,-0.91285,1.60308,-0.89674,0.1424,0.07644,-1.11818,1.26934,0.97641,1.67833,0.73404,0.04517,0.09347,0.15463,0.01271,0.01532,-0.02901,0.00329,0.00111,0.00123,0.16503,-0.02559,-0.02059,-0.02974,-0.00374,0.00314,0.00192
15.74,-0.00567,-0.00942,0.00239,-0.00691,-0.12538,-0.00674,0.08681,0.04028,0.07288,-0.3507,-0.34251,-1e-05,-0.95177,-1.69038,-1.22896,1.91708,-0.86071,0.07018,0.10227,-1.30131,1.54044,1.24333,2.10179,0.72551,-0.00841,0.09648,0.16009,0.01423,0.01672,-0.03231,0.00315,0.00159,0.0015,0.17019,-0.03096,-0.0269,-0.03327,-0.00447,0.00318,0.00196
15.76,-0.00516,-0.0111,0.00099,-0.00748,-0.11767,-0.00569,0.06212,0.0269,0.09628,-0.3832,-0.25999,-1e-05,-1.09909,-1.92978,-1.49955,2.12083,-0.8187,0.01907,0.15082,-1.46528,1.78917,1.46862,2.42653,0.71563,-0.04135,0.07115,0.15404,0.01281,0.01732,-0.03433,0.00273,0.00184,0.0016,0.16309,-0.03509,-0.03037,-0.03549,-0.00505,0.00307,0.00189
15.78,-0.00411,-0.01234,-0.00099,-0.00634,-0.10152,-0.00405,0.02967,0.01291,0.11944,-0.41209,-0.17711,-1e-05,-1.22587,-2.13098,-1.71684,2.20619,-0.77374,-0.00934,0.22051,-1.60433,2.00839,1.64654,2.64025,0.70732,-0.05373,0.02009,0.13811,0.0089,0.01729,-0.03507,0.00208,0.00183,0.00152,0.14548,-0.0376,-0.03077,-0.03636,-0.00545,0.00282,0.00172
15.8,-0.00268,-0.01304,-0.00324,-0.00375,-0.08057,-0.0021,-0.00543,-0.00092,0.14156,-0.43574,-0.09723,-1e-05,-1.3264,-2.28703,-1.87552,2.17037,-0.7296,-0.0161,0.30627,-1.71055,2.18991,1.772,2.73287,0.7038,-0.04857,-0.0491,0.116,0.00342,0.01691,-0.03466,0.0013,0.00153,0.00124,0.12139,-0.03821,-0.02817,-0.03599,-0.00561,0.00243,0.00145
15.82,-0.00104,-0.01311,-0.00542,-0.00013,-0.05935,-0.00012,-0.03697,-0.01375,0.16168,-0.45203,-0.02355,-1e-05,-1.39428,-2.39119,-1.97182,2.01528,-0.69005,-0.00397,0.40081,-1.77463,2.32532,1.84038,2.69688,0.70788,-0.03057,-0.12621,0.09247,-0.00241,0.01654,-0.03337,0.00053,0.00092,0.00078,0.09586,-0.03671,-0.0229,-0.03459,-0.00551,0.00194,0.00112
15.84,0.00061,-0.01248,-0.00723,0.0041,-0.04178,0.00165,-0.05988,-0.02492,0.1789,-0.45917,0.04152,-1e-05,-1.42368,-2.4391,-2.00375,1.74821,-0.65779,0.0235,0.49668,-1.78797,2.40854,1.84848,2.52992,0.72068,-0.0044,-0.2021,0.07163,-0.00753,0.01651,-0.03144,-0.00012,2e-05,0.00013,0.07329,-0.03307,-0.01534,-0.0324,-0.00513,0.00139,0.00076
15.86,0.00216,-0.01119,-0.00847,0.00861,-0.03003,0.00309,-0.07166,-0.03407,0.19251,-0.45625,0.09668,-1e-05,-1.41017,-2.4302,-1.97143,1.38345,-0.6337,0.06248,0.58739,-1.74424,2.43749,1.79539,2.23765,0.7408,0.02633,-0.27089,0.05594,-0.01129,0.01705,-0.02907,-0.0006,-0.00117,-0.00067,0.05629,-0.02746,-0.00597,-0.02959,-0.00449,0.00081,0.00039
15.88,0.00348,-0.00935,-0.00905,0.01318,-0.02445,0.00427,-0.07262,-0.04112,0.20187,-0.44339,0.14134,-1e-05,-1.35093,-2.36805,-1.87707,0.94516,-0.6169,0.10872,0.66694,-1.63983,2.41411,1.68286,1.83608,0.76391,0.05909,-0.33001,0.04611,-0.01344,0.01828,-0.02637,-0.0009,-0.00261,-0.00159,0.04554,-0.02034,0.00465,-0.02631,-0.00364,0.00024,4e-05
15.9,0.00449,-0.00714,-0.009,0.01762,-0.02382,0.00531,-0.06546,-0.04613,0.20636,-0.42158,0.17515,-1e-05,-1.24462,-2.25966,-1.72499,0.46823,-0.60505,0.15743,0.72923,-1.47392,2.34351,1.51531,1.35218,0.78308,0.09214,-0.37931,0.0413,-0.01406,0.0202,-0.02343,-0.00109,-0.0042,-0.00258,0.04011,-0.01245,0.01579,-0.02269,-0.00268,-0.00029,-0.00027
15.92,0.00511,-0.0048,-0.0084,0.02176,-0.02601,0.00643,-0.0542,-0.04925,0.20542,-0.39237,0.19799,-1e-05,-1.09125,-2.1137,-1.52162,-0.00736,-0.59491,0.20341,0.76825,-1.24813,2.23264,1.29933,0.81936,0.79044,0.12421,-0.41985,0.03982,-0.0135,0.02271,-0.02028,-0.00124,-0.00585,-0.00358,0.03813,-0.00465,0.02664,-0.01886,-0.00172,-0.00074,-0.00051
15.94,0.00532,-0.0025,-0.00735,0.02544,-0.02889,0.00776,-0.0426,-0.05061,0.19874,-0.35737,0.21023,-1e-05,-0.89217,-1.93804,-1.27545,-0.44646,-0.58287,0.24166,0.77891,-0.96617,2.08854,1.04284,0.26988,0.77969,0.15411,-0.45242,0.03983,-0.01212,0.02557,-0.01692,-0.00141,-0.00745,-0.00452,0.03761,0.00234,0.03645,-0.01491,-0.00087,-0.00108,-0.00066
15.96,0.00511,-0.00039,-0.006,0.02845,-0.03095,0.00932,-0.03324,-0.05029,0.18649,-0.31807,0.21294,-1e-05,-0.65079,-1.73875,-0.99809,-0.82404,-0.56542,0.26756,0.75767,-0.63465,1.91781,0.75552,-0.26844,0.74786,0.18043,-0.47648,0.03984,-0.01027,0.02843,-0.01335,-0.00164,-0.00891,-0.00535,0.03705,0.008,0.04458,-0.01092,-0.00018,-0.00127,-0.0007
15.98,0.00455,0.0015,-0.00447,0.03049,-0.03139,0.01101,-0.02732,-0.04827,0.16937,-0.27603,0.20785,-1e-05,-0.37448,-1.52124,-0.70644,-1.12347,-0.53936,0.27671,0.70272,-0.26558,1.7276,0.45099,-0.7689,0.69603,0.20121,-0.48968,0.03892,-0.00821,0.03075,-0.00954,-0.00193,-0.01012,-0.00601,0.03556,0.01207,0.05046,-0.00699,0.0003,-0.0013,-0.00062
16,0.00371,0.00315,-0.00293,0.03122,-0.0301,0.01256,-0.02481,-0.04447,0.14869,-0.23314,0.19723,-0,-0.07555,-1.29154,-0.42355,-1.33339,-0.50186,0.26484,0.61396,0.12219,1.52653,0.14799,-1.20274,0.62892,0.21387,-0.48791,0.0366,-0.00618,0.03186,-0.00553,-0.00222,-0.01098,-0.00645,0.03282,0.01448,0.05353,-0.00325,0.00057,-0.00115,-0.00043
16.02,0.00271,0.00459,-0.00154,0.03026,-0.02741,0.01365,-0.0249,-0.03882,0.12605,-0.19134,0.18364,-0,0.23112,-1.05569,-0.1741,-1.44719,-0.45028,0.2284,0.49277,0.50648,1.32341,-0.13295,-1.54213,0.55306,0.21555,-0.46631,0.03276,-0.00438,0.03103,-0.00135,-0.00247,-0.01137,-0.00662,0.02892,0.01527,0.05333,0.00013,0.00063,-0.00079,-0.00013
16.04,0.00167,0.00587,-0.00043,0.02736,-0.02383,0.01403,-0.02645,-0.0313,0.10301,-0.1521,0.16952,-0,0.53274,-0.81802,0.02345,-1.46455,-0.38189,0.16556,0.34172,0.86846,1.12467,-0.37575,-1.76755,0.47399,0.20386,-0.42097,0.02752,-0.00307,0.02766,0.00292,-0.0026,-0.01123,-0.00647,0.02413,0.01459,0.04962,0.00306,0.00052,-0.00023,0.00027
16.06,0.00069,0.00703,0.00032,0.0225,-0.01984,0.01357,-0.02836,-0.0221,0.0809,-0.11615,0.15704,-0,0.82069,-0.58078,0.16176,-1.3927,-0.29389,0.07731,0.16495,1.19592,0.93324,-0.5723,-1.87243,0.39465,0.17746,-0.35029,0.02108,-0.00258,0.02138,0.00719,-0.00258,-0.01053,-0.00601,0.01872,0.01268,0.04253,0.0055,0.00026,0.00052,0.00075
16.08,-0.00015,0.00812,0.00069,0.01593,-0.01592,0.0123,-0.02963,-0.01171,0.06089,-0.08371,0.14813,-0,1.08892,-0.34576,0.24458,-1.24696,-0.18407,-0.03181,-0.03048,1.48163,0.74974,-0.72175,-1.86307,0.31549,0.13634,-0.25572,0.01379,-0.00329,0.01217,0.0113,-0.00241,-0.00933,-0.00526,0.01296,0.00986,0.03259,0.00747,-9e-05,0.00139,0.00127
16.1,-0.00075,0.00917,0.0007,0.00817,-0.01252,0.01042,-0.02939,-0.00088,0.04419,-0.05482,0.14456,-0,1.33163,-0.11601,0.28451,-1.04985,-0.0514,-0.15343,-0.23382,1.72043,0.57407,-0.82826,-1.75617,0.23526,0.08188,-0.142,0.00614,-0.00567,0.00033,0.01505,-0.00208,-0.00772,-0.00427,0.00717,0.00654,0.02079,0.00902,-0.00047,0.00231,0.00179
16.12,-0.00103,0.01018,0.00041,-0.0001,-0.01007,0.0082,-0.02692,0.00945,0.0319,-0.02935,0.14784,-0,1.54324,0.10471,0.29921,-0.82673,0.10371,-0.27687,-0.43224,1.90812,0.40593,-0.89857,-1.57403,0.15148,0.01651,-0.01609,-0.00126,-0.01004,-0.01347,0.01816,-0.00164,-0.00585,-0.00311,0.0017,0.00316,0.00834,0.01024,-0.00079,0.00319,0.00225
16.14,-0.00096,0.01115,-0.00012,-0.00824,-0.00886,0.00596,-0.02181,0.01847,0.02469,-0.00702,0.15899,-0,1.71963,0.31373,0.30664,-0.59932,0.2794,-0.39158,-0.61414,2.04165,0.24462,-0.93978,-1.33848,0.06073,-0.05675,0.11455,-0.00781,-0.01641,-0.02833,0.02042,-0.00111,-0.00385,-0.00186,-0.00316,9e-05,-0.00362,0.01121,-0.00102,0.00393,0.00259
16.16,-0.00053,0.01207,-0.0008,-0.01576,-0.009,0.00403,-0.01406,0.0256,0.02265,0.01266,0.17833,-0,1.85867,0.51014,0.32196,-0.38222,0.47168,-0.48851,-0.77072,2.11899,0.08939,-0.95769,-1.0678,-0.04071,-0.13443,0.2427,-0.01301,-0.02427,-0.04302,0.02169,-0.00053,-0.00183,-0.0006,-0.00718,-0.00242,-0.01415,0.01201,-0.00112,0.00448,0.00281
16.18,0.00018,0.01287,-0.00156,-0.02225,-0.01044,0.00272,-0.00414,0.03048,0.02524,0.0302,0.20531,-0,1.95903,0.69343,0.35658,-0.18351,0.67293,-0.5596,-0.89516,2.13822,-0.05924,-0.95615,-0.77773,-0.15611,-0.21205,0.36059,-0.01637,-0.03247,-0.05593,0.02192,5e-05,0.00013,0.00063,-0.01018,-0.00425,-0.02249,0.01272,-0.00109,0.00481,0.00287
16.2,0.00106,0.0135,-0.00228,-0.0274,-0.01296,0.00238,0.00701,0.03291,0.03138,0.04597,0.23847,-0,2.01916,0.86201,0.41813,-0.00694,0.87031,-0.5969,-0.98154,2.09692,-0.19853,-0.93694,-0.48324,-0.28726,-0.28376,0.45927,-0.01744,-0.0393,-0.06499,0.02112,0.00059,0.00193,0.00173,-0.01199,-0.00537,-0.02798,0.01339,-0.00095,0.00491,0.0028
16.22,0.00196,0.01386,-0.00285,-0.0309,-0.01623,0.00332,0.01818,0.03278,0.03976,0.06019,0.27574,-1e-05,2.03741,1.01355,0.51064,0.14638,1.04494,-0.59199,-1.02543,1.99263,-0.32435,-0.90002,-0.19768,-0.43373,-0.34312,0.53003,-0.01581,-0.0429,-0.06813,0.01935,0.00102,0.00351,0.00265,-0.01247,-0.00584,-0.03008,0.01407,-0.00074,0.00477,0.00261
16.24,0.00277,0.01388,-0.00317,-0.03255,-0.01994,0.00578,0.02824,0.03007,0.04918,0.07309,0.3149,-1e-05,2.01324,1.14645,0.6347,0.27672,1.17173,-0.53574,-1.02579,1.82411,-0.43312,-0.84403,0.06956,-0.59205,-0.3847,0.5671,-0.01121,-0.0419,-0.0638,0.01666,0.00131,0.00478,0.00331,-0.01154,-0.00582,-0.0285,0.01479,-0.0005,0.00442,0.00232
16.26,0.00339,0.01351,-0.00317,-0.03226,-0.02378,0.00988,0.03632,0.02479,0.05874,0.08493,0.35383,-1e-05,1.94822,1.2604,0.78715,0.38441,1.21894,-0.41858,-0.98634,1.59305,-0.5229,-0.76694,0.31393,-0.75464,-0.40506,0.56947,-0.00362,-0.03592,-0.05153,0.0131,0.00142,0.0057,0.00369,-0.00924,-0.00558,-0.02326,0.01558,-0.00029,0.00388,0.00195
16.28,0.00377,0.01272,-0.00281,-0.03002,-0.02749,0.01557,0.0418,0.01708,0.06783,0.0959,0.384,-1e-05,1.84656,1.35569,0.95989,0.46867,1.14725,-0.23109,-0.91611,1.30596,-0.59288,-0.66669,0.53397,-0.9083,-0.40271,0.54124,0.00666,-0.02568,-0.03204,0.00875,0.00134,0.00621,0.00377,-0.00568,-0.00552,-0.01476,0.01643,-0.00013,0.0032,0.00154
16.3,0.00392,0.01155,-0.00207,-0.02594,-0.0308,0.02263,0.04426,0.00718,0.07608,0.10604,0.384,-1e-05,1.71528,1.43222,1.13954,0.52675,0.91201,0.03453,-0.82879,0.97512,-0.64266,-0.54183,0.72916,-1.0341,-0.3779,0.49087,0.01903,-0.01292,-0.00724,0.00371,0.00109,0.00628,0.00357,-0.00115,-0.00609,-0.00375,0.01735,-7e-05,0.00245,0.00112
16.32,0.00384,0.01004,-0.00095,-0.02019,-0.03346,0.03071,0.04341,-0.00461,0.08331,0.11533,0.384,-1e-05,1.56335,1.48961,1.31001,0.55416,0.47401,0.38146,-0.73982,0.61645,-0.67227,-0.39216,0.89906,-1.11169,-0.33225,0.42887,0.03268,0.0001,0.02034,-0.00187,0.00067,0.00588,0.00309,0.00403,-0.00774,0.00884,0.01833,-0.00013,0.0017,0.00074
16.34,0.00356,0.00826,0.00055,-0.013,-0.03532,0.03949,0.03919,-0.01797,0.08954,0.12381,0.384,-1e-05,1.40016,1.52783,1.45691,0.54564,-0.18399,0.80422,-0.66197,0.24552,-0.68277,-0.21937,1.04325,-1.12637,-0.26865,0.36454,0.04677,0.01136,0.04822,-0.00778,0.00013,0.00499,0.00239,0.00949,-0.01073,0.02211,0.01939,-0.00034,0.00099,0.0004
16.36,0.00312,0.00632,0.0024,-0.00463,-0.03631,0.04862,0.03177,-0.03261,0.09499,0.13163,0.384,-1e-05,1.23523,1.54764,1.5702,0.496,-1.043,1.28417,-0.60263,-0.12393,-0.67661,-0.02811,1.16102,-1.07414,-0.19135,0.30403,0.06055,0.01955,0.07447,-0.01378,-0.00049,0.00366,0.00149,0.01488,-0.01499,0.0354,0.02064,-0.00067,0.00035,0.00012
16.38,0.00259,0.00436,0.00459,0.00453,-0.03651,0.05777,0.02162,-0.04815,0.10006,0.13903,0.384,-1e-05,1.07928,1.55049,1.64386,0.40043,-2.03833,1.7849,-0.56357,-0.47759,-0.65781,0.17232,1.25016,-0.9631,-0.10653,0.25024,0.07327,0.02409,0.09754,-0.01949,-0.00114,0.00197,0.00046,0.01984,-0.02007,0.04816,0.02219,-0.00109,-0.00024,-0.00012
16.4,0.00202,0.00258,0.00704,0.01396,-0.03607,0.06651,0.00952,-0.06402,0.10522,0.14624,0.384,-1e-05,0.94484,1.53823,1.67474,0.25519,-3.06043,2.25202,-0.54188,-0.79835,-0.6316,0.36744,1.30641,-0.81224,-0.0225,0.20358,0.08409,0.02505,0.11614,-0.02443,-0.00172,6e-05,-0.00062,0.02393,-0.0252,0.05984,0.02422,-0.00152,-0.00081,-0.00035
16.42,0.00151,0.0012,0.00965,0.02302,-0.03518,0.07437,-0.00359,-0.0796,0.11094,0.15335,0.384,-1e-05,0.84382,1.51303,1.66194,0.05898,-3.97971,2.62533,-0.53161,-1.06867,-0.60354,0.54065,1.32476,-0.64614,0.0518,0.16291,0.09219,0.02292,0.12922,-0.02809,-0.00216,-0.00189,-0.00168,0.02675,-0.02942,0.06999,0.02688,-0.00189,-0.00138,-0.0006
16.44,0.00113,0.00038,0.01231,0.03117,-0.03406,0.08098,-0.01685,-0.0944,0.11755,0.16019,0.35529,-1e-05,0.78298,1.47731,1.60658,-0.18491,-4.68666,2.85876,-0.52573,-1.27577,-0.57815,0.67862,1.30203,-0.48721,0.10923,0.12661,0.09703,0.01841,0.1363,-0.03007,-0.0024,-0.00373,-0.00262,0.02798,-0.03199,0.07828,0.03021,-0.00212,-0.002,-0.00091
16.46,0.00093,0.00023,0.01489,0.03799,-0.03283,0.08614,-0.02962,-0.10816,0.12517,0.16615,0.30922,-1e-05,0.76105,1.4339,1.51199,-0.46628,-5.11741,2.93375,-0.51751,-1.41479,-0.55798,0.77466,1.2389,-0.35094,0.14597,0.09343,0.09847,0.01228,0.13753,-0.03027,-0.00242,-0.00534,-0.0034,0.02754,-0.0325,0.08456,0.03414,-0.00219,-0.00265,-0.00128
16.48,0.00097,0.00075,0.01722,0.04315,-0.03163,0.08979,-0.04138,-0.1208,0.13361,0.17017,0.25869,-1e-05,0.76819,1.3864,1.3843,-0.76536,-5.2562,2.86159,-0.5009,-1.48826,-0.54364,0.82866,1.14073,-0.24575,0.16162,0.06293,0.0968,0.00537,0.13374,-0.02887,-0.00224,-0.00663,-0.00399,0.02554,-0.03101,0.08883,0.0384,-0.00211,-0.0033,-0.00168
16.5,0.00127,0.00189,0.01907,0.04638,-0.03051,0.09193,-0.05166,-0.13225,0.14232,0.17074,0.20641,-1e-05,0.78746,1.33915,1.23266,-1.05248,-5.12718,2.67895,-0.47071,-1.50418,-0.53409,0.84567,1.01736,-0.17445,0.15852,0.03568,0.09269,-0.00136,0.12634,-0.02629,-0.00194,-0.00754,-0.00436,0.02229,-0.02793,0.09119,0.04254,-0.00192,-0.0039,-0.00206
16.52,0.00186,0.00351,0.02022,0.04745,-0.02955,0.09258,-0.06006,-0.14244,0.15062,0.16623,0.15535,-1e-05,0.79926,1.29621,1.06764,-1.29425,-4.77981,2.43537,-0.42324,-1.47355,-0.52723,0.83371,0.88085,-0.13565,0.14071,0.01287,0.08697,-0.00704,0.11692,-0.02306,-0.00161,-0.00803,-0.0045,0.01823,-0.02386,0.09171,0.04601,-0.00168,-0.00435,-0.00237
16.54,0.00273,0.00549,0.02051,0.04632,-0.02875,0.09172,-0.06635,-0.15128,0.15783,0.15552,0.10799,-1e-05,0.78749,1.25958,0.89866,-1.46396,-4.27092,2.17599,-0.3571,-1.40768,-0.52067,0.80117,0.74213,-0.12489,0.11265,-0.00443,0.08037,-0.01103,0.10675,-0.01969,-0.0013,-0.00807,-0.00442,0.01381,-0.01942,0.09045,0.04831,-0.00144,-0.0046,-0.00256
16.56,0.00381,0.00763,0.01988,0.04312,-0.0281,0.08923,-0.07051,-0.15861,0.16351,0.13836,0.06596,-1e-05,0.74391,1.22812,0.73281,-1.54831,-3.65471,1.93069,-0.27408,-1.31683,-0.51223,0.75525,0.60921,-0.13538,0.0785,-0.01571,0.07339,-0.01309,0.09654,-0.01655,-0.00107,-0.0077,-0.00414,0.00949,-0.01501,0.08738,0.04909,-0.00124,-0.00462,-0.00259
16.58,0.00502,0.00974,0.0184,0.03822,-0.02755,0.08493,-0.07273,-0.16417,0.16738,0.1156,0.03028,-0,0.66952,1.19749,0.57582,-1.54822,-2.98425,1.71306,-0.17995,-1.21029,-0.50016,0.70185,0.48764,-0.15824,0.04215,-0.02106,0.06631,-0.01336,0.08635,-0.01383,-0.00093,-0.007,-0.00369,0.0057,-0.01089,0.08243,0.04818,-0.00109,-0.0044,-0.00249
16.6,0.0062,0.01155,0.01627,0.03223,-0.02705,0.07859,-0.07332,-0.16752,0.16931,0.08919,0.00167,-0,0.5737,1.16083,0.4332,-1.47649,-2.31444,1.52365,-0.08442,-1.09694,-0.48318,0.64585,0.38163,-0.18289,0.00735,-0.02099,0.05921,-0.01236,0.0758,-0.01164,-0.00084,-0.00607,-0.00314,0.0029,-0.00717,0.07548,0.04555,-0.00098,-0.00399,-0.00226
16.62,0.00719,0.01282,0.01373,0.02585,-0.02653,0.06999,-0.07264,-0.16814,0.16923,0.06162,-0.01944,-0,0.47013,1.11051,0.30984,-1.3525,-1.69639,1.35471,0.00125,-0.98474,-0.46043,0.59104,0.29405,-0.19882,-0.02248,-0.01634,0.05208,-0.0107,0.06432,-0.00997,-0.00076,-0.00504,-0.00253,0.00148,-0.0039,0.06647,0.04128,-0.00089,-0.00346,-0.00194
16.64,0.00784,0.01336,0.01097,0.01965,-0.02589,0.05901,-0.07095,-0.16558,0.16706,0.03504,-0.03321,-0,0.37091,1.04036,0.20861,-1.19516,-1.16636,1.19582,0.068,-0.8796,-0.43142,0.53982,0.22576,-0.19814,-0.04481,-0.00816,0.04483,-0.00892,0.05152,-0.00874,-0.00067,-0.00404,-0.00194,0.00163,-0.00109,0.05545,0.03554,-0.00081,-0.00286,-0.00159
16.66,0.00805,0.01312,0.00806,0.01402,-0.02504,0.04576,-0.0684,-0.15958,0.16276,0.01083,-0.04052,-0,0.28274,0.94756,0.12965,-1.01888,-0.73976,1.03823,0.11139,-0.78505,-0.39609,0.49312,0.17532,-0.17742,-0.05835,0.00228,0.03729,-0.00723,0.03742,-0.0078,-0.00055,-0.00314,-0.00141,0.00325,0.00126,0.0427,0.02854,-0.0007,-0.00224,-0.00123
16.68,0.00779,0.01218,0.00502,0.00912,-0.0239,0.03066,-0.06494,-0.15014,0.15627,-0.01037,-0.04294,-0,0.20668,0.83379,0.07087,-0.83367,-0.41321,0.87719,0.13186,-0.70278,-0.35505,0.45077,0.13942,-0.13818,-0.06292,0.01346,0.02937,-0.00554,0.02271,-0.00695,-0.0004,-0.00238,-0.00096,0.00591,0.00313,0.02884,0.02064,-0.00056,-0.00165,-0.00088
16.7,0.00709,0.01074,0.00176,0.005,-0.02237,0.01453,-0.06045,-0.13753,0.14759,-0.02844,-0.04259,-0,0.13927,0.70512,0.02876,-0.64645,-0.16952,0.71251,0.13381,-0.6335,-0.30974,0.41198,0.11347,-0.08643,-0.05931,0.02358,0.021,-0.00346,0.00868,-0.00596,-0.00025,-0.00178,-0.00061,0.0089,0.00443,0.01487,0.01234,-0.00038,-0.0011,-0.00056
16.72,0.00599,0.00903,-0.00182,0.00162,-0.02037,-0.00169,-0.05473,-0.12216,0.13674,-0.0436,-0.04174,-0,0.07434,0.56962,-0.00097,-0.46124,0.01685,0.5461,0.12393,-0.57701,-0.26207,0.37563,0.09242,-0.03037,-0.04888,0.03076,0.01219,-0.00051,-0.00312,-0.00459,-0.00014,-0.00135,-0.00038,0.01136,0.00507,0.00191,0.00419,-0.00013,-0.00064,-0.00029
16.74,0.00455,0.00729,-0.00578,-0.00106,-0.0178,-0.01724,-0.04769,-0.10445,0.12369,-0.0563,-0.04241,-0,0.00499,0.43338,-0.02296,-0.27848,0.17426,0.37783,0.10896,-0.53186,-0.21367,0.34052,0.07164,0.02292,-0.03319,0.03337,0.00286,0.00372,-0.01151,-0.00265,-0.00011,-0.00106,-0.00028,0.01257,0.00499,-0.0092,-0.0034,0.00017,-0.00027,-8e-05
16.76,0.00284,0.00563,-0.01012,-0.00297,-0.01454,-0.03177,-0.03936,-0.08478,0.10842,-0.06714,-0.04602,-0,-0.07474,0.29827,-0.04188,-0.09519,0.32976,0.20313,0.09426,-0.49524,-0.16565,0.30567,0.04756,0.06963,-0.01378,0.03029,-0.00715,0.00939,-0.01606,-0.0001,-0.00016,-0.00091,-0.0003,0.01206,0.00421,-0.01814,-0.01021,0.00054,-3e-05,5e-05
16.78,0.00095,0.00409,-0.01472,-0.004,-0.01047,-0.04529,-0.03004,-0.06356,0.09103,-0.07674,-0.0533,-0,-0.16889,0.16234,-0.06221,0.09357,0.50681,0.01367,0.08354,-0.46323,-0.1188,0.27061,0.01803,0.10936,0.0077,0.02095,-0.01804,0.01631,-0.01716,0.00301,-0.00031,-0.00091,-0.00044,0.00969,0.00282,-0.0251,-0.01623,0.00099,9e-05,0.00011
16.8,-0.00104,0.00265,-0.01935,-0.00392,-0.00553,-0.05799,-0.02029,-0.04145,0.07182,-0.08564,-0.06435,-0,-0.27916,0.02128,-0.088,0.29301,0.72396,-0.20075,0.07914,-0.43128,-0.07396,0.23564,-0.01762,0.1445,0.0295,0.00532,-0.02993,0.02396,-0.01587,0.00648,-0.00052,-0.00103,-0.00067,0.00563,0.001,-0.03066,-0.02153,0.00151,6e-05,7e-05
16.82,-0.00302,0.00123,-0.0237,-0.0025,0.00027,-0.07016,-0.01076,-0.01915,0.05129,-0.09413,-0.07881,-0,-0.40545,-0.13015,-0.1228,0.50714,0.99408,-0.44994,0.08258,-0.39488,-0.03182,0.20156,-0.05891,0.17934,0.04984,-0.0163,-0.0428,0.03161,-0.01365,0.01003,-0.00079,-0.00127,-0.00095,0.0003,-0.00105,-0.03559,-0.02627,0.00209,-0.00011,-6e-05
16.84,-0.00492,-0.00026,-0.02749,0.00032,0.00677,-0.08202,-0.00194,0.00276,0.03007,-0.10215,-0.09619,-0,-0.54693,-0.29668,-0.16956,0.73757,1.32382,-0.74075,0.0953,-0.35031,0.00763,0.16922,-0.1048,0.21892,0.06731,-0.04344,-0.05641,0.03854,-0.01187,0.01344,-0.00107,-0.00159,-0.00126,-0.00572,-0.00314,-0.04057,-0.03062,0.00273,-0.00042,-0.00028
16.86,-0.00675,-0.0019,-0.03057,0.00431,0.0136,-0.09365,0.00602,0.02396,0.00891,-0.10917,-0.11601,-0,-0.70232,-0.48084,-0.23039,0.98177,1.71202,-1.07424,0.11911,-0.29537,0.04527,0.13931,-0.1539,0.26818,0.08109,-0.07556,-0.07017,0.0441,-0.01153,0.01657,-0.00135,-0.00194,-0.00155,-0.01167,-0.00518,-0.04605,-0.03472,0.00339,-0.00085,-0.00058
16.88,-0.00854,-0.00375,-0.0329,0.00895,0.02013,-0.10488,0.01325,0.04423,-0.01114,-0.11405,-0.13768,-0,-0.86879,-0.68132,-0.30606,1.23091,2.14659,-1.44259,0.15612,-0.22988,0.0827,0.11248,-0.20421,0.33138,0.09081,-0.11179,-0.08306,0.04779,-0.01322,0.01939,-0.0016,-0.00222,-0.00175,-0.0166,-0.00712,-0.05214,-0.03862,0.00402,-0.00134,-0.00093
16.9,-0.01036,-0.00581,-0.03448,0.01336,0.02546,-0.11518,0.02012,0.06328,-0.02865,-0.11516,-0.16039,-0,-1.04121,-0.89193,-0.3959,1.46903,2.6029,-1.82764,0.2085,-0.15595,0.12178,0.08965,-0.25282,0.41163,0.09645,-0.15079,-0.09356,0.04913,-0.01714,0.02194,-0.00181,-0.00231,-0.00179,-0.01938,-0.00898,-0.05857,-0.04231,0.00456,-0.00183,-0.00128
16.92,-0.01227,-0.00805,-0.03537,0.01656,0.02861,-0.12384,0.02706,0.08076,-0.04213,-0.11054,-0.18319,-0,-1.21356,-1.10283,-0.49896,1.6767,3.04799,-2.20427,0.27774,-0.07748,0.1643,0.07209,-0.29629,0.51044,0.09825,-0.19085,-0.10001,0.04778,-0.02317,0.02426,-0.00194,-0.00208,-0.00161,-0.01889,-0.01075,-0.06488,-0.04567,0.00494,-0.00223,-0.00158
16.94,-0.01431,-0.01042,-0.03561,0.01769,0.02887,-0.13016,0.03438,0.09637,-0.05064,-0.09849,-0.20515,-0,-1.38172,-1.30329,-0.61586,1.83762,3.44848,-2.54674,0.36374,0.00085,0.21153,0.06137,-0.33133,0.62706,0.0966,-0.23024,-0.10113,0.04364,-0.03098,0.0264,-0.00199,-0.00143,-0.00115,-0.01442,-0.01244,-0.07059,-0.04856,0.0051,-0.00249,-0.00178
16.96,-0.01643,-0.01284,-0.03526,0.01622,0.02598,-0.13362,0.0422,0.10986,-0.05416,-0.07784,-0.22549,-1e-05,-1.54471,-1.48276,-0.74964,1.94269,3.77475,-2.83207,0.46386,0.07397,0.26386,0.05939,-0.35528,0.75772,0.09209,-0.26727,-0.09639,0.03691,-0.04011,0.02837,-0.00195,-0.00031,-0.0004,-0.00589,-0.01398,-0.07531,-0.05087,0.00502,-0.00256,-0.00186
16.98,-0.01853,-0.01519,-0.03434,0.01201,0.02027,-0.13389,0.05029,0.12094,-0.05361,-0.04824,-0.24336,-1e-05,-1.70392,-1.62982,-0.90509,1.9901,3.99921,-3.03843,0.57192,0.13592,0.32026,0.06845,-0.36595,0.89444,0.08546,-0.30012,-0.08616,0.02821,-0.04986,0.0301,-0.00182,0.00124,0.00061,0.00601,-0.01523,-0.07879,-0.05244,0.0047,-0.00243,-0.00181
17,-0.02039,-0.01728,-0.03284,0.00526,0.01254,-0.13075,0.05808,0.12918,-0.05076,-0.01024,-0.25777,-1e-05,-1.86142,-1.73121,-1.08731,1.98369,4.0946,-3.14375,0.67806,0.17962,0.37807,0.09111,-0.36147,1.02476,0.07764,-0.32652,-0.0716,0.01855,-0.05932,0.03146,-0.0016,0.00311,0.00179,0.01985,-0.01599,-0.08081,-0.05311,0.00419,-0.00211,-0.00162
17.02,-0.02176,-0.01893,-0.03075,-0.00353,0.00392,-0.12411,0.06484,0.13413,-0.04773,0.03486,-0.26764,-1e-05,-2.01853,-1.77385,-1.29983,1.93069,4.03786,-3.12892,0.77077,0.198,0.43335,0.12971,-0.34056,1.13428,0.06961,-0.34423,-0.05433,0.00909,-0.06745,0.03226,-0.00129,0.00516,0.00305,0.03381,-0.01602,-0.08119,-0.05273,0.00354,-0.00163,-0.00132
17.04,-0.02241,-0.01998,-0.02806,-0.01367,-0.0045,-0.11398,0.06995,0.1354,-0.04638,0.08516,-0.27205,-1e-05,-2.1746,-1.7487,-1.54248,1.83905,3.81786,-2.98443,0.84036,0.18607,0.48183,0.18551,-0.30309,1.21095,0.06224,-0.35165,-0.03599,0.0008,-0.07334,0.03223,-0.00092,0.00722,0.00428,0.0462,-0.01515,-0.07979,-0.05122,0.00282,-0.00104,-0.00093
17.06,-0.02216,-0.02038,-0.02475,-0.02435,-0.01181,-0.10053,0.07303,0.13289,-0.04792,0.13817,-0.27041,-1e-05,-2.32555,-1.65382,-1.80897,1.71613,3.44189,-2.71579,0.88113,0.1425,0.51932,0.25794,-0.25057,1.24786,0.05617,-0.34839,-0.01789,-0.00574,-0.07633,0.03112,-0.00048,0.00914,0.00538,0.05575,-0.01332,-0.0765,-0.04861,0.00208,-0.00038,-0.00049
17.08,-0.02093,-0.02019,-0.02084,-0.03451,-0.01728,-0.08417,0.07404,0.12679,-0.05278,0.19039,-0.26249,-1e-05,-2.46237,-1.49549,-2.08435,1.5691,2.93966,-2.34646,0.89153,0.07025,0.54152,0.34387,-0.18672,1.24353,0.05187,-0.33535,-0.00118,-0.01036,-0.07605,0.02861,0,0.01078,0.00628,0.06164,-0.01062,-0.07128,-0.04512,0.00136,0.0003,-3e-05
17.1,-0.01872,-0.01952,-0.0164,-0.04287,-0.02032,-0.06562,0.07313,0.11755,-0.06066,0.23713,-0.24843,-1e-05,-2.5708,-1.28786,-2.3444,1.40567,2.36248,-1.91701,0.87346,-0.02373,0.54383,0.43747,-0.11742,1.20105,0.04964,-0.31457,0.01313,-0.01318,-0.07234,0.02444,0.00051,0.01198,0.0069,0.06338,-0.00729,-0.06414,-0.04107,0.00072,0.00092,0.00041
17.12,-0.01556,-0.01855,-0.01153,-0.04814,-0.02045,-0.04574,0.0706,0.10574,-0.07083,0.27322,-0.22862,-1e-05,-2.63435,-1.04938,-2.56062,1.23345,1.77159,-1.47587,0.8309,-0.13032,0.52216,0.53162,-0.04946,1.12633,0.04957,-0.28869,0.02413,-0.01455,-0.06523,0.01837,0.00103,0.0126,0.00717,0.06072,-0.00359,-0.05514,-0.03686,0.00017,0.0014,0.00075
17.14,-0.01158,-0.01741,-0.00634,-0.04946,-0.01739,-0.0252,0.06666,0.09193,-0.08245,0.29432,-0.20375,-1e-05,-2.63966,-0.79752,-2.70876,1.05856,1.21976,-1.06489,0.76851,-0.241,0.47419,0.62015,0.01153,1.02601,0.05143,-0.26013,0.03126,-0.01491,-0.05491,0.01037,0.00154,0.01257,0.00707,0.05364,0.00027,-0.0443,-0.03275,-0.00024,0.0017,0.00097
17.16,-0.00695,-0.0162,-0.00093,-0.04664,-0.0111,-0.00439,0.06141,0.07657,-0.09477,0.29784,-0.17481,-0,-2.58025,-0.54608,-2.77438,0.88536,0.74047,-0.71074,0.69077,-0.3493,0.40053,0.6991,0.0623,0.90635,0.05454,-0.23067,0.03436,-0.01467,-0.04177,0.00067,0.00203,0.01188,0.00661,0.04231,0.00422,-0.03163,-0.0288,-0.00053,0.00179,0.00105
17.18,-0.00194,-0.01495,0.00457,-0.04029,-0.00183,0.01648,0.05482,0.06013,-0.10714,0.28306,-0.14336,-0,-2.45772,-0.30635,-2.75346,0.7176,0.34896,-0.42561,0.60235,-0.45045,0.30548,0.76649,0.10193,0.77381,0.05777,-0.20159,0.03369,-0.01426,-0.02647,-0.01012,0.0025,0.01064,0.00586,0.02715,0.00831,-0.01718,-0.02486,-0.00069,0.00167,0.00098
17.2,0.00307,-0.01364,0.00996,-0.03168,0.00989,0.03721,0.04676,0.04316,-0.11889,0.2509,-0.11158,-0,-2.28118,-0.08887,-2.65085,0.55966,0.04732,-0.211,0.50853,-0.54048,0.197,0.82151,0.13115,0.63577,0.05955,-0.17383,0.02986,-0.01409,-0.01001,-0.02103,0.00295,0.00904,0.00492,0.00893,0.01271,-0.00117,-0.02062,-0.00076,0.00137,0.00079
17.22,0.00763,-0.01224,0.01502,-0.02244,0.02332,0.05757,0.03713,0.02624,-0.12939,0.20345,-0.08189,-0,-2.06422,0.09695,-2.47717,0.41612,-0.17094,-0.06133,0.41466,-0.6161,0.08493,0.86408,0.15169,0.49994,0.05828,-0.14809,0.02364,-0.01445,0.00646,-0.03091,0.00337,0.00731,0.00395,-0.01139,0.01754,0.01602,-0.01576,-0.00076,0.00093,0.00051
17.24,0.01141,-0.0107,0.01957,-0.01399,0.03776,0.0773,0.02585,0.0099,-0.13814,0.14333,-0.05616,-0,-1.82056,0.24478,-2.24501,0.2904,-0.31699,0.03281,0.32513,-0.67513,-0.02198,0.89464,0.16552,0.37307,0.05279,-0.12471,0.0158,-0.01555,0.02195,-0.03882,0.00377,0.00565,0.00305,-0.0329,0.02285,0.03391,-0.01001,-0.00073,0.00041,0.00017
17.26,0.01423,-0.00902,0.02348,-0.00724,0.05257,0.0961,0.01302,-0.00551,-0.14487,0.07356,-0.0353,-0,-1.56193,0.35233,-1.96741,0.18402,-0.40376,0.08236,0.24297,-0.71666,-0.11769,0.91388,0.17436,0.26048,0.04277,-0.10369,0.00701,-0.01736,0.03577,-0.04426,0.00412,0.0042,0.00228,-0.05473,0.02851,0.05189,-0.00331,-0.0007,-0.00016,-0.00019
17.28,0.01604,-0.00722,0.02672,-0.00255,0.06712,0.11345,-0.001,-0.01961,-0.14947,-0.00203,-0.01931,-0,-1.29939,0.42056,-1.65925,0.09742,-0.44423,0.09857,0.17032,-0.74065,-0.19854,0.92253,0.17939,0.16675,0.02889,-0.08482,-0.00212,-0.01965,0.04747,-0.04718,0.00441,0.003,0.00168,-0.07598,0.03415,0.06906,0.00411,-0.00067,-0.00073,-0.00056
17.3,0.01695,-0.00538,0.02926,0.00016,0.08065,0.12849,-0.01552,-0.03199,-0.15193,-0.07844,-0.00752,-0,-1.04497,0.45258,-1.33868,0.03079,-0.45051,0.09238,0.10909,-0.74745,-0.2624,0.92108,0.1813,0.09652,0.01274,-0.06791,-0.01102,-0.02197,0.05674,-0.04786,0.0046,0.00206,0.00123,-0.09551,0.03912,0.08418,0.01176,-0.00067,-0.00127,-0.00088
17.32,0.0171,-0.00361,0.03107,0.00127,0.09234,0.14023,-0.02963,-0.04216,-0.15231,-0.14998,0.00125,-0,-0.81054,0.45262,-1.0248,-0.01585,-0.43315,0.0736,0.06086,-0.73728,-0.30816,0.90957,0.18047,0.05362,-0.00369,-0.05284,-0.01907,-0.02379,0.06336,-0.04683,0.00466,0.00136,0.0009,-0.11211,0.04271,0.09584,0.01896,-0.00069,-0.00175,-0.00115
17.34,0.01667,-0.00201,0.03216,0.00125,0.10138,0.14777,-0.04241,-0.04971,-0.15068,-0.21133,0.00855,-0,-0.60491,0.42538,-0.73314,-0.0431,-0.40088,0.05017,0.02628,-0.70974,-0.33565,0.88729,0.17733,0.03934,-0.01878,-0.03949,-0.02572,-0.02464,0.06723,-0.04458,0.00456,0.00083,0.00065,-0.12462,0.04435,0.10297,0.02511,-0.00073,-0.00214,-0.00135
17.36,0.01583,-0.00065,0.03253,0.00055,0.10704,0.15058,-0.05304,-0.05443,-0.14719,-0.25808,0.01613,-0,-0.43242,0.37573,-0.47347,-0.05253,-0.36051,0.02777,0.00477,-0.66359,-0.3455,0.85279,0.17263,0.05118,-0.03181,-0.02779,-0.03041,-0.02422,0.06843,-0.04157,0.00429,0.00044,0.00043,-0.13214,0.04383,0.105,0.02978,-0.00078,-0.00244,-0.00146
17.38,0.01471,0.00044,0.03223,-0.00046,0.10861,0.14847,-0.06075,-0.0562,-0.14201,-0.28643,0.02591,-0,-0.29406,0.30892,-0.25128,-0.04661,-0.31724,0.00988,-0.00537,-0.59703,-0.33895,0.80402,0.16758,0.08248,-0.04296,-0.01783,-0.03259,-0.02241,0.06716,-0.03812,0.00385,0.00014,0.00024,-0.13395,0.04128,0.10201,0.03273,-0.00083,-0.00264,-0.0015
17.4,0.01345,0.00122,0.03128,-0.00146,0.10541,0.14155,-0.06473,-0.05503,-0.1354,-0.29301,0.03985,-0,-0.18897,0.23077,-0.06998,-0.02848,-0.27495,-0.0019,-0.00662,-0.50787,-0.31774,0.73858,0.16372,0.12293,-0.05316,-0.00987,-0.03169,-0.0193,0.06373,-0.03448,0.00325,-0.00011,5e-05,-0.12949,0.03718,0.09456,0.03386,-0.00084,-0.00276,-0.00149
17.42,0.01216,0.00168,0.02972,-0.00219,0.09692,0.13014,-0.06427,-0.05096,-0.12764,-0.27549,0.05971,-0,-0.11508,0.14725,0.06868,-0.00193,-0.23635,-0.00744,-0.0019,-0.39332,-0.28406,0.65355,0.16247,0.16019,-0.06387,-0.00408,-0.02728,-0.01511,0.05849,-0.03081,0.00255,-0.00034,-0.00013,-0.11843,0.03221,0.08354,0.03319,-0.0008,-0.00282,-0.00147
17.44,0.01091,0.00184,0.02758,-0.00252,0.08305,0.11467,-0.05894,-0.04408,-0.11896,-0.23384,0.08685,-0,-0.06884,0.06366,0.16547,0.02882,-0.20305,-0.00746,0.00597,-0.2495,-0.2406,0.54534,0.16449,0.18239,-0.0768,-0.00019,-0.01934,-0.01009,0.05173,-0.02716,0.00176,-0.00056,-0.00031,-0.10099,0.02706,0.06993,0.03085,-0.00066,-0.00284,-0.00145
17.46,0.00975,0.00174,0.0249,-0.00244,0.06434,0.09572,-0.04877,-0.03458,-0.10953,-0.17148,0.12183,-0,-0.04529,-0.01559,0.224,0.05898,-0.17561,-0.00323,0.01445,-0.07169,-0.19085,0.40989,0.16914,0.17972,-0.09376,0.00285,-0.00849,-0.00453,0.04369,-0.02344,0.00094,-0.00078,-0.00049,-0.07814,0.0223,0.05469,0.02712,-0.00041,-0.00284,-0.00146
17.48,0.0087,0.00148,0.02173,-0.00206,0.0422,0.07413,-0.03436,-0.02278,-0.0995,-0.09588,0.16417,-1e-05,-0.0382,-0.08645,0.25029,0.08295,-0.15386,0.00353,0.02134,0.14441,-0.13942,0.24368,0.17433,0.14478,-0.11645,0.0069,0.0039,0.00124,0.03455,-0.01949,0.00011,-0.00103,-0.00065,-0.05181,0.0184,0.0388,0.02244,-3e-05,-0.00286,-0.00152
17.5,0.00774,0.00119,0.01818,-0.00162,0.01891,0.05105,-0.0169,-0.00921,-0.08909,-0.01843,0.21217,-1e-05,-0.0406,-0.14474,0.25187,0.09441,-0.13717,0.01072,0.02471,0.40139,-0.09234,0.04464,0.17667,0.07248,-0.14624,0.01451,0.01574,0.00679,0.02452,-0.01507,-0.00065,-0.00127,-0.00081,-0.02491,0.01578,0.02339,0.01743,0.00049,-0.00293,-0.00163
17.52,0.00687,0.00098,0.01436,-0.0014,-0.00288,0.02781,0.002,0.00555,-0.07861,0.04787,0.26329,-1e-05,-0.0456,-0.18649,0.23674,0.08741,-0.12461,0.01609,0.02291,0.69974,-0.05644,-0.18778,0.1718,-0.04026,-0.18374,0.02854,0.02463,0.01167,0.0138,-0.00993,-0.00132,-0.00151,-0.00094,-0.00076,0.01474,0.00955,0.01278,0.00116,-0.00307,-0.00179
17.54,0.00602,0.00099,0.01043,-0.00161,-0.02088,0.00549,0.02062,0.02099,-0.06844,0.09196,0.31481,-1e-05,-0.04737,-0.20899,0.21213,0.05815,-0.11516,0.0177,0.01473,1.03796,-0.0383,-0.45304,0.15504,-0.19467,-0.22823,0.05172,0.02857,0.01545,0.00246,-0.00381,-0.00184,-0.00172,-0.00104,0.01788,0.01539,-0.00197,0.00905,0.00196,-0.00331,-0.00201
17.56,0.00512,0.00128,0.0065,-0.00238,-0.0336,-0.01525,0.03718,0.03682,-0.05906,0.1071,0.36407,-1e-05,-0.04189,-0.21138,0.18389,0.0064,-0.10776,0.01421,-0.00052,1.41144,-0.04359,-0.74886,0.12193,-0.38967,-0.27709,0.08609,0.02639,0.0178,-0.00955,0.00348,-0.00221,-0.00189,-0.0011,0.02944,0.01763,-0.01091,0.00663,0.00285,-0.00362,-0.00227
17.58,0.00406,0.00185,0.00275,-0.00366,-0.04037,-0.03402,0.04982,0.0528,-0.05111,0.09121,0.384,-1e-05,-0.02711,-0.19482,0.15649,-0.06386,-0.10142,0.00491,-0.02288,1.80945,-0.07688,-1.06891,0.06852,-0.62042,-0.32529,0.13277,0.01786,0.01847,-0.02234,0.01204,-0.00246,-0.00196,-0.00111,0.03353,0.02105,-0.01746,0.00569,0.00378,-0.004,-0.00255
17.6,0.0027,0.00268,-0.0006,-0.0053,-0.04118,-0.05058,0.05649,0.06866,-0.04546,0.04643,0.384,-1e-05,-0.00284,-0.16212,0.13324,-0.14456,-0.09532,-0.01021,-0.05167,2.21324,-0.14172,-1.40114,-0.00837,-0.87713,-0.36514,0.19173,0.00364,0.01728,-0.03594,0.0218,-0.00262,-0.00192,-0.00103,0.03076,0.02503,-0.02217,0.00626,0.00465,-0.0044,-0.00281
17.62,0.00093,0.00369,-0.00333,-0.00705,-0.03657,-0.06473,0.05532,0.08416,-0.04304,-0.02202,0.384,-1e-05,0.02964,-0.11714,0.11647,-0.22543,-0.08882,-0.03053,-0.08561,2.5989,-0.24046,-1.72955,-0.111,-1.14549,-0.38656,0.26196,-0.01498,0.01417,-0.05024,0.03255,-0.00275,-0.00173,-0.00087,0.02247,0.02882,-0.02572,0.00819,0.00536,-0.00476,-0.00302
17.64,-0.00129,0.00483,-0.00528,-0.00862,-0.02749,-0.07643,0.04511,0.09915,-0.04462,-0.10713,0.384,-1e-05,0.06827,-0.06386,0.10757,-0.29674,-0.08151,-0.05477,-0.12298,2.94333,-0.37404,-2.03801,-0.24046,-1.40818,-0.3778,0.34182,-0.03636,0.00932,-0.06487,0.04394,-0.00289,-0.00135,-0.0006,0.01033,0.03175,-0.02872,0.01125,0.00582,-0.00503,-0.00314
17.66,-0.00393,0.00603,-0.00644,-0.00975,-0.01529,-0.08569,0.02586,0.11362,-0.05064,-0.20071,0.384,-1e-05,0.11044,-0.00594,0.10712,-0.3511,-0.0732,-0.08091,-0.16159,3.22725,-0.54123,-2.312,-0.39601,-1.645,-0.32602,0.42896,-0.05872,0.00325,-0.0791,0.05552,-0.00306,-0.00079,-0.00024,-0.00381,0.03335,-0.03151,0.01508,0.00599,-0.00515,-0.00314
17.68,-0.00686,0.00724,-0.0069,-0.01019,-0.00177,-0.09259,-0.00109,0.12763,-0.0611,-0.29286,0.384,-1e-05,0.15277,0.05291,0.11484,-0.38337,-0.06406,-0.10597,-0.19854,3.4336,-0.73731,-2.53674,-0.57385,-1.83094,-0.21761,0.51971,-0.07995,-0.00313,-0.09169,0.06658,-0.00327,-6e-05,0.00019,-0.01789,0.03337,-0.03413,0.0192,0.00586,-0.00509,-0.00302
17.7,-0.00979,0.0084,-0.00687,-0.00969,0.01079,-0.09712,-0.03302,0.14113,-0.0756,-0.37177,0.384,-1e-05,0.19096,0.10868,0.12978,-0.3902,-0.05457,-0.12602,-0.23004,3.54567,-0.9533,-2.69573,-0.7664,-1.93557,-0.03902,0.60852,-0.09759,-0.00856,-0.10089,0.07618,-0.00349,0.00079,0.00066,-0.02965,0.03174,-0.03628,0.02298,0.00545,-0.00483,-0.00275
17.72,-0.01241,0.00947,-0.00661,-0.00803,0.02007,-0.09923,-0.06648,0.15405,-0.09348,-0.42569,0.32725,-1e-05,0.22046,0.15752,0.15047,-0.36986,-0.04541,-0.13668,-0.25202,3.5488,-1.17745,-2.77314,-0.96367,-1.92762,0.22121,0.68842,-0.10919,-0.01169,-0.10478,0.08324,-0.00367,0.00171,0.00113,-0.03693,0.02849,-0.03751,0.02577,0.0048,-0.00435,-0.00234
17.74,-0.01439,0.0104,-0.00636,-0.00505,0.02427,-0.09887,-0.09815,0.16626,-0.11407,-0.44623,0.24579,-1e-05,0.23751,0.19668,0.17517,-0.32246,-0.03717,-0.13425,-0.26123,3.43468,-1.39803,-2.75891,-1.15594,-1.78315,0.56936,0.75205,-0.11304,-0.01156,-0.10186,0.08688,-0.00372,0.00265,0.00156,-0.0383,0.02367,-0.03732,0.02708,0.00396,-0.00361,-0.00178
17.76,-0.01551,0.0112,-0.00633,-0.00068,0.02255,-0.09599,-0.12539,0.1777,-0.13679,-0.43061,0.14925,-1e-05,0.23999,0.22514,0.20205,-0.25027,-0.0302,-0.11633,-0.25591,3.2051,-1.60452,-2.65262,-1.33493,-1.49207,1.00303,0.79219,-0.10866,-0.00791,-0.09152,0.08656,-0.00353,0.0036,0.00196,-0.03344,0.01727,-0.03534,0.02668,0.00299,-0.00258,-0.00104
17.78,-0.0156,0.01188,-0.00664,0.00498,0.01516,-0.09062,-0.14616,0.18818,-0.16102,-0.3823,0.0407,-1e-05,0.22746,0.24343,0.2289,-0.15835,-0.02461,-0.08217,-0.23603,2.87412,-1.78633,-2.46494,-1.49273,-1.06135,1.50728,0.80149,-0.0969,-0.00128,-0.07414,0.08215,-0.00297,0.00458,0.00237,-0.0233,0.0093,-0.03135,0.02463,0.00192,-0.00121,-0.00012
17.8,-0.01458,0.01245,-0.00735,0.01171,0.00325,-0.08284,-0.15882,0.19737,-0.18592,-0.31025,-0.07496,-1e-05,0.20104,0.25329,0.25316,-0.05454,-0.02037,-0.03265,-0.20314,2.46805,-1.93159,-2.21679,-1.62075,-0.51512,2.05291,0.77258,-0.07981,0.00706,-0.05113,0.07391,-0.00185,0.00561,0.00283,-0.00991,-0.0002,-0.02528,0.02128,0.00081,0.00052,0.001
17.82,-0.01243,0.01295,-0.00847,0.01911,-0.01148,-0.07279,-0.16221,0.20477,-0.21052,-0.22635,-0.19167,-1e-05,0.16314,0.25705,0.2723,0.05177,-0.01732,0.02991,-0.15995,2.02036,-2.02873,-1.93454,-1.71113,0.11167,2.60121,0.69988,-0.05999,0.01552,-0.02449,0.06233,-5e-05,0.00671,0.00339,0.00418,-0.01109,-0.01725,0.0171,-0.00028,0.00263,0.00233
17.84,-0.00921,0.01337,-0.00994,0.02665,-0.02738,-0.06064,-0.15599,0.20983,-0.23392,-0.14157,-0.30345,-1e-05,0.11711,0.25696,0.28464,0.15192,-0.01517,0.10202,-0.10981,1.56345,-2.07002,-1.64267,-1.75975,0.78327,3.11275,0.58261,-0.03972,0.02266,0.0037,0.04806,0.0025,0.00788,0.0041,0.01678,-0.02306,-0.00754,0.01256,-0.00129,0.00508,0.00384
17.86,-0.00506,0.01369,-0.01161,0.03366,-0.04323,-0.04661,-0.14094,0.21195,-0.25536,-0.06374,-0.384,-1e-05,0.06719,0.25479,0.28991,0.23919,-0.01354,0.17898,-0.05648,1.12464,-2.0539,-1.35989,-1.76826,1.46753,3.55168,0.42736,-0.02038,0.0276,0.03156,0.03186,0.00569,0.00908,0.00492,0.02664,-0.03558,0.00339,0.00803,-0.00219,0.0078,0.00545
17.88,-0.00028,0.01386,-0.01326,0.03931,-0.05818,-0.03112,-0.11906,0.21049,-0.27408,0.00248,-0.384,-1e-05,0.01887,0.25167,0.28928,0.30836,-0.01199,0.25428,-0.0045,0.72852,-1.98555,-1.1002,-1.7444,2.13196,3.8833,0.24984,-0.00247,0.03003,0.05727,0.01471,0.00927,0.01023,0.0058,0.03346,-0.04775,0.01476,0.00379,-0.00292,0.01058,0.00707
17.9,0.00473,0.01378,-0.01458,0.04253,-0.0716,-0.0148,-0.09348,0.20475,-0.28915,0.05478,-0.384,-1e-05,-0.02106,0.24819,0.28514,0.3551,-0.00999,0.31946,0.04066,0.39947,-1.87605,-0.87506,-1.70094,2.73946,4.07193,0.07434,0.01415,0.03014,0.07893,-0.00215,0.01279,0.01117,0.0066,0.03777,-0.05832,0.02547,7e-05,-0.00346,0.01317,0.00852
17.92,0.00948,0.01336,-0.01522,0.04234,-0.08307,0.00155,-0.06787,0.19418,-0.29967,0.09254,-0.384,-1e-05,-0.04574,0.24451,0.28042,0.37622,-0.00708,0.36571,0.07356,0.15849,-1.73955,-0.69297,-1.65234,3.25129,4.08661,-0.0721,0.02995,0.02841,0.09476,-0.0174,0.01573,0.01174,0.00719,0.04056,-0.06588,0.03435,-0.00299,-0.00376,0.01525,0.0096
17.94,0.0136,0.01253,-0.01491,0.03812,-0.0923,0.01721,-0.04534,0.1786,-0.3051,0.11639,-0.384,-1e-05,-0.0503,0.24062,0.27769,0.37047,-0.00296,0.38663,0.09034,0.01616,-1.58924,-0.5575,-1.61009,3.63503,3.91204,-0.16893,0.04544,0.02539,0.10355,-0.03003,0.01768,0.01184,0.00747,0.04284,-0.06933,0.04046,-0.00531,-0.00381,0.01659,0.01017
17.96,0.01686,0.01128,-0.01351,0.02993,-0.09917,0.03162,-0.02788,0.15847,-0.30553,0.12773,-0.384,-1e-05,-0.03326,0.23647,0.27847,0.33929,0.0024,0.38005,0.0899,-0.032,-1.43517,-0.46625,-1.57962,3.86912,3.55727,-0.20824,0.06079,0.02152,0.10499,-0.03958,0.01847,0.01143,0.00739,0.04534,-0.06815,0.04339,-0.00692,-0.00361,0.01706,0.01016
17.98,0.0192,0.00966,-0.01103,0.01867,-0.10362,0.04429,-0.01631,0.13506,-0.30165,0.12854,-0.384,-1e-05,0.00301,0.23205,0.28317,0.28708,0.00869,0.34853,0.07408,-0.00603,-1.28482,-0.41139,-1.55978,3.94159,3.05998,-0.19586,0.0757,0.01718,0.09969,-0.0461,0.01811,0.0106,0.00699,0.0484,-0.06246,0.04324,-0.00794,-0.00321,0.01667,0.00961
18,0.02069,0.0078,-0.00764,0.00594,-0.10561,0.05472,-0.01056,0.11047,-0.29474,0.12118,-0.384,-1e-05,0.05268,0.22742,0.29109,0.22099,0.01531,0.29874,0.04731,0.06124,-1.14421,-0.3812,-1.54374,3.8478,2.48429,-0.14924,0.08937,0.01265,0.08908,-0.05003,0.01687,0.00952,0.0064,0.05199,-0.05297,0.0406,-0.00856,-0.00269,0.01555,0.00864
18.02,0.02145,0.00586,-0.00361,-0.00634,-0.10513,0.06246,-0.00991,0.08716,-0.28626,0.10806,-0.384,-0,0.1082,0.22275,0.30089,0.14933,0.02147,0.23959,0.0154,0.13214,-1.01766,-0.36256,-1.52125,3.59032,1.90479,-0.09145,0.10072,0.00815,0.07502,-0.05201,0.01509,0.0084,0.00576,0.05584,-0.04075,0.03629,-0.00895,-0.00212,0.01389,0.0074
18.04,0.02162,0.00398,0.00077,-0.01657,-0.10226,0.06732,-0.01336,0.06716,-0.27745,0.09122,-0.34805,-0,0.16272,0.21823,0.31112,0.07928,0.0265,0.17938,-0.01608,0.17529,-0.90667,-0.34417,-1.48185,3.18066,1.38196,-0.04272,0.10891,0.00379,0.05935,-0.05265,0.0131,0.00742,0.0052,0.05957,-0.02695,0.0312,-0.00925,-0.00159,0.01191,0.00604
18.06,0.0213,0.00226,0.00521,-0.02391,-0.09728,0.0695,-0.01982,0.05158,-0.26903,0.07222,-0.29818,-0,0.21165,0.21416,0.32055,0.01552,0.03004,0.12419,-0.04288,0.17308,-0.80952,-0.31866,-1.41721,2.64226,0.94707,-0.01484,0.11366,-0.00036,0.04362,-0.05243,0.01115,0.00671,0.00479,0.06285,-0.01265,0.0261,-0.00953,-0.00114,0.00976,0.00468
18.08,0.02056,0.00073,0.00939,-0.02829,-0.09067,0.0696,-0.02812,0.0406,-0.2612,0.05216,-0.2598,-0,0.25266,0.21093,0.3282,-0.03962,0.03201,0.07784,-0.06206,0.1235,-0.72191,-0.28338,-1.32213,2.01494,0.60174,-0.01,0.11526,-0.00432,0.02915,-0.05159,0.00938,0.0063,0.00456,0.06535,0.0011,0.02168,-0.00972,-0.00079,0.0076,0.00342
18.1,0.01943,-0.00059,0.01298,-0.0303,-0.08312,0.06853,-0.03702,0.03372,-0.25376,0.03188,-0.23129,-0,0.28508,0.20902,0.33326,-0.08547,0.03255,0.04242,-0.07182,0.03842,-0.6381,-0.24011,-1.19485,1.35563,0.32467,-0.02201,0.11446,-0.0081,0.01709,-0.05022,0.00786,0.00616,0.00447,0.06675,0.01318,0.01856,-0.00966,-0.00054,0.00556,0.00231
18.12,0.01793,-0.00169,0.01564,-0.03084,-0.07539,0.06727,-0.04532,0.03001,-0.24628,0.01209,-0.20934,-0,0.30927,0.2088,0.33507,-0.1224,0.03199,0.01859,-0.07143,-0.06249,-0.55241,-0.19334,-1.03699,0.72786,0.08362,-0.04009,0.11223,-0.01171,0.0084,-0.04831,0.00659,0.00625,0.00448,0.06679,0.02253,0.0172,-0.0092,-0.00037,0.00377,0.0014
18.14,0.01611,-0.0026,0.01715,-0.03069,-0.06813,0.0666,-0.05207,0.02844,-0.23829,-0.00653,-0.19049,-0,0.32588,0.21025,0.33314,-0.15117,0.03067,0.00567,-0.06139,-0.16026,-0.46079,-0.14774,-0.8531,0.18397,-0.14968,-0.05405,0.10943,-0.01514,0.00366,-0.04587,0.00556,0.00646,0.00451,0.06533,0.02843,0.01784,-0.00821,-0.00026,0.0023,0.0007
18.16,0.01406,-0.00334,0.01746,-0.03027,-0.06172,0.06689,-0.05671,0.02811,-0.22949,-0.02324,-0.17234,-0,0.33535,0.2127,0.32724,-0.17249,0.02894,0.00178,-0.04356,-0.24223,-0.36227,-0.10653,-0.65117,-0.24544,-0.38867,-0.05778,0.10656,-0.01834,0.00297,-0.04302,0.00474,0.00673,0.00451,0.06239,0.03062,0.0204,-0.00672,-0.00019,0.0012,0.00022
18.18,0.01193,-0.00393,0.01672,-0.02955,-0.05629,0.068,-0.05906,0.02829,-0.21985,-0.03698,-0.154,-0,0.3377,0.21479,0.31737,-0.18667,0.02711,0.00387,-0.02132,-0.3028,-0.26005,-0.07141,-0.44419,-0.5506,-0.62717,-0.05014,0.10378,-0.02118,0.00588,-0.04002,0.0041,0.00697,0.00445,0.05826,0.02936,0.02443,-0.00494,-0.00015,0.00043,-7e-05
18.2,0.00997,-0.00437,0.01525,-0.0281,-0.05182,0.0694,-0.05925,0.02844,-0.20963,-0.04642,-0.13609,-0,0.33246,0.21457,0.30386,-0.19356,0.02546,0.00802,0.0006,-0.34219,-0.16163,-0.04299,-0.25061,-0.73729,-0.84014,-0.0344,0.10093,-0.02345,0.01155,-0.0373,0.00361,0.00711,0.0043,0.05338,0.02531,0.02913,-0.00321,-0.00013,-3e-05,-0.00021
18.22,0.00843,-0.00467,0.0134,-0.0253,-0.04816,0.07036,-0.05759,0.02823,-0.19926,-0.0502,-0.12031,-0,0.31915,0.21005,0.28728,-0.19281,0.02425,0.01014,0.01708,-0.36451,-0.07655,-0.02111,-0.09058,-0.82058,-0.99289,-0.01625,0.09764,-0.02492,0.01893,-0.0353,0.00328,0.00709,0.00404,0.04829,0.01936,0.03363,-0.00192,-0.00013,-0.00026,-0.00025
18.24,0.00747,-0.00482,0.01151,-0.02072,-0.04507,0.07025,-0.05453,0.02755,-0.18917,-0.04743,-0.10871,-0,0.29778,0.19993,0.26846,-0.18455,0.02372,0.00711,0.02414,-0.37527,-0.0126,-0.00515,0.02056,-0.81843,-1.05566,-0.00119,0.09354,-0.02536,0.02709,-0.03432,0.00307,0.00687,0.00367,0.04337,0.01235,0.03719,-0.00135,-0.00016,-0.00029,-0.00023
18.26,0.00715,-0.00481,0.00977,-0.0143,-0.04225,0.0688,-0.0505,0.02657,-0.17965,-0.03815,-0.10323,-0,0.26946,0.18426,0.2485,-0.16978,0.024,-0.00258,0.02001,-0.37981,0.02653,0.00575,0.07643,-0.74756,-1.01374,0.00741,0.08836,-0.02468,0.03541,-0.0344,0.00296,0.00645,0.00321,0.03875,0.00492,0.03944,-0.00158,-0.00022,-0.00019,-0.00016
18.28,0.00733,-0.00462,0.00825,-0.00647,-0.03938,0.06615,-0.04601,0.0257,-0.17089,-0.02341,-0.10563,-0,0.23668,0.16459,0.22898,-0.15062,0.0252,-0.01852,0.00533,-0.38278,0.04157,0.01252,0.08017,-0.62259,-0.86997,0.00858,0.08199,-0.02286,0.04353,-0.03523,0.00293,0.00588,0.00271,0.03426,-0.0025,0.04041,-0.00243,-0.00033,5e-05,-5e-05
18.3,0.00779,-0.00424,0.0069,0.00183,-0.03615,0.06279,-0.04161,0.02558,-0.16309,-0.00524,-0.11749,-0,0.20328,0.14395,0.21191,-0.1302,0.02734,-0.03852,-0.01704,-0.38799,0.03684,0.01605,0.04284,-0.45651,-0.64315,0.00354,0.07454,-0.02003,0.05134,-0.0363,0.00293,0.00524,0.00221,0.02957,-0.00959,0.04047,-0.00352,-0.00052,0.0004,0.00011
18.32,0.00823,-0.00364,0.00562,0.00947,-0.03229,0.05941,-0.03783,0.02686,-0.15637,0.01383,-0.13996,-0,0.17355,0.12589,0.19936,-0.11191,0.03034,-0.05949,-0.04298,-0.39805,0.01889,0.01715,-0.0201,-0.2611,-0.36225,-0.00514,0.06622,-0.01638,0.05879,-0.03695,0.00292,0.00464,0.00178,0.02426,-0.01609,0.04015,-0.0044,-0.00082,0.00086,0.00034
18.34,0.00841,-0.00286,0.00432,0.01548,-0.02757,0.0566,-0.03503,0.02991,-0.15079,0.03149,-0.17325,-0,0.15082,0.11316,0.1927,-0.09826,0.03404,-0.07851,-0.06845,-0.41383,-0.00537,0.01644,-0.09341,-0.04743,-0.05822,-0.01458,0.05731,-0.01212,0.06586,-0.03667,0.00287,0.00414,0.00146,0.01797,-0.02182,0.03994,-0.00468,-0.00121,0.00143,0.00065
18.36,0.00817,-0.00195,0.00297,0.01932,-0.0219,0.05472,-0.03337,0.03459,-0.14621,0.04602,-0.21619,-0,0.13652,0.10683,0.19205,-0.09014,0.03809,-0.09364,-0.09031,-0.43404,-0.0297,0.0144,-0.16498,0.17305,0.24059,-0.02233,0.04803,-0.00754,0.07241,-0.03525,0.00277,0.00379,0.00128,0.01059,-0.02657,0.04019,-0.00421,-0.00168,0.00206,0.00101
18.38,0.00751,-0.00102,0.00162,0.02089,-0.01531,0.05381,-0.03275,0.04019,-0.1424,0.0563,-0.26584,-1e-05,0.13011,0.10611,0.19626,-0.0867,0.04198,-0.10398,-0.10633,-0.45493,-0.04871,0.01135,-0.22601,0.38651,0.50724,-0.02644,0.03868,-0.00297,0.07814,-0.0328,0.0026,0.00357,0.00122,0.00226,-0.03012,0.04101,-0.00308,-0.00216,0.00268,0.00141
18.4,0.00652,-0.00025,0.00038,0.02048,-0.00801,0.05371,-0.03287,0.04544,-0.13903,0.06172,-0.31743,-1e-05,0.12937,0.10863,0.20299,-0.08563,0.04501,-0.10943,-0.11504,-0.47065,-0.0577,0.00748,-0.27035,0.57568,0.71471,-0.02544,0.02966,0.00117,0.08255,-0.02974,0.00238,0.00342,0.00122,-0.00653,-0.03218,0.04231,-0.00158,-0.00256,0.00321,0.00175
18.42,0.0054,0.0002,-0.00058,0.0186,-0.00034,0.05407,-0.0333,0.04888,-0.13571,0.06221,-0.36529,-1e-05,0.13116,0.11119,0.20933,-0.08391,0.04645,-0.11038,-0.11559,-0.47483,-0.05294,0.00284,-0.29393,0.72155,0.83865,-0.01839,0.02135,0.00446,0.08505,-0.02664,0.00212,0.00328,0.00124,-0.01516,-0.03244,0.04385,-0.00012,-0.00278,0.00353,0.00199
18.44,0.00429,0.0002,-0.00112,0.01579,0.00738,0.05454,-0.0336,0.04933,-0.13201,0.05837,-0.384,-1e-05,0.13231,0.11075,0.21259,-0.07886,0.0458,-0.10735,-0.10783,-0.4631,-0.0322,-0.00257,-0.29444,0.80722,0.86319,-0.00499,0.01403,0.00659,0.08517,-0.02396,0.00185,0.00308,0.00122,-0.02307,-0.03077,0.04534,0.00097,-0.00275,0.00357,0.00206
18.46,0.00332,-0.00023,-0.0012,0.01248,0.01488,0.05477,-0.03336,0.04624,-0.12746,0.05162,-0.384,-1e-05,0.13026,0.10518,0.21084,-0.06884,0.04296,-0.10072,-0.09229,-0.43486,0.00475,-0.00877,-0.27114,0.82032,0.78501,0.0142,0.00776,0.00749,0.0827,-0.02193,0.00156,0.00278,0.00115,-0.02994,-0.02728,0.04642,0.00153,-0.00246,0.0033,0.00194
18.48,0.00257,-0.00099,-0.00085,0.00898,0.02191,0.0545,-0.03221,0.03982,-0.12156,0.0443,-0.384,-1e-05,0.12328,0.09344,0.20304,-0.05355,0.03831,-0.09075,-0.07036,-0.39392,0.05581,-0.01575,-0.22487,0.75329,0.61472,0.03764,0.00239,0.00729,0.07773,-0.0205,0.00128,0.00238,0.001,-0.03564,-0.02239,0.04671,0.0016,-0.00195,0.00278,0.00167
18.5,0.00206,-0.00185,-0.00018,0.00555,0.02818,0.05351,-0.02986,0.03093,-0.11389,0.0395,-0.384,-1e-05,0.11041,0.07557,0.18899,-0.03393,0.03262,-0.07761,-0.04421,-0.34807,0.11673,-0.02344,-0.15792,0.60239,0.37502,0.06284,-0.00234,0.00631,0.07062,-0.0194,0.00101,0.00193,0.00081,-0.04018,-0.01677,0.0458,0.0014,-0.00132,0.0021,0.00129
18.52,0.00179,-0.00255,0.00064,0.00231,0.03344,0.05165,-0.02609,0.02077,-0.10407,0.04038,-0.384,-1e-05,0.09141,0.05235,0.16911,-0.01179,0.02684,-0.06148,-0.01637,-0.30698,0.18261,-0.03157,-0.07295,0.36538,0.09314,0.0869,-0.00672,0.00498,0.0619,-0.01827,0.00077,0.00146,0.00061,-0.0437,-0.0112,0.04335,0.00124,-0.00071,0.00137,0.00089
18.54,0.00172,-0.0029,0.00146,-0.00069,0.03755,0.04888,-0.0208,0.01037,-0.09189,0.04915,-0.384,-1e-05,0.06674,0.02495,0.14423,0.01083,0.02175,-0.04276,0.01094,-0.27895,0.25025,-0.03965,0.02846,0.03853,-0.21023,0.10751,-0.01103,0.00368,0.05213,-0.01677,0.00055,0.00103,0.00042,-0.04638,-0.00631,0.03917,0.00135,-0.00022,0.00072,0.00054
18.56,0.00181,-0.00283,0.00219,-0.00353,0.04063,0.04527,-0.01407,0.00035,-0.07735,0.06632,-0.3629,-1e-05,0.03761,-0.0053,0.11543,0.032,0.01768,-0.02213,0.03622,-0.26879,0.31954,-0.04687,0.14649,-0.384,-0.52742,0.12347,-0.01548,0.00273,0.04178,-0.01475,0.00036,0.00066,0.00026,-0.0485,-0.00238,0.03337,0.00183,9e-05,0.0002,0.00026
18.58,0.00197,-0.00245,0.00272,-0.00639,0.04298,0.04103,-0.00617,-0.00914,-0.06076,0.09038,-0.31173,-1e-05,0.00622,-0.03667,0.08429,0.04979,0.01456,-0.00084,0.05859,-0.27741,0.39328,-0.05204,0.28243,-0.90771,-0.86323,0.13474,-0.02013,0.00227,0.03131,-0.01225,0.00019,0.00035,0.00013,-0.05037,0.00062,0.0264,0.00262,0.00023,-0.00017,5e-05
18.6,0.00211,-0.00196,0.00304,-0.0095,0.04506,0.03656,0.00237,-0.01827,-0.04286,0.11795,-0.25056,-1e-05,-0.02427,-0.06698,0.05294,0.06224,0.01194,0.01931,0.07753,-0.30237,0.47623,-0.05348,0.43754,-1.53338,-1.2305,0.1421,-0.02488,0.00239,0.02124,-0.0095,2e-05,8e-05,2e-05,-0.05231,0.00302,0.01903,0.00351,0.00026,-0.00042,-9e-05
18.62,0.00211,-0.00165,0.00311,-0.01306,0.04739,0.03227,0.01088,-0.02735,-0.02457,0.14473,-0.18121,-1e-05,-0.0503,-0.09401,0.02383,0.06761,0.00919,0.03626,0.09278,-0.33941,0.5734,-0.04902,0.6119,-2.25168,-1.64239,0.14642,-0.02955,0.00309,0.0121,-0.00684,-0.00017,-0.00017,-9e-05,-0.05461,0.00528,0.01219,0.00422,0.00024,-0.00058,-0.00022
18.64,0.0019,-0.00178,0.00299,-0.01714,0.05042,0.02851,0.01874,-0.03676,-0.00672,0.16686,-0.10568,-1e-05,-0.06907,-0.11622,-0.00096,0.06498,0.00578,0.04831,0.10425,-0.38463,0.68786,-0.036,0.80323,-3.03688,-2.10252,0.14766,-0.03398,0.00436,0.0043,-0.00454,-0.00038,-0.00043,-0.00023,-0.05744,0.00781,0.00665,0.00453,0.00026,-0.00073,-0.00038
18.66,0.00142,-0.00246,0.00276,-0.0216,0.05442,0.02546,0.02548,-0.04667,0.01016,0.18186,-0.02629,-1e-05,-0.07921,-0.13326,-0.01998,0.05461,0.00147,0.05454,0.11193,-0.43575,0.81881,-0.01127,1.00537,-3.83968,-2.59654,0.14425,-0.03806,0.00619,-0.00189,-0.00278,-0.00063,-0.00074,-0.00042,-0.06084,0.01089,0.00285,0.00437,0.00037,-0.0009,-0.00059
18.68,0.00064,-0.0037,0.00255,-0.02599,0.05942,0.02309,0.03073,-0.05705,0.02572,0.18868,0.05375,-1e-05,-0.08084,-0.14594,-0.0324,0.03816,-0.00368,0.05478,0.11583,-0.49208,0.96014,0.0286,1.20638,-4.57912,-3.08623,0.13287,-0.04176,0.00856,-0.00634,-0.00155,-0.00093,-0.00112,-0.00069,-0.06464,0.01457,0.00086,0.00382,0.00058,-0.00114,-0.00088
18.7,-0.00042,-0.00538,0.00254,-0.02963,0.06524,0.02125,0.0342,-0.06755,0.03969,0.1875,0.12993,-1e-05,-0.07537,-0.15591,-0.03775,0.01853,-0.00921,0.04955,0.11593,-0.55401,1.10025,0.08707,1.3881,-5.14335,-3.50996,0.10884,-0.04509,0.01146,-0.00901,-0.00076,-0.00128,-0.00158,-0.00103,-0.06849,0.0187,0.00047,0.00314,0.00089,-0.00148,-0.00126
18.72,-0.00171,-0.0073,0.00291,-0.03173,0.07155,0.01972,0.03569,-0.07764,0.05185,0.17927,0.19725,-0,-0.06486,-0.16524,-0.03584,-0.00091,-0.01455,0.03978,0.11217,-0.6226,1.2249,0.16724,1.52996,-5.41489,-3.79763,0.06742,-0.04806,0.01471,-0.00996,-0.00023,-0.00169,-0.00214,-0.00147,-0.07196,0.02297,0.0013,0.00261,0.00126,-0.00193,-0.00171
18.74,-0.00317,-0.00924,0.00379,-0.03168,0.07799,0.01826,0.0352,-0.08683,0.06215,0.16521,0.25179,-0,-0.05134,-0.17572,-0.02671,-0.01735,-0.01915,0.02654,0.10458,-0.699,1.32198,0.27122,1.6156,-5.31187,-3.89518,0.00579,-0.05073,0.01797,-0.00952,0.00022,-0.00213,-0.00275,-0.00199,-0.07468,0.02704,0.00289,0.00251,0.00166,-0.00251,-0.00223
18.76,-0.00474,-0.01104,0.00517,-0.02923,0.08425,0.01671,0.03297,-0.09478,0.07075,0.14657,0.29157,-0,-0.03635,-0.18846,-0.01062,-0.0293,-0.02271,0.01092,0.09338,-0.78393,1.38445,0.39932,1.63733,-4.81771,-3.78154,-0.07537,-0.05323,0.02057,-0.0083,0.00073,-0.00258,-0.00335,-0.00252,-0.0765,0.03057,0.00483,0.00298,0.00205,-0.00319,-0.00277
18.78,-0.00633,-0.01256,0.00695,-0.02458,0.09007,0.01496,0.02954,-0.10128,0.07794,0.1246,0.3165,-0,-0.02089,-0.20366,0.01184,-0.03664,-0.02518,-0.00589,0.07911,-0.87687,1.4106,0.54896,1.59681,-3.99127,-3.47313,-0.17089,-0.0557,0.02148,-0.00725,0.00141,-0.00301,-0.00381,-0.003,-0.07745,0.03324,0.00674,0.00404,0.0024,-0.00395,-0.00331
18.8,-0.00784,-0.01365,0.00885,-0.01829,0.09515,0.013,0.02569,-0.10618,0.08408,0.10073,0.32783,-0,-0.00563,-0.22061,0.03966,-0.04034,-0.0267,-0.02256,0.06261,-0.97562,1.40299,0.71415,1.50381,-2.95973,-3.01983,-0.27124,-0.05831,0.01943,-0.00761,0.0023,-0.00335,-0.00396,-0.00331,-0.07772,0.0347,0.00827,0.00557,0.00267,-0.0047,-0.00378
18.82,-0.00914,-0.01424,0.01059,-0.01114,0.09921,0.01085,0.02232,-0.10934,0.08954,0.07639,0.3277,-0,0.009,-0.2381,0.07148,-0.04195,-0.02746,-0.03781,0.04489,-1.07679,1.36683,0.88674,1.37288,-1.88339,-2.48938,-0.36483,-0.06119,0.01319,-0.01056,0.00342,-0.00355,-0.00366,-0.00333,-0.07759,0.03466,0.00911,0.00735,0.00281,-0.00538,-0.00412
18.84,-0.01015,-0.01426,0.01188,-0.00387,0.10204,0.00853,0.02015,-0.11075,0.09469,0.05275,0.31863,-0,0.02267,-0.25496,0.10576,-0.04278,-0.02767,-0.05069,0.02685,-1.17691,1.30817,1.05877,1.21883,-0.90305,-1.94486,-0.44189,-0.06441,0.0022,-0.01676,0.00471,-0.00357,-0.00281,-0.003,-0.07729,0.03298,0.00911,0.00915,0.00282,-0.00592,-0.00427
18.86,-0.01082,-0.01374,0.01252,0.00299,0.10353,0.00602,0.01964,-0.11048,0.09989,0.03062,0.30324,-0,0.03498,-0.27043,0.14072,-0.0434,-0.0274,-0.06081,0.00913,-1.27293,1.23285,1.22356,1.0543,-0.10716,-1.43125,-0.49681,-0.06794,-0.01308,-0.02603,0.0061,-0.0034,-0.00144,-0.00231,-0.07694,0.02972,0.00824,0.01072,0.00269,-0.00628,-0.00422
18.88,-0.01114,-0.01277,0.01243,0.00913,0.10371,0.00324,0.02089,-0.1087,0.10541,0.01063,0.28431,-0,0.0454,-0.28416,0.17406,-0.04352,-0.0266,-0.06831,-0.00776,-1.36151,1.14674,1.37469,0.89027,0.47024,-0.97576,-0.52826,-0.07164,-0.03089,-0.03719,0.00744,-0.00307,0.00026,-0.00137,-0.07652,0.02522,0.00664,0.01182,0.00243,-0.00643,-0.00398
18.9,-0.01112,-0.01151,0.0116,0.01434,0.10265,0.00014,0.02372,-0.1057,0.11142,-0.00667,0.26475,-0,0.05313,-0.29601,0.20289,-0.04208,-0.0251,-0.07371,-0.02334,-1.43849,1.05609,1.50492,0.73712,0.83838,-0.59289,-0.53837,-0.07521,-0.04831,-0.04813,0.00853,-0.00264,0.00199,-0.00035,-0.0759,0.02007,0.00463,0.01218,0.00211,-0.00637,-0.00359
18.92,-0.01082,-0.01014,0.0101,0.01854,0.10053,-0.00336,0.02776,-0.10178,0.118,-0.02079,0.24729,-0,0.05734,-0.3059,0.22415,-0.03773,-0.02272,-0.07765,-0.0371,-1.49934,0.96688,1.60695,0.60389,1.03361,-0.28779,-0.53124,-0.0783,-0.06199,-0.05641,0.00918,-0.00219,0.00338,0.00053,-0.07489,0.01496,0.00256,0.0116,0.00176,-0.00612,-0.00312
18.94,-0.01031,-0.00882,0.00802,0.02172,0.09749,-0.00733,0.03255,-0.09722,0.1251,-0.03152,0.23394,-0,0.05748,-0.31373,0.23552,-0.02949,-0.01935,-0.08066,-0.04861,-1.54046,0.88347,1.67533,0.49643,1.10065,-0.05854,-0.51132,-0.08064,-0.06926,-0.0601,0.00927,-0.00178,0.00414,0.0011,-0.07332,0.01041,0.00071,0.00996,0.00143,-0.00569,-0.00262
18.96,-0.00966,-0.00767,0.00547,0.024,0.09372,-0.0118,0.03765,-0.09221,0.13261,-0.03898,0.22561,-0,0.05347,-0.31925,0.23604,-0.0173,-0.01508,-0.08294,-0.05752,-1.55989,0.808,1.70767,0.41644,1.07996,0.10184,-0.48229,-0.0821,-0.06892,-0.05836,0.00882,-0.00147,0.00412,0.00126,-0.0711,0.00669,-0.00082,0.00731,0.00115,-0.00512,-0.00213
18.98,-0.00899,-0.00671,0.00264,0.02551,0.08944,-0.01674,0.04262,-0.08694,0.14024,-0.04359,0.22213,-0,0.04585,-0.32195,0.22618,-0.0022,-0.01024,-0.0843,-0.06351,-1.55732,0.74079,1.70462,0.36187,1.00412,0.20332,-0.44699,-0.08273,-0.06143,-0.05161,0.008,-0.00126,0.00335,0.00102,-0.06826,0.0038,-0.00211,0.00393,0.00095,-0.00447,-0.00169
19,-0.00839,-0.00596,-0.00027,0.02646,0.0849,-0.02203,0.04697,-0.08154,0.14753,-0.04598,0.22241,-0,0.03564,-0.32109,0.20767,0.01375,-0.00539,-0.08419,-0.0662,-1.53376,0.68111,1.66917,0.328,0.89814,0.25716,-0.40764,-0.08271,-0.04867,-0.0414,0.00711,-0.00117,0.002,0.00045,-0.06494,0.00147,-0.00337,0.00025,0.00082,-0.00379,-0.00132
19.02,-0.008,-0.00537,-0.00303,0.02706,0.08039,-0.0275,0.05025,-0.07615,0.1539,-0.04685,0.22486,-0,0.02415,-0.31587,0.18299,0.02805,-0.0012,-0.08191,-0.06525,-1.491,0.62758,1.60577,0.30885,0.7802,0.27453,-0.36591,-0.08227,-0.0333,-0.02981,0.00651,-0.00119,0.00034,-0.00032,-0.06134,-0.00063,-0.00489,-0.00321,0.00076,-0.00317,-0.00104
19.04,-0.0079,-0.00492,-0.00546,0.02747,0.07611,-0.033,0.05213,-0.07086,0.15884,-0.04683,0.2279,-0,0.01251,-0.30565,0.15452,0.03869,0.00179,-0.07689,-0.06054,-1.43115,0.57848,1.51923,0.2987,0.66296,0.26564,-0.32296,-0.08167,-0.01778,-0.01875,0.00648,-0.00131,-0.0014,-0.00115,-0.05766,-0.00284,-0.00689,-0.006,0.00075,-0.00266,-0.00085
19.06,-0.00812,-0.00456,-0.00747,0.02783,0.07222,-0.03841,0.05248,-0.06568,0.16204,-0.04639,0.23024,-0,0.00147,-0.29021,0.12424,0.04472,0.0033,-0.06896,-0.05231,-1.35655,0.53209,1.4144,0.29316,0.5549,0.23927,-0.27954,-0.08108,-0.0038,-0.00945,0.00716,-0.0015,-0.00305,-0.00196,-0.05407,-0.00532,-0.00947,-0.00792,0.00079,-0.00227,-0.00075
19.08,-0.00862,-0.00427,-0.00904,0.02822,0.06877,-0.04362,0.05142,-0.06059,0.1633,-0.04583,0.23103,-0,-0.00856,-0.26993,0.09373,0.04639,0.00335,-0.05845,-0.04122,-1.2702,0.48709,1.29671,0.28947,0.4615,0.20273,-0.23638,-0.08062,0.00782,-0.00239,0.0085,-0.00176,-0.00455,-0.0027,-0.05067,-0.00806,-0.01251,-0.00896,0.00086,-0.00202,-0.00073
19.1,-0.00931,-0.00404,-0.01023,0.02868,0.06579,-0.0485,0.04923,-0.05561,0.16259,-0.04528,0.22975,-0,-0.01747,-0.24578,0.06447,0.04492,0.00217,-0.04618,-0.02839,-1.17618,0.44292,1.17277,0.28648,0.38616,0.16202,-0.1945,-0.08036,0.0169,0.00251,0.01031,-0.00208,-0.00586,-0.00333,-0.04758,-0.01086,-0.01573,-0.00928,0.00094,-0.00188,-0.00077
19.12,-0.01008,-0.00386,-0.0111,0.02919,0.06328,-0.05289,0.04633,-0.05074,0.15996,-0.04473,0.22619,-0,-0.0253,-0.21908,0.0377,0.04211,0.00015,-0.03319,-0.01513,-1.07905,0.39958,1.04954,0.28426,0.33057,0.12181,-0.15502,-0.08029,0.02368,0.00573,0.01229,-0.00245,-0.00702,-0.00384,-0.0449,-0.01342,-0.01876,-0.00917,0.00101,-0.0018,-0.00084
19.14,-0.01081,-0.00372,-0.01174,0.02971,0.06119,-0.05667,0.04314,-0.04601,0.15553,-0.04411,0.22037,-0,-0.03225,-0.19108,0.01416,0.03965,-0.00233,-0.02046,-0.00257,-0.98268,0.3571,0.93268,0.28343,0.29475,0.08534,-0.11878,-0.08036,0.02856,0.00777,0.01417,-0.00284,-0.00803,-0.00423,-0.04266,-0.01546,-0.02129,-0.00887,0.00106,-0.00176,-0.00091
19.16,-0.01142,-0.00362,-0.01221,0.03015,0.05939,-0.05977,0.04003,-0.0414,0.14952,-0.04333,0.21251,-0,-0.03863,-0.16272,-0.006,0.03879,-0.00496,-0.0086,0.00855,-0.88981,0.31542,0.82585,0.28476,0.27702,0.05444,-0.08615,-0.08049,0.03187,0.00899,0.01576,-0.00323,-0.00891,-0.00451,-0.04083,-0.01678,-0.02314,-0.00858,0.00108,-0.00173,-0.00097
19.18,-0.01185,-0.00356,-0.01256,0.03043,0.05775,-0.06215,0.03735,-0.03696,0.14226,-0.0423,0.20308,-0,-0.0448,-0.13484,-0.02315,0.04022,-0.00753,0.00204,0.01784,-0.80265,0.27456,0.73135,0.28907,0.27424,0.0298,-0.05723,-0.08051,0.03382,0.00953,0.01698,-0.00359,-0.00962,-0.00465,-0.03929,-0.01733,-0.02426,-0.00842,0.00107,-0.00168,-0.001
19.2,-0.01208,-0.00351,-0.01279,0.0304,0.05606,-0.06378,0.03542,-0.03279,0.13422,-0.04089,0.19281,-0,-0.05105,-0.10836,-0.03789,0.04409,-0.00989,0.01127,0.02517,-0.72347,0.23498,0.65091,0.29717,0.28216,0.0113,-0.03214,-0.08023,0.03445,0.00934,0.01778,-0.00387,-0.0101,-0.00466,-0.03789,-0.01714,-0.02474,-0.00838,0.00104,-0.00162,-0.00101
19.22,-0.01209,-0.00347,-0.01289,0.02993,0.05414,-0.06464,0.0345,-0.02901,0.12596,-0.03903,0.18256,-0,-0.05766,-0.08419,-0.05092,0.05019,-0.01194,0.01905,0.03055,-0.65448,0.19738,0.58577,0.30976,0.29611,-0.0017,-0.01102,-0.07944,0.03373,0.00823,0.01818,-0.00404,-0.01027,-0.00452,-0.03646,-0.01627,-0.02476,-0.00845,0.00099,-0.00153,-0.001
19.24,-0.01188,-0.00342,-0.01284,0.0289,0.05184,-0.0647,0.03473,-0.02576,0.11793,-0.03665,0.17305,-0,-0.06473,-0.06303,-0.06289,0.05811,-0.01361,0.02546,0.03414,-0.59696,0.16234,0.53606,0.32723,0.31181,-0.01008,0.00612,-0.07795,0.03169,0.00602,0.01823,-0.00405,-0.01006,-0.00422,-0.03483,-0.01485,-0.0245,-0.00856,0.00093,-0.00144,-0.00096
19.26,-0.01146,-0.00336,-0.01261,0.02723,0.04908,-0.06401,0.03608,-0.02312,0.11046,-0.03374,0.16471,-0,-0.07223,-0.04527,-0.07421,0.06732,-0.01492,0.03065,0.03618,-0.55092,0.13012,0.50054,0.34949,0.32582,-0.01476,0.01944,-0.07565,0.02846,0.00267,0.01799,-0.00391,-0.00947,-0.00377,-0.03288,-0.01299,-0.0242,-0.00864,0.00086,-0.00133,-0.00089
19.28,-0.01086,-0.00329,-0.01217,0.02489,0.04582,-0.0626,0.03831,-0.02118,0.10373,-0.03037,0.15775,-0,-0.07987,-0.03106,-0.08498,0.07717,-0.01588,0.03482,0.03695,-0.51536,0.1009,0.47684,0.37574,0.33563,-0.01663,0.02918,-0.07248,0.02438,-0.00175,0.01753,-0.00361,-0.00854,-0.00321,-0.03052,-0.01084,-0.02408,-0.00865,0.00079,-0.00121,-0.00081
19.3,-0.01013,-0.00321,-0.01147,0.02193,0.04217,-0.06059,0.04103,-0.02001,0.0979,-0.0267,0.15219,-0,-0.0871,-0.02054,-0.0949,0.08681,-0.01655,0.03818,0.03675,-0.48877,0.07496,0.46192,0.40441,0.33949,-0.01647,0.03556,-0.06851,0.01993,-0.00699,0.01693,-0.00321,-0.00736,-0.00257,-0.02774,-0.00858,-0.02435,-0.00853,0.00071,-0.00109,-0.00072
19.32,-0.00931,-0.00312,-0.01048,0.01844,0.03827,-0.05807,0.04373,-0.01969,0.09308,-0.02294,0.14793,-0,-0.09325,-0.01377,-0.10342,0.09534,-0.01697,0.0409,0.03592,-0.46943,0.05268,0.45256,0.43348,0.33633,-0.01492,0.03873,-0.06385,0.01569,-0.01269,0.01626,-0.00276,-0.00606,-0.00191,-0.02458,-0.00637,-0.02522,-0.00822,0.00062,-0.00095,-0.00061
19.34,-0.00843,-0.00302,-0.00919,0.01453,0.03426,-0.05513,0.04597,-0.02023,0.08925,-0.01928,0.14472,-0,-0.09771,-0.0107,-0.11,0.10207,-0.01722,0.04313,0.03474,-0.45558,0.03425,0.44593,0.4611,0.32573,-0.01248,0.03893,-0.05864,0.01211,-0.01852,0.01556,-0.0023,-0.00474,-0.00129,-0.02109,-0.0044,-0.02683,-0.00773,0.00051,-0.00082,-0.00051
19.36,-0.00751,-0.00292,-0.00762,0.01029,0.03025,-0.05183,0.04745,-0.0216,0.08631,-0.01587,0.14218,-0,-0.10008,-0.01105,-0.11423,0.10661,-0.01737,0.04501,0.03353,-0.44559,0.01955,0.43991,0.48582,0.30803,-0.00951,0.03645,-0.05297,0.00944,-0.02423,0.01483,-0.00186,-0.00349,-0.00074,-0.01736,-0.00277,-0.02921,-0.00705,0.00038,-0.00069,-0.00041
19.38,-0.00657,-0.00282,-0.0058,0.00587,0.02634,-0.04822,0.04802,-0.02367,0.08404,-0.01281,0.13983,-0,-0.10024,-0.01434,-0.11584,0.10888,-0.01748,0.04664,0.03256,-0.43814,0.00823,0.4333,0.50653,0.28436,-0.00624,0.03175,-0.04699,0.00771,-0.02958,0.01406,-0.00147,-0.00235,-0.00027,-0.01349,-0.00161,-0.03228,-0.00624,0.00022,-0.00056,-0.00031
19.4,-0.00561,-0.00269,-0.00386,0.00145,0.02265,-0.04434,0.04763,-0.02625,0.08217,-0.01021,0.13712,-0,-0.09821,-0.01992,-0.11468,0.10908,-0.01765,0.04805,0.03212,-0.43218,-0.00011,0.4257,0.52221,0.25671,-0.0028,0.0254,-0.0409,0.00681,-0.03435,0.01317,-0.00113,-0.00135,0.00011,-0.00968,-0.001,-0.0358,-0.0054,5e-05,-0.00043,-0.00021
19.42,-0.00462,-0.00255,-0.00191,-0.00273,0.0193,-0.04027,0.04636,-0.02907,0.08041,-0.00816,0.13349,-0,-0.09418,-0.02708,-0.1107,0.10754,-0.01791,0.04923,0.03243,-0.42699,-0.0059,0.41729,0.53196,0.22751,0.00074,0.01801,-0.03491,0.0065,-0.0383,0.0121,-0.00086,-0.00052,0.0004,-0.00612,-0.001,-0.03949,-0.00463,-0.00014,-0.0003,-0.00012
19.44,-0.00361,-0.00238,-8e-05,-0.0065,0.01633,-0.03605,0.04435,-0.03191,0.07846,-0.00667,0.12848,-0,-0.08841,-0.03515,-0.10397,0.10469,-0.01831,0.05008,0.0336,-0.42193,-0.00954,0.40827,0.53508,0.19899,0.00434,0.01015,-0.0292,0.00654,-0.04127,0.0108,-0.00063,0.00015,0.00061,-0.00298,-0.00159,-0.04301,-0.00402,-0.00036,-0.00019,-4e-05
19.46,-0.00258,-0.00217,0.00156,-0.00974,0.0137,-0.03172,0.04179,-0.03457,0.07611,-0.0057,0.12179,-0,-0.08124,-0.04366,-0.09471,0.10097,-0.01883,0.05046,0.03555,-0.41639,-0.01142,0.39864,0.53119,0.17288,0.00798,0.00228,-0.02383,0.00674,-0.04315,0.00924,-0.00046,0.00067,0.00074,-0.00031,-0.00267,-0.04606,-0.00361,-0.00058,-8e-05,5e-05
19.48,-0.00153,-0.0019,0.00294,-0.01236,0.01131,-0.02734,0.03895,-0.0369,0.07317,-0.00509,0.11333,-0,-0.07313,-0.0522,-0.08341,0.09684,-0.01938,0.05015,0.03802,-0.40979,-0.01186,0.38813,0.52022,0.15047,0.0116,-0.00517,-0.01882,0.00697,-0.04389,0.00746,-0.00032,0.00105,0.00081,0.00188,-0.00403,-0.04834,-0.00339,-0.0008,3e-05,0.00014
19.5,-0.00049,-0.00157,0.00402,-0.01431,0.009,-0.02299,0.03619,-0.03875,0.06957,-0.00466,0.10328,-0,-0.06466,-0.06042,-0.07081,0.09282,-0.01983,0.04887,0.04053,-0.40166,-0.01108,0.37634,0.50244,0.13286,0.01508,-0.0118,-0.01417,0.00714,-0.04349,0.00554,-0.0002,0.00133,0.00084,0.00365,-0.00536,-0.04951,-0.00332,-0.001,0.00015,0.00022
19.52,0.00053,-0.00118,0.00475,-0.01556,0.00661,-0.01882,0.03389,-0.04,0.06529,-0.00419,0.09202,-0,-0.05647,-0.06805,-0.05777,0.08944,-0.02006,0.04634,0.04254,-0.39162,-0.00927,0.36285,0.47836,0.1209,0.01829,-0.0172,-0.00988,0.00721,-0.04199,0.0036,-9e-05,0.00153,0.00084,0.0051,-0.00631,-0.04932,-0.00333,-0.00118,0.00027,0.00032
19.54,0.00148,-0.00072,0.00511,-0.0161,0.00399,-0.01493,0.03232,-0.04055,0.06036,-0.00353,0.07993,-0,-0.04908,-0.07496,-0.04499,0.08715,-0.01994,0.04239,0.04357,-0.37946,-0.00652,0.34733,0.44876,0.11501,0.02104,-0.02105,-0.00591,0.00714,-0.03948,0.00174,2e-05,0.00166,0.00082,0.00633,-0.00664,-0.04758,-0.00337,-0.00131,0.0004,0.00041
19.56,0.00235,-0.00021,0.00513,-0.01599,0.00107,-0.0114,0.03164,-0.04039,0.05485,-0.00258,0.06743,-0,-0.04277,-0.08121,-0.03289,0.0863,-0.01943,0.03702,0.04332,-0.36515,-0.00289,0.32972,0.41466,0.11505,0.0232,-0.02318,-0.00221,0.00691,-0.03611,1e-05,0.00015,0.00176,0.00081,0.00746,-0.00625,-0.04433,-0.00341,-0.00139,0.00055,0.00051
19.58,0.00311,0.00032,0.00484,-0.01533,-0.00217,-0.00829,0.03183,-0.03955,0.04892,-0.00136,0.05502,-0,-0.03763,-0.08703,-0.02165,0.08712,-0.01858,0.03047,0.0417,-0.34901,0.00158,0.31039,0.3777,0.12032,0.02459,-0.02355,0.00128,0.00645,-0.03215,-0.00156,0.00028,0.00183,0.0008,0.0086,-0.00522,-0.03984,-0.00345,-0.00143,0.0007,0.00061
19.6,0.00376,0.00083,0.00431,-0.01427,-0.00564,-0.00566,0.03274,-0.03812,0.04281,1e-05,0.04332,-0,-0.03363,-0.09271,-0.01137,0.08974,-0.01751,0.02322,0.03882,-0.33172,0.00683,0.29016,0.34018,0.1296,0.02504,-0.02219,0.00459,0.00572,-0.02795,-0.00294,0.00042,0.00188,0.0008,0.00986,-0.0038,-0.03458,-0.00352,-0.00142,0.00086,0.00071
19.62,0.00426,0.00127,0.00363,-0.01298,-0.00916,-0.0036,0.03416,-0.03623,0.03684,0.00135,0.03306,-0,-0.03067,-0.09862,-0.00204,0.09418,-0.01639,0.01586,0.0349,-0.31417,0.01282,0.27012,0.30471,0.14138,0.02436,-0.01927,0.00771,0.00467,-0.02391,-0.00414,0.00056,0.00191,0.00083,0.01132,-0.0023,-0.02911,-0.00365,-0.00138,0.00102,0.00079
19.64,0.00458,0.00159,0.00286,-0.0116,-0.01261,-0.00214,0.03584,-0.03401,0.03129,0.00251,0.02483,-0,-0.02865,-0.10515,0.00637,0.10038,-0.0154,0.00888,0.03019,-0.29719,0.01954,0.25114,0.27346,0.15407,0.02245,-0.01503,0.01063,0.0033,-0.02033,-0.00514,0.00069,0.00191,0.00087,0.01302,-0.001,-0.02394,-0.00387,-0.00131,0.00116,0.00086
19.66,0.00473,0.00178,0.00206,-0.01022,-0.01587,-0.00129,0.03758,-0.03157,0.02634,0.00333,0.01904,-0,-0.02753,-0.11268,0.01389,0.1081,-0.01471,0.00254,0.02495,-0.28132,0.02705,0.23372,0.24776,0.16612,0.01928,-0.00989,0.01336,0.00167,-0.01736,-0.00594,0.0008,0.00189,0.00092,0.01497,-6e-05,-0.01934,-0.00417,-0.00123,0.00128,0.00091
19.68,0.0047,0.00184,0.00128,-0.00889,-0.01886,-0.001,0.03921,-0.02903,0.02211,0.00375,0.01588,-0,-0.02733,-0.12153,0.02049,0.11691,-0.01448,-0.00306,0.01942,-0.26698,0.03537,0.21798,0.2282,0.17598,0.01495,-0.00445,0.01589,-8e-05,-0.01499,-0.00649,0.00089,0.00185,0.00097,0.01714,0.00051,-0.01543,-0.00451,-0.00114,0.00137,0.00093
19.7,0.00449,0.00179,0.00055,-0.00763,-0.02149,-0.0012,0.04056,-0.02651,0.0187,0.0037,0.01547,-0,-0.02814,-0.1319,0.02603,0.12611,-0.01487,-0.008,0.01394,-0.25453,0.04446,0.20386,0.2149,0.18207,0.00973,0.0005,0.01819,-0.00175,-0.0131,-0.00676,0.00094,0.00177,0.00101,0.0194,0.00078,-0.01216,-0.00481,-0.00105,0.00144,0.00094
19.72,0.0041,0.00166,-0.0001,-0.00643,-0.02369,-0.0018,0.0415,-0.02416,0.0162,0.00318,0.01795,-0,-0.03006,-0.14386,0.03023,0.13471,-0.016,-0.01237,0.0089,-0.24425,0.05418,0.1912,0.20776,0.18297,0.00396,0.00406,0.02018,-0.00309,-0.0115,-0.00669,0.00096,0.00167,0.00102,0.02164,0.0009,-0.00944,-0.00497,-0.00096,0.00146,0.00092
19.74,0.00355,0.00148,-0.00065,-0.00524,-0.02545,-0.00277,0.04197,-0.02208,0.01469,0.00223,0.02362,-0,-0.03315,-0.15746,0.03274,0.14143,-0.01795,-0.01622,0.00474,-0.23618,0.06423,0.17967,0.20662,0.17786,-0.00201,0.00534,0.02185,-0.0039,-0.01004,-0.00622,0.00093,0.00153,0.00098,0.02377,0.00102,-0.00712,-0.0049,-0.00089,0.00145,0.00088
19.76,0.00284,0.00128,-0.00108,-0.004,-0.02682,-0.0041,0.04196,-0.02032,0.0142,0.00092,0.03306,-0,-0.03728,-0.17262,0.03319,0.14469,-0.02071,-0.01948,0.00202,-0.23005,0.07416,0.16889,0.21142,0.16682,-0.00783,0.00363,0.02318,-0.00408,-0.00858,-0.00533,0.00086,0.00136,0.0009,0.02578,0.00125,-0.0051,-0.00454,-0.00083,0.0014,0.00082
19.78,0.00199,0.00106,-0.0014,-0.00261,-0.02792,-0.00583,0.04153,-0.0189,0.01474,-0.00056,0.04703,-0,-0.04219,-0.18908,0.03111,0.14255,-0.02415,-0.02192,0.00136,-0.22532,0.08323,0.15844,0.22218,0.15096,-0.01313,-0.00162,0.0242,-0.00363,-0.00711,-0.00403,0.00076,0.00116,0.00076,0.02774,0.00164,-0.0033,-0.00387,-0.00078,0.00131,0.00075
19.8,0.00103,0.00085,-0.00159,-0.00096,-0.02891,-0.00803,0.04084,-0.01781,0.01629,-0.00201,0.06645,-0,-0.04735,-0.20628,0.02604,0.13271,-0.02806,-0.02312,0.00354,-0.2212,0.09035,0.14793,0.23898,0.13237,-0.01747,-0.01077,0.02497,-0.00262,-0.00566,-0.00234,0.00063,0.00092,0.00059,0.02977,0.0022,-0.00173,-0.00291,-0.00075,0.0012,0.00066
19.82,-2e-05,0.00065,-0.00168,0.00103,-0.02998,-0.0108,0.04007,-0.01703,0.01881,-0.00313,0.09236,-0,-0.05202,-0.22331,0.01751,0.11249,-0.03219,-0.02244,0.00944,-0.21645,0.09413,0.13671,0.26201,0.11359,-0.02035,-0.02399,0.02551,-0.00119,-0.00434,-0.00033,0.0005,0.00065,0.00039,0.03201,0.00289,-0.00043,-0.00168,-0.00072,0.00107,0.00056
19.84,-0.00112,0.00047,-0.00168,0.00349,-0.03128,-0.01424,0.03937,-0.01649,0.02219,-0.00367,0.12583,-0,-0.05522,-0.23892,0.00526,0.07902,-0.03645,-0.019,0.02003,-0.20918,0.09296,0.12338,0.29148,0.09687,-0.02125,-0.04123,0.02584,0.00055,-0.00319,0.00195,0.00037,0.00035,0.00018,0.03455,0.00364,0.00056,-0.00024,-0.00069,0.00091,0.00045
19.86,-0.00227,0.00032,-0.00163,0.00647,-0.03292,-0.01846,0.03888,-0.01606,0.02622,-0.00341,0.16785,-0,-0.05572,-0.25156,-0.01067,0.02938,-0.04089,-0.01173,0.03632,-0.19664,0.08509,0.10557,0.32758,0.08367,-0.01964,-0.06212,0.02593,0.00255,-0.00225,0.00447,0.00026,0,-5e-05,0.03744,0.00435,0.00119,0.00139,-0.00064,0.00073,0.00032
19.88,-0.00344,0.00021,-0.0016,0.01002,-0.03493,-0.02354,0.03871,-0.01558,0.03055,-0.00216,0.21902,-0,-0.052,-0.25916,-0.02981,-0.03902,-0.04581,0.00061,0.0592,-0.17528,0.06866,0.07996,0.37014,0.07462,-0.01501,-0.08579,0.02569,0.00478,-0.00144,0.0072,0.00016,-0.00039,-0.00028,0.04063,0.00491,0.00146,0.00314,-0.00055,0.00049,0.00015
19.9,-0.0046,0.00014,-0.00165,0.01411,-0.03728,-0.02949,0.0389,-0.01483,0.03468,0.00023,0.27918,-0,-0.04234,-0.25921,-0.05117,-0.12801,-0.05159,0.01932,0.08929,-0.14088,0.04177,0.04247,0.41834,0.06972,-0.00689,-0.11078,0.02499,0.00726,-0.00068,0.01007,8e-05,-0.00084,-0.00054,0.04397,0.00516,0.00135,0.00494,-0.00039,0.00019,-5e-05
19.92,-0.00574,0.00013,-0.00187,0.01867,-0.03985,-0.03625,0.03946,-0.01358,0.03799,0.00393,0.34746,-0,-0.02506,-0.24892,-0.07354,-0.23842,-0.05862,0.04549,0.12678,-0.08858,0.00236,-0.01145,0.47051,0.06844,0.00511,-0.13511,0.0237,0.00998,0.00018,0.01304,3e-05,-0.00135,-0.00083,0.04723,0.00495,0.0009,0.00671,-0.00012,-0.00022,-0.00031
19.94,-0.00684,0.00018,-0.00234,0.0236,-0.04256,-0.04371,0.0403,-0.01153,0.03978,0.00927,0.384,-0,0.0011,-0.2258,-0.09596,-0.36975,-0.06705,0.07952,0.17105,-0.01307,-0.0519,-0.08654,0.52387,0.06983,0.0211,-0.15646,0.02172,0.0129,0.00124,0.01604,-1e-05,-0.0019,-0.00114,0.0502,0.00416,0.00017,0.00838,0.00026,-0.00074,-0.00063
19.96,-0.00788,0.0003,-0.00308,0.02878,-0.04529,-0.0517,0.04121,-0.0084,0.03928,0.01672,0.384,-0,0.03653,-0.18804,-0.11792,-0.51951,-0.07669,0.12083,0.22043,0.091,-0.12342,-0.1871,0.57423,0.07253,0.04083,-0.1723,0.019,0.01587,0.0026,0.01905,-4e-05,-0.00249,-0.00147,0.05269,0.00272,-0.00072,0.00993,0.00076,-0.00137,-0.00102
19.98,-0.00888,0.00048,-0.00413,0.03404,-0.04792,-0.0599,0.04186,-0.0039,0.03572,0.02693,0.384,-0,0.08051,-0.13488,-0.13929,-0.68196,-0.08689,0.16733,0.27166,0.2283,-0.21419,-0.31625,0.61552,0.07485,0.06349,-0.17972,0.01561,0.01859,0.00431,0.02204,-5e-05,-0.00307,-0.0018,0.05455,0.00065,-0.00154,0.01132,0.00136,-0.00209,-0.00144
20,-0.00984,0.0007,-0.00544,0.0391,-0.05032,-0.06782,0.0418,0.00225,0.02826,0.04054,0.384,-0,0.13099,-0.06677,-0.1601,-0.84749,-0.0965,0.21538,0.31981,0.40201,-0.32537,-0.47527,0.63962,0.07473,0.08767,-0.17542,0.01173,0.02068,0.00636,0.02494,-6e-05,-0.00359,-0.00209,0.05564,-0.00197,-0.00204,0.01254,0.00201,-0.00285,-0.00187
20.02,-0.01076,0.00096,-0.00697,0.04362,-0.05237,-0.07487,0.04059,0.01029,0.01609,0.05812,0.384,-0,0.18517,0.01489,-0.18041,-1.00431,-0.10419,0.26033,0.35898,0.61361,-0.45729,-0.66356,0.63715,0.06994,0.11168,-0.15612,0.00764,0.02168,0.00868,0.0277,-7e-05,-0.00399,-0.00232,0.05588,-0.00499,-0.00194,0.01357,0.00265,-0.00358,-0.00226
20.04,-0.01161,0.00124,-0.00868,0.04724,-0.05406,-0.08056,0.03798,0.02042,-0.00159,0.07989,0.384,-0,0.24021,0.10827,-0.20022,-1.14155,-0.10886,0.29745,0.38368,0.86283,-0.60987,-0.87898,0.59898,0.05836,0.1341,-0.11927,0.00368,0.02124,0.01116,0.03022,-9e-05,-0.00421,-0.00244,0.05529,-0.0083,-0.00108,0.01437,0.00322,-0.0042,-0.00258
20.06,-0.01235,0.00156,-0.0105,0.0496,-0.05555,-0.08455,0.03401,0.0328,-0.02538,0.10552,0.384,-0,0.29368,0.21108,-0.21937,-1.25104,-0.10995,0.32258,0.3897,1.14664,-0.78223,-1.11729,0.51748,0.03823,0.15418,-0.0637,0.00027,0.01921,0.01362,0.03245,-0.00012,-0.00424,-0.00245,0.05407,-0.01178,0.0005,0.01489,0.00367,-0.00465,-0.00277
20.08,-0.01294,0.00194,-0.01241,0.05034,-0.05716,-0.08664,0.02912,0.04742,-0.05555,0.13385,0.384,-0,0.34319,0.31985,-0.23735,-1.32678,-0.10749,0.33199,0.3742,1.45706,-0.97141,-1.37027,0.38728,0.0083,0.17164,0.00984,-0.00209,0.01565,0.01582,0.0343,-0.00017,-0.00408,-0.00234,0.05261,-0.01535,0.00258,0.01505,0.00396,-0.00483,-0.0028
20.1,-0.01328,0.00241,-0.01433,0.04906,-0.05932,-0.08676,0.02407,0.06406,-0.09192,0.1629,0.384,-0,0.38612,0.42943,-0.25321,-1.3641,-0.10202,0.32228,0.33563,1.77984,-1.17149,-1.62469,0.20563,-0.03186,0.18669,0.09855,-0.00281,0.01087,0.01742,0.03567,-0.00022,-0.00378,-0.00215,0.05145,-0.01887,0.00471,0.01474,0.00406,-0.00467,-0.00261
20.12,-0.01327,0.00301,-0.01619,0.04539,-0.06254,-0.08489,0.01983,0.08236,-0.13395,0.19023,0.384,-0,0.41994,0.53403,-0.26577,-1.3599,-0.0943,0.29083,0.27357,2.09734,-1.3747,-1.86467,-0.02801,-0.0813,0.20024,0.19837,-0.00129,0.00529,0.01803,0.03647,-0.00028,-0.00336,-0.00189,0.05121,-0.02217,0.0064,0.01388,0.00392,-0.00409,-0.00219
20.14,-0.01284,0.00378,-0.01791,0.03903,-0.06728,-0.08108,0.01723,0.10201,-0.18111,0.21372,0.384,-0,0.44307,0.62909,-0.27411,-1.31369,-0.08495,0.2366,0.18886,2.39391,-1.57402,-2.07636,-0.3127,-0.13686,0.21441,0.30537,0.00298,-0.00068,0.01729,0.03666,-0.00034,-0.00287,-0.00159,0.05244,-0.025,0.00724,0.01245,0.00355,-0.00304,-0.00151
20.16,-0.01192,0.00479,-0.01941,0.02985,-0.07386,-0.07543,0.01686,0.1228,-0.23285,0.232,0.384,-0,0.45536,0.71242,-0.27779,-1.22861,-0.07424,0.16099,0.08387,2.6587,-1.76412,-2.25044,-0.64541,-0.19241,0.23284,0.41626,0.01025,-0.00668,0.01491,0.03631,-0.0004,-0.0023,-0.00124,0.05547,-0.02703,0.00706,0.01051,0.00294,-0.00152,-0.00058
20.18,-0.01052,0.00606,-0.02061,0.01798,-0.0824,-0.06809,0.01895,0.14446,-0.28827,0.24443,0.384,-0,0.4581,0.78372,-0.27692,-1.11218,-0.06209,0.06853,-0.03664,2.88426,-1.94026,-2.38139,-1.01856,-0.23823,0.26064,0.52775,0.02046,-0.01241,0.0107,0.03559,-0.00044,-0.00163,-0.00083,0.06041,-0.02778,0.00594,0.0083,0.00212,0.00041,0.00056
20.2,-0.0087,0.00764,-0.02141,0.00378,-0.09281,-0.05936,0.02349,0.16654,-0.34582,0.2509,0.29355,-0,0.45375,0.84387,-0.27208,-0.9762,-0.04812,-0.03308,-0.16515,3.06435,-2.09687,-2.46579,-1.41823,-0.26111,0.30407,0.63573,0.03324,-0.01758,0.00458,0.03479,-0.00045,-0.0008,-0.00033,0.06712,-0.02667,0.00419,0.00615,0.00117,0.0026,0.00182
20.22,-0.00652,0.00953,-0.02168,-0.01224,-0.10488,-0.04952,0.03026,0.18852,-0.40361,0.25177,0.16019,-0,0.44543,0.89461,-0.26443,-0.83471,-0.03139,-0.13463,-0.29292,3.19371,-2.22771,-2.50151,-1.82617,-0.24621,0.3696,0.73517,0.04809,-0.0219,-0.00344,0.03421,-0.00042,0.00024,0.00028,0.07534,-0.02308,0.00225,0.00447,0.00015,0.0049,0.0031
20.24,-0.00407,0.01176,-0.02136,-0.02971,-0.11836,-0.03873,0.03898,0.20997,-0.46007,0.24786,0.0264,-0,0.43629,0.93861,-0.25579,-0.70049,-0.01009,-0.22826,-0.41249,3.26913,-2.32728,-2.48763,-2.22432,-0.18017,0.46268,0.82067,0.06456,-0.02517,-0.01324,0.03414,-0.00032,0.00156,0.00103,0.08478,-0.01651,0.0006,0.00363,-0.00085,0.00715,0.00432
20.26,-0.0014,0.0143,-0.02038,-0.04848,-0.13311,-0.02695,0.04934,0.23066,-0.51428,0.24048,-0.10421,-0,0.42907,0.9793,-0.24872,-0.58323,0.01864,-0.30898,-0.51907,3.29014,-2.3914,-2.42456,-2.59646,-0.05366,0.58653,0.88656,0.08245,-0.0273,-0.02464,0.03476,-0.00015,0.0032,0.00196,0.0952,-0.00671,-0.00041,0.00389,-0.0018,0.0092,0.00541
20.28,0.00139,0.01713,-0.01876,-0.06854,-0.14891,-0.01402,0.06097,0.25041,-0.56557,0.2315,-0.22921,-0,0.42607,1.02061,-0.24666,-0.48996,0.05855,-0.37451,-0.61007,3.2588,-2.41683,-2.31429,-2.92579,0.13734,0.74093,0.92625,0.10165,-0.02828,-0.03722,0.03615,7e-05,0.00516,0.00307,0.10635,0.00624,-0.00048,0.00537,-0.00264,0.01097,0.00631
20.3,0.00422,0.02014,-0.01655,-0.08981,-0.16543,0.00027,0.07338,0.26893,-0.61317,0.22327,-0.34632,-0,0.42918,1.0664,-0.25376,-0.426,0.11407,-0.42444,-0.6841,3.17915,-2.40071,-2.16065,-3.1927,0.39055,0.92159,0.93217,0.122,-0.02817,-0.05035,0.0383,0.00036,0.00743,0.00433,0.11788,0.0219,0.00059,0.0081,-0.00333,0.01235,0.007
20.32,0.00698,0.02321,-0.01384,-0.11215,-0.18221,0.01609,0.08597,0.28582,-0.65617,0.21824,-0.384,-0,0.43977,1.11982,-0.27401,-0.39482,0.19008,-0.45975,-0.74033,3.05634,-2.34089,-1.96892,-3.37741,0.69638,1.12038,0.89715,0.14331,-0.02709,-0.06322,0.04106,0.00069,0.00994,0.00573,0.12939,0.0395,0.00291,0.01199,-0.00384,0.01327,0.00745
20.34,0.0096,0.02622,-0.01071,-0.13526,-0.19878,0.03359,0.0982,0.30066,-0.69385,0.2183,-0.384,-0,0.45838,1.1825,-0.30997,-0.39721,0.29166,-0.48248,-0.77827,2.89576,-2.23696,-1.74521,-3.46583,1.03687,1.32639,0.81709,0.16533,-0.02515,-0.07505,0.04423,0.00106,0.01263,0.00721,0.14044,0.0581,0.00645,0.01691,-0.00415,0.01368,0.00766
20.36,0.01207,0.02906,-0.00721,-0.15864,-0.21467,0.05283,0.10964,0.31304,-0.72576,0.22437,-0.384,-0,0.48452,1.25376,-0.3617,-0.43064,0.42356,-0.49557,-0.79744,2.7031,-2.09137,-1.49684,-3.45354,1.38373,1.5258,0.69312,0.1877,-0.02252,-0.08516,0.04751,0.00145,0.01541,0.00875,0.15059,0.07665,0.011,0.02268,-0.00428,0.01361,0.00764
20.38,0.01441,0.03162,-0.00342,-0.18138,-0.22927,0.07358,0.11986,0.32246,-0.75149,0.23626,-0.384,-0,0.5164,1.32988,-0.42616,-0.48887,0.58919,-0.50258,-0.79714,2.48566,-1.9107,-1.23428,-3.34659,1.69504,1.70035,0.53296,0.20982,-0.01939,-0.09292,0.05046,0.00188,0.01821,0.01029,0.15932,0.09381,0.01616,0.02904,-0.00427,0.01312,0.00744
20.4,0.01667,0.03377,0.0006,-0.20205,-0.2418,0.09527,0.12837,0.32823,-0.77042,0.25272,-0.384,-1e-05,0.55096,1.40401,-0.49726,-0.56235,0.78942,-0.50742,-0.77634,2.25328,-1.70597,-0.97216,-3.16013,1.91589,1.82697,0.35081,0.23066,-0.01597,-0.0977,0.05254,0.00234,0.02087,0.01176,0.16598,0.10792,0.02132,0.0356,-0.00418,0.01233,0.0071
20.42,0.01887,0.03538,0.00474,-0.21902,-0.25136,0.11715,0.13468,0.32962,-0.78176,0.27181,-0.384,-1e-05,0.58452,1.46767,-0.56719,-0.64,1.02157,-0.51357,-0.73419,2.01682,-1.49039,-0.72677,-2.91447,1.99007,1.88214,0.16414,0.24902,-0.01253,-0.09888,0.05318,0.00284,0.02324,0.01307,0.16985,0.11732,0.02585,0.0419,-0.00408,0.01139,0.0067
20.44,0.02109,0.03636,0.00891,-0.23101,-0.25724,0.13856,0.13849,0.32606,-0.78478,0.29138,-0.384,-1e-05,0.61389,1.5133,-0.62862,-0.71192,1.2783,-0.52301,-0.67097,1.78506,-1.27534,-0.51099,-2.62956,1.87921,1.84949,-0.01161,0.26396,-0.00923,-0.09608,0.05188,0.00336,0.0252,0.01416,0.17037,0.12092,0.02935,0.04757,-0.00404,0.01043,0.0063
20.46,0.02338,0.03666,0.01306,-0.23746,-0.25911,0.15914,0.13972,0.31731,-0.77901,0.30939,-0.384,-1e-05,0.63703,1.53584,-0.67604,-0.77105,1.54599,-0.5355,-0.58896,1.56332,-1.06849,-0.33157,-2.32236,1.57682,1.72532,-0.16594,0.27498,-0.00617,-0.08918,0.04838,0.00389,0.02666,0.01498,0.1673,0.11858,0.03185,0.05231,-0.00409,0.00957,0.00593
20.48,0.02576,0.03632,0.0171,-0.23854,-0.25698,0.17866,0.13858,0.30356,-0.76428,0.32381,-0.384,-1e-05,0.65302,1.53297,-0.7057,-0.81307,1.80223,-0.54828,-0.49329,1.35485,-0.87483,-0.18987,-2.00839,1.11351,1.52062,-0.29291,0.28204,-0.00336,-0.07849,0.04262,0.00442,0.02759,0.01551,0.16073,0.11125,0.03382,0.05592,-0.00427,0.00887,0.00564
20.5,0.02824,0.03544,0.02094,-0.23504,-0.25119,0.1969,0.13548,0.28545,-0.74074,0.33254,-0.384,-1e-05,0.66177,1.50461,-0.7151,-0.83577,2.01561,-0.5563,-0.39193,1.16251,-0.69831,-0.08374,-1.70358,0.55391,1.2599,-0.38967,0.28542,-0.00077,-0.06468,0.03483,0.00489,0.02799,0.01576,0.15106,0.1008,0.03607,0.05826,-0.00458,0.0084,0.00543
20.52,0.03079,0.03411,0.02445,-0.22807,-0.24225,0.21362,0.13096,0.26383,-0.70871,0.33362,-0.384,-1e-05,0.66371,1.45225,-0.70288,-0.8385,2.15211,-0.55352,-0.2939,0.98888,-0.54203,-0.00896,-1.42296,-0.02089,0.9743,-0.45594,0.28554,0.00165,-0.04868,0.02537,0.00526,0.02786,0.01572,0.13889,0.08949,0.03951,0.05919,-0.005,0.00819,0.00533
20.54,0.03339,0.03246,0.02756,-0.21876,-0.2307,0.22862,0.12548,0.23952,-0.66861,0.3256,-0.384,-1e-05,0.65941,1.37814,-0.66885,-0.82174,2.18589,-0.53483,-0.20622,0.83517,-0.4074,0.03972,-1.17728,-0.5399,0.69132,-0.49394,0.28286,0.00401,-0.0315,0.01462,0.00551,0.02723,0.0154,0.12486,0.07926,0.0447,0.0587,-0.0055,0.00823,0.00532
20.56,0.03603,0.03055,0.03028,-0.2081,-0.217,0.24175,0.1194,0.21315,-0.62103,0.30791,-0.384,-1e-05,0.64941,1.28507,-0.61422,-0.78691,2.10688,-0.49748,-0.13212,0.70099,-0.294,0.06774,-0.97132,-0.95877,0.42873,-0.50843,0.27778,0.0064,-0.01412,0.00293,0.00561,0.02614,0.01481,0.10951,0.07122,0.05161,0.05681,-0.00604,0.00848,0.00539
20.58,0.03867,0.02846,0.03268,-0.19691,-0.20166,0.25286,0.11294,0.18533,-0.56706,0.28101,-0.384,-1e-05,0.6342,1.17691,-0.54199,-0.73651,1.92295,-0.44162,-0.0711,0.58538,-0.20044,0.08027,-0.80521,-1.26066,0.19503,-0.50644,0.27067,0.00891,0.00238,-0.0093,0.00558,0.02462,0.01397,0.09344,0.0656,0.05951,0.05369,-0.00656,0.00886,0.00549
20.6,0.04127,0.02623,0.03484,-0.18596,-0.18526,0.26163,0.10628,0.15685,-0.50854,0.24639,-0.384,-1e-05,0.6143,1.05908,-0.45708,-0.67419,1.65812,-0.37032,-0.02006,0.48778,-0.12534,0.08185,-0.6764,-1.45041,-0.00778,-0.49668,0.26186,0.01159,0.01674,-0.02156,0.00544,0.02274,0.01291,0.07736,0.06193,0.06698,0.0496,-0.007,0.00923,0.00557
20.62,0.04374,0.02393,0.03688,-0.17586,-0.16843,0.26767,0.09952,0.12858,-0.44769,0.20622,-0.384,-1e-05,0.59021,0.93762,-0.36535,-0.60423,1.34537,-0.28851,0.02519,0.40804,-0.06744,0.0763,-0.5808,-1.54638,-0.18153,-0.48771,0.25164,0.01445,0.02772,-0.03329,0.00523,0.02058,0.01165,0.06202,0.05932,0.07235,0.04488,-0.00727,0.00948,0.00559
20.64,0.04599,0.0216,0.03888,-0.16701,-0.15165,0.27071,0.09263,0.10126,-0.38637,0.1627,-0.384,-1e-05,0.56244,0.81758,-0.2721,-0.53059,1.01609,-0.20152,0.06801,0.34547,-0.02515,0.06661,-0.51327,-1.57103,-0.32932,-0.4855,0.24022,0.01747,0.03443,-0.04399,0.00498,0.01822,0.01023,0.04795,0.05694,0.07433,0.03983,-0.00734,0.0095,0.00551
20.66,0.04793,0.01928,0.04085,-0.15946,-0.13522,0.27065,0.08549,0.07546,-0.32576,0.11784,-0.37471,-0,0.53153,0.70228,-0.18132,-0.45663,0.69408,-0.11431,0.10949,0.2984,0.00365,0.05504,-0.46805,-1.54459,-0.45346,-0.49171,0.22769,0.02055,0.0366,-0.05326,0.00472,0.01575,0.00872,0.03541,0.05431,0.07245,0.03477,-0.00722,0.00928,0.00534
20.68,0.04941,0.01702,0.04276,-0.15301,-0.11935,0.26761,0.07788,0.05174,-0.26679,0.07372,-0.31153,-0,0.49834,0.594,-0.09618,-0.38555,0.39636,-0.03192,0.14773,0.26453,0.02141,0.04321,-0.43936,-1.4834,-0.55379,-0.5032,0.21416,0.02352,0.03461,-0.06081,0.00445,0.01326,0.00718,0.02444,0.05137,0.06713,0.02997,-0.00696,0.00888,0.00511
20.7,0.0503,0.01489,0.04448,-0.14729,-0.10426,0.26189,0.0696,0.03083,-0.21052,0.03271,-0.25407,-0,0.46415,0.49485,-0.01971,-0.32084,0.13586,0.04001,0.17796,0.24133,0.03062,0.03216,-0.42184,-1.40005,-0.62715,-0.51263,0.19982,0.0261,0.02937,-0.0663,0.00419,0.01089,0.00572,0.01495,0.04849,0.05963,0.02577,-0.00668,0.00842,0.0049
20.72,0.05042,0.01299,0.04583,-0.14182,-0.0902,0.2539,0.06049,0.01353,-0.15806,-0.00277,-0.2041,-0,0.43047,0.40669,0.04543,-0.26589,-0.07805,0.09591,0.19398,0.22636,0.03357,0.02249,-0.41076,-1.30357,-0.66887,-0.51053,0.18489,0.028,0.0221,-0.06945,0.00393,0.00879,0.00445,0.00682,0.04622,0.0516,0.02247,-0.0065,0.00806,0.00479
20.74,0.04967,0.01136,0.04665,-0.13617,-0.07733,0.24401,0.05042,0.00039,-0.11012,-0.03099,-0.16264,-0,0.39848,0.3304,0.09767,-0.22313,-0.24048,0.13169,0.19061,0.21731,0.03229,0.0145,-0.40215,-1.19975,-0.67565,-0.4884,0.16955,0.02899,0.01398,-0.07012,0.00368,0.00708,0.00347,-0.00018,0.04496,0.04448,0.02026,-0.00651,0.00794,0.00485
20.76,0.04801,0.01005,0.04683,-0.12998,-0.06564,0.23257,0.03943,-0.00844,-0.06685,-0.05129,-0.12974,-0,0.36878,0.26561,0.13692,-0.19346,-0.3512,0.14563,0.16534,0.21208,0.02847,0.00822,-0.39282,-1.09168,-0.64766,-0.44102,0.15389,0.02899,0.00601,-0.06841,0.00342,0.00582,0.00283,-0.0063,0.04473,0.03916,0.01918,-0.00677,0.00811,0.00511
20.78,0.04554,0.00906,0.04627,-0.1231,-0.05506,0.21994,0.02771,-0.01315,-0.02816,-0.06397,-0.10462,-0,0.34158,0.21119,0.16432,-0.17637,-0.41367,0.13843,0.1189,0.20883,0.02353,0.00355,-0.38042,-0.98073,-0.58917,-0.36722,0.13803,0.02805,-0.00102,-0.06467,0.00317,0.00501,0.00251,-0.01181,0.04517,0.03587,0.01909,-0.00724,0.00854,0.00552
20.8,0.04245,0.00835,0.04496,-0.11556,-0.04555,0.20657,0.01577,-0.01421,0.00598,-0.07003,-0.08604,-0,0.31694,0.1658,0.18176,-0.17038,-0.4338,0.11288,0.05512,0.20611,0.01858,0.00028,-0.3635,-0.86752,-0.50816,-0.26994,0.12222,0.02641,-0.00648,-0.05948,0.00292,0.00462,0.00249,-0.01693,0.04552,0.03432,0.0197,-0.00783,0.00913,0.00602
20.82,0.03898,0.0079,0.04289,-0.10753,-0.03712,0.19293,0.00425,-0.01224,0.03545,-0.07087,-0.07256,-0,0.29481,0.12817,0.19137,-0.17334,-0.41882,0.0732,-0.02003,0.20287,0.01448,-0.00181,-0.3414,-0.75254,-0.41457,-0.15518,0.10682,0.02433,-0.00989,-0.05353,0.00269,0.00458,0.00271,-0.02177,0.04491,0.03391,0.02068,-0.00842,0.00975,0.00652
20.84,0.03535,0.00767,0.0401,-0.09921,-0.02979,0.17938,-0.00627,-0.00789,0.06018,-0.06788,-0.06285,-0,0.27498,0.09715,0.19502,-0.18285,-0.37652,0.02435,-0.09989,0.19862,0.01194,-0.00298,-0.314,-0.63664,-0.31772,-0.03042,0.09214,0.02208,-0.01101,-0.04742,0.00249,0.00484,0.0031,-0.02637,0.04268,0.03399,0.02167,-0.00891,0.01028,0.00691
20.86,0.03175,0.00759,0.03667,-0.09079,-0.02355,0.16609,-0.01531,-0.00182,0.08021,-0.06223,-0.05579,-0,0.25707,0.07179,0.19397,-0.19642,-0.31492,-0.02833,-0.17778,0.19342,0.01148,-0.00347,-0.28168,-0.52171,-0.22489,0.09601,0.07843,0.01983,-0.00992,-0.04156,0.00232,0.0053,0.00358,-0.03065,0.03857,0.03411,0.02241,-0.00923,0.01064,0.00716
20.88,0.02828,0.0076,0.03272,-0.08248,-0.01843,0.15318,-0.02255,0.00527,0.09551,-0.05489,-0.05062,-0,0.2407,0.05158,0.18875,-0.21146,-0.24256,-0.07882,-0.24662,0.18803,0.01351,-0.00348,-0.24557,-0.41177,-0.14168,0.21414,0.06595,0.01771,-0.00703,-0.03619,0.00219,0.00587,0.00409,-0.03438,0.03285,0.034,0.0227,-0.00936,0.0108,0.00723
20.9,0.02505,0.00761,0.02847,-0.07455,-0.01454,0.14074,-0.02766,0.01265,0.10587,-0.0466,-0.04699,-0,0.2256,0.03661,0.17927,-0.22522,-0.16865,-0.12021,-0.29856,0.18377,0.0183,-0.0032,-0.20761,-0.31338,-0.07265,0.31191,0.05505,0.01577,-0.00302,-0.03145,0.00212,0.00647,0.00454,-0.03715,0.02628,0.03358,0.02243,-0.0093,0.01078,0.00713
20.92,0.02217,0.00755,0.02415,-0.06731,-0.01203,0.1289,-0.03038,0.01959,0.11098,-0.03794,-0.04481,-0,0.21158,0.02726,0.16506,-0.2351,-0.10209,-0.14562,-0.32603,0.18217,0.02598,-0.00275,-0.17018,-0.2342,-0.02124,0.37709,0.04613,0.01403,0.00131,-0.02738,0.00211,0.00698,0.00486,-0.03853,0.01984,0.03293,0.02154,-0.00911,0.01062,0.00689
20.94,0.01966,0.00736,0.01998,-0.06101,-0.01097,0.11771,-0.0306,0.02549,0.11078,-0.0294,-0.04408,-0,0.19842,0.02374,0.1457,-0.23909,-0.04969,-0.14972,-0.32361,0.18432,0.03647,-0.00226,-0.13526,-0.18019,0.011,0.40066,0.03943,0.01248,0.00525,-0.02394,0.00216,0.00734,0.00498,-0.03816,0.01439,0.03212,0.02002,-0.0088,0.01036,0.00654
20.96,0.01752,0.00702,0.01607,-0.0557,-0.01128,0.10711,-0.02836,0.02999,0.10561,-0.02137,-0.04474,-0,0.18576,0.02565,0.12118,-0.2361,-0.01515,-0.12981,-0.28949,0.19044,0.04943,-0.00179,-0.10404,-0.15379,0.02483,0.37928,0.03492,0.01111,0.00832,-0.02105,0.00228,0.00748,0.00489,-0.03595,0.01043,0.03119,0.01795,-0.00841,0.01002,0.00609
20.98,0.01572,0.00653,0.01252,-0.05134,-0.01273,0.09705,-0.02395,0.03291,0.09635,-0.01426,-0.04667,-0,0.17327,0.03194,0.09214,-0.22602,0.00092,-0.0862,-0.22592,0.19975,0.06413,-0.00138,-0.07708,-0.15379,0.02325,0.31587,0.03234,0.0099,0.01031,-0.01856,0.00244,0.00738,0.00458,-0.03209,0.0081,0.03016,0.01547,-0.00793,0.0096,0.00557
21,0.01418,0.00594,0.00937,-0.04782,-0.01493,0.08752,-0.01784,0.03419,0.08431,-0.00852,-0.04966,-0,0.16065,0.04096,0.06001,-0.20966,0.00038,-0.02206,-0.13902,0.21057,0.07944,-0.00104,-0.05455,-0.1759,0.01107,0.21906,0.03121,0.00883,0.0112,-0.01637,0.00263,0.00706,0.0041,-0.02702,0.0072,0.02897,0.01282,-0.00735,0.00907,0.00498
21.02,0.01286,0.00531,0.00666,-0.04498,-0.01743,0.07856,-0.01066,0.03392,0.07106,-0.00459,-0.05344,-0,0.14771,0.0508,0.02671,-0.18845,-0.01324,0.05737,-0.03743,0.22071,0.09397,-0.00076,-0.03637,-0.21389,-0.00614,0.10109,0.031,0.00793,0.01111,-0.01434,0.00282,0.00653,0.00348,-0.02134,0.00736,0.02758,0.01025,-0.00667,0.0084,0.00433
21.04,0.01167,0.0047,0.00441,-0.04264,-0.0198,0.07014,-0.00301,0.03225,0.05799,-0.00277,-0.05776,-0,0.13433,0.05978,-0.0058,-0.16404,-0.03581,0.14585,0.06971,0.22823,0.10654,-0.00055,-0.02224,-0.26103,-0.0235,-0.02522,0.03113,0.00719,0.01025,-0.01238,0.00297,0.00584,0.00279,-0.01561,0.00817,0.02596,0.00798,-0.00587,0.00758,0.00365
21.06,0.01055,0.00413,0.00258,-0.04059,-0.02168,0.06217,0.00451,0.02943,0.04613,-0.00313,-0.06235,-0,0.12041,0.06668,-0.03577,-0.13813,-0.06319,0.2366,0.17378,0.23183,0.11625,-0.00038,-0.01166,-0.3108,-0.03769,-0.148,0.03111,0.00663,0.00882,-0.01043,0.00308,0.00502,0.00208,-0.01029,0.00931,0.02407,0.00612,-0.00496,0.0066,0.00294
21.08,0.00944,0.00362,0.00114,-0.03862,-0.02278,0.05453,0.01129,0.0258,0.0362,-0.00549,-0.06692,-0,0.10606,0.07079,-0.06143,-0.11257,-0.0912,0.32171,0.26609,0.23094,0.12255,-0.00025,-0.00408,-0.3568,-0.04707,-0.25587,0.0305,0.00628,0.00706,-0.00846,0.00313,0.00414,0.0014,-0.00575,0.01056,0.02198,0.0047,-0.00396,0.00551,0.00222
21.1,0.0083,0.00317,4e-05,-0.03657,-0.02288,0.04711,0.0167,0.02181,0.02869,-0.00943,-0.07117,-0,0.09163,0.07183,-0.08087,-0.0895,-0.11553,0.39188,0.33748,0.22566,0.12511,-0.00014,0.00107,-0.39253,-0.05147,-0.33738,0.02896,0.00617,0.00521,-0.0065,0.00312,0.00329,0.00081,-0.00225,0.01179,0.01975,0.00365,-0.00292,0.00435,0.00153
21.12,0.00712,0.00276,-0.00076,-0.03428,-0.02184,0.03987,0.02014,0.01794,0.02392,-0.0144,-0.07479,-0,0.07756,0.0698,-0.09226,-0.07094,-0.13234,0.43796,0.37962,0.21649,0.12381,-6e-05,0.00428,-0.4122,-0.05172,-0.38268,0.02626,0.00638,0.00355,-0.00463,0.00304,0.00253,0.00034,0,0.01287,0.01751,0.0029,-0.00192,0.00323,0.0009
21.14,0.00589,0.00238,-0.00132,-0.03165,-0.01964,0.03273,0.02125,0.01456,0.02194,-0.01986,-0.07766,-0,0.06422,0.0649,-0.09434,-0.05817,-0.13908,0.45365,0.38752,0.2042,0.11873,-1e-05,0.006,-0.4122,-0.04906,-0.38666,0.02234,0.00699,0.00229,-0.00289,0.0029,0.00191,3e-05,0.00098,0.0137,0.01527,0.00234,-0.001,0.00221,0.00038
21.16,0.00459,0.002,-0.00168,-0.02862,-0.01644,0.02567,0.02006,0.0119,0.0226,-0.02532,-0.0799,-0,0.05174,0.05743,-0.08683,-0.05123,-0.13523,0.43744,0.36133,0.18962,0.11029,3e-05,0.00662,-0.39211,-0.0448,-0.35114,0.0174,0.00811,0.00163,-0.0013,0.00268,0.00144,-0.00014,0.00089,0.0141,0.013,0.0019,-0.00023,0.00133,-3e-05
21.18,0.00325,0.00161,-0.00188,-0.02523,-0.01259,0.01869,0.01698,0.01001,0.02547,-0.03034,-0.08187,-0,0.04005,0.04786,-0.07053,-0.04894,-0.12236,0.39312,0.3069,0.17378,0.09921,5e-05,0.00649,-0.35503,-0.04024,-0.28564,0.01188,0.0099,0.00171,0.00015,0.00241,0.00105,-0.00023,0.00013,0.01384,0.01052,0.00155,0.00038,0.00064,-0.00031
21.2,0.00189,0.00119,-0.00198,-0.02157,-0.00863,0.0119,0.01277,0.00882,0.02991,-0.03446,-0.08411,-0,0.02908,0.03686,-0.04723,-0.0491,-0.10393,0.32914,0.2351,0.15792,0.0866,6e-05,0.00588,-0.30727,-0.03665,-0.20636,0.00653,0.01249,0.00264,0.00148,0.00207,0.00066,-0.00031,-0.00069,0.01262,0.00763,0.00126,0.0008,0.00014,-0.00046
21.22,0.00056,0.00074,-0.00202,-0.01783,-0.00515,0.00547,0.00835,0.0082,0.03519,-0.03729,-0.08724,-0,0.0187,0.02516,-0.01933,-0.04917,-0.08441,0.25629,0.15905,0.14327,0.0737,5e-05,0.00502,-0.25661,-0.03512,-0.13203,0.00215,0.01597,0.00444,0.00272,0.00168,0.00015,-0.00049,-0.00093,0.01017,0.00411,0.00103,0.00102,-0.00016,-0.00049
21.24,-0.0007,0.00025,-0.00204,-0.01415,-0.00263,-0.00046,0.00448,0.008,0.04063,-0.03852,-0.09169,-0,0.00879,0.01352,0.01076,-0.04716,-0.06796,0.18439,0.09004,0.13068,0.06164,4e-05,0.00406,-0.20974,-0.03627,-0.07771,-0.00065,0.0203,0.00704,0.0039,0.00124,-0.00055,-0.00081,-8e-05,0.00641,-0.00015,0.00086,0.00103,-0.00028,-0.00041
21.26,-0.00184,-0.00028,-0.00206,-0.01065,-0.00127,-0.00587,0.00159,0.00809,0.04569,-0.03803,-0.09763,-0,-0.00073,0.00257,0.04089,-0.04228,-0.05761,0.12018,0.03498,0.12037,0.05123,2e-05,0.00311,-0.17079,-0.04009,-0.05076,-0.00167,0.02523,0.01017,0.005,0.00078,-0.00147,-0.00129,0.00202,0.00149,-0.0051,0.00072,0.00085,-0.00023,-0.00024
21.28,-0.00287,-0.00083,-0.00212,-0.0074,-0.00099,-0.01077,-0.00025,0.00839,0.04994,-0.03586,-0.10482,-0,-0.00985,-0.00704,0.06904,-0.0351,-0.05517,0.06733,-0.00381,0.11197,0.04302,-1e-05,0.00225,-0.14113,-0.04586,-0.04998,-0.00113,0.03024,0.01339,0.00599,0.00031,-0.00253,-0.0019,0.00521,-0.00409,-0.01047,0.00052,0.00053,-5e-05,-0
21.3,-0.00374,-0.00136,-0.00224,-0.00451,-0.00146,-0.0152,-0.00126,0.00885,0.05307,-0.03219,-0.11265,-0,-0.01839,-0.01462,0.09314,-0.02744,-0.06134,0.02715,-0.02778,0.10464,0.03737,-3e-05,0.0015,-0.11992,-0.05219,-0.06688,0.00036,0.03458,0.01606,0.00681,-0.00015,-0.00362,-0.00252,0.009,-0.00955,-0.01577,0.00018,0.00012,0.00021,0.00026
21.32,-0.00445,-0.00185,-0.00244,-0.00204,-0.00225,-0.0192,-0.00184,0.00945,0.05483,-0.0273,-0.12027,-0,-0.02608,-0.01957,0.11133,-0.02171,-0.076,-0.00064,-0.04068,0.09733,0.03448,-6e-05,0.00089,-0.10463,-0.05727,-0.0889,0.002,0.03741,0.01749,0.00736,-0.00056,-0.00458,-0.00304,0.01273,-0.01397,-0.02043,-0.0004,-0.0003,0.00051,0.00051
21.34,-0.00497,-0.00225,-0.00274,-5e-05,-0.00295,-0.02283,-0.00244,0.01015,0.05516,-0.02147,-0.12675,-0,-0.03274,-0.02159,0.12244,-0.01991,-0.09838,-0.0172,-0.0468,0.08909,0.03429,-0.0001,0.00041,-0.09162,-0.05921,-0.10401,0.00308,0.03811,0.01717,0.00758,-0.00089,-0.00527,-0.00335,0.01579,-0.01665,-0.02397,-0.00129,-0.00069,0.0008,0.00072
21.36,-0.00533,-0.00257,-0.00314,0.00145,-0.00327,-0.02614,-0.0034,0.01088,0.05411,-0.01489,-0.13127,-0,-0.03835,-0.02083,0.1264,-0.02302,-0.12716,-0.02403,-0.04982,0.07923,0.03649,-0.00012,5e-05,-0.0766,-0.0563,-0.10382,0.00312,0.03644,0.01491,0.00746,-0.00113,-0.0056,-0.00339,0.01783,-0.01728,-0.02622,-0.00254,-0.00099,0.00105,0.00087
21.38,-0.00552,-0.00278,-0.00362,0.00247,-0.00308,-0.02918,-0.00494,0.01153,0.05195,-0.00776,-0.13308,-0,-0.04305,-0.01797,0.12418,-0.03079,-0.16027,-0.02272,-0.05238,0.06754,0.04044,-0.00015,-0.0002,-0.0548,-0.04709,-0.08428,0.00196,0.03263,0.01088,0.00701,-0.00127,-0.00555,-0.00316,0.01871,-0.01599,-0.02726,-0.0041,-0.0012,0.00124,0.00096
21.4,-0.00558,-0.00289,-0.00416,0.00305,-0.0024,-0.03194,-0.00716,0.01197,0.0491,-0.00029,-0.13148,-0,-0.04703,-0.01412,0.1177,-0.04187,-0.19488,-0.0149,-0.05618,0.05422,0.04525,-0.00016,-0.00038,-0.02117,-0.03036,-0.04534,-0.00032,0.02732,0.00561,0.00632,-0.00132,-0.00516,-0.00271,0.0185,-0.01333,-0.02741,-0.0059,-0.00132,0.00139,0.00099
21.42,-0.00553,-0.00292,-0.00473,0.00324,-0.00132,-0.03438,-0.01007,0.01203,0.0461,0.00725,-0.12589,-0,-0.05055,-0.01059,0.10929,-0.05432,-0.22785,-0.00226,-0.0622,0.03974,0.04983,-0.00015,-0.00047,0.02954,-0.005,0.01012,-0.00346,0.02133,-0.00021,0.00548,-0.00128,-0.00449,-0.00211,0.01737,-0.00999,-0.02708,-0.0078,-0.00135,0.00147,0.00098
21.44,-0.00539,-0.00286,-0.0053,0.00315,7e-05,-0.03649,-0.0136,0.0116,0.04348,0.01456,-0.11603,-0,-0.05381,-0.00857,0.10113,-0.06629,-0.2567,0.01338,-0.0711,0.02451,0.05307,-0.00012,-0.00052,0.10255,0.03004,0.07791,-0.00723,0.01539,-0.00594,0.00457,-0.00115,-0.0036,-0.00142,0.01553,-0.00664,-0.02664,-0.00968,-0.00131,0.00151,0.00093
21.46,-0.00517,-0.00271,-0.00583,0.00291,0.0017,-0.03825,-0.0176,0.01061,0.04173,0.02127,-0.10204,-0,-0.05694,-0.00885,0.09479,-0.07654,-0.28009,0.02993,-0.08342,0.00869,0.05397,-6e-05,-0.00051,0.20265,0.0757,0.15323,-0.01142,0.00994,-0.01117,0.00366,-0.00096,-0.00254,-0.0007,0.01309,-0.0037,-0.02628,-0.01143,-0.00123,0.00151,0.00087
21.48,-0.00487,-0.00248,-0.00633,0.00272,0.00356,-0.0397,-0.02184,0.00909,0.04131,0.0269,-0.08464,-0,-0.05995,-0.01182,0.09121,-0.0844,-0.29777,0.04484,-0.09957,-0.0077,0.05159,5e-05,-0.00045,0.33345,0.13254,0.23038,-0.01594,0.00512,-0.0157,0.00277,-0.0007,-0.00134,3e-05,0.01015,-0.00131,-0.026,-0.01297,-0.0011,0.00148,0.00079
21.5,-0.00449,-0.00216,-0.00676,0.00282,0.00566,-0.04085,-0.02597,0.00712,0.0426,0.03083,-0.06512,-0,-0.06273,-0.01747,0.09076,-0.0897,-0.31027,0.05521,-0.11966,-0.02466,0.04511,0.00021,-0.00034,0.4964,0.20028,0.30244,-0.02068,0.00085,-0.01946,0.00193,-0.0004,-5e-05,0.00076,0.00675,0.00056,-0.02563,-0.01419,-0.00095,0.00143,0.00071
21.52,-0.00401,-0.00174,-0.00711,0.00345,0.00801,-0.04171,-0.0296,0.00484,0.04591,0.03241,-0.04506,-0,-0.06505,-0.02548,0.09334,-0.09256,-0.31848,0.05833,-0.14335,-0.04209,0.03397,0.00044,-0.00018,0.6896,0.27754,0.36216,-0.02557,-0.00305,-0.02251,0.00114,-7e-05,0.00132,0.00149,0.00293,0.00208,-0.02496,-0.01504,-0.00079,0.00135,0.00063
21.54,-0.00343,-0.00125,-0.00735,0.00472,0.01058,-0.04231,-0.03241,0.00239,0.05136,0.0311,-0.02584,-0,-0.06663,-0.03532,0.09839,-0.09321,-0.32308,0.05273,-0.16945,-0.0597,0.01805,0.00074,5e-05,0.90635,0.36151,0.40364,-0.03047,-0.00676,-0.02494,0.00041,0.00027,0.0027,0.00221,-0.00118,0.00342,-0.02383,-0.01545,-0.00063,0.00126,0.00056
21.56,-0.00279,-0.00071,-0.00745,0.00661,0.01329,-0.04266,-0.03421,-0.00017,0.05877,0.02668,-0.00839,-0,-0.0672,-0.04632,0.10493,-0.09185,-0.32427,0.03888,-0.19574,-0.0769,-0.00209,0.00111,0.00035,1.13342,0.44748,0.42341,-0.03521,-0.01031,-0.0269,-0.00023,0.00059,0.00406,0.0029,-0.00541,0.00466,-0.02226,-0.01542,-0.00047,0.00116,0.00049
21.58,-0.00211,-0.00018,-0.00738,0.0089,0.01597,-0.04278,-0.03495,-0.00275,0.06758,0.01928,0.00672,-0,-0.06646,-0.05755,0.11155,-0.08863,-0.32157,0.01945,-0.2186,-0.09261,-0.025,0.00156,0.00074,1.3488,0.52803,0.42046,-0.03949,-0.01356,-0.0285,-0.00073,0.00089,0.00529,0.00351,-0.00939,0.00576,-0.02049,-0.01501,-0.00033,0.00105,0.00043
21.6,-0.00149,0.00027,-0.0071,0.01119,0.01834,-0.04267,-0.03468,-0.0053,0.07691,0.00933,0.01916,-0,-0.0641,-0.06784,0.11641,-0.08362,-0.31397,-0.00089,-0.23312,-0.10526,-0.04834,0.00205,0.00123,1.52173,0.59289,0.39581,-0.04286,-0.01618,-0.02985,-0.00102,0.00113,0.00629,0.00397,-0.01263,0.0066,-0.01896,-0.0143,-0.00022,0.00094,0.00037
21.62,-0.00099,0.00054,-0.00658,0.013,0.02011,-0.04234,-0.03351,-0.00777,0.08563,-0.00251,0.0287,-0,-0.05992,-0.07592,0.11762,-0.07684,-0.30039,-0.0166,-0.23393,-0.11308,-0.06919,0.00257,0.0018,1.61848,0.63071,0.35167,-0.04487,-0.01778,-0.03101,-0.00103,0.0013,0.00692,0.00421,-0.01462,0.00699,-0.01816,-0.0134,-0.00014,0.00082,0.00033
21.64,-0.00069,0.00058,-0.0058,0.01393,0.02103,-0.04176,-0.03153,-0.01009,0.09266,-0.01563,0.03514,-0,-0.05389,-0.08075,0.1138,-0.06818,-0.28032,-0.02293,-0.2167,-0.11469,-0.08471,0.00306,0.00246,1.61238,0.63208,0.29045,-0.04514,-0.0181,-0.03206,-0.0007,0.00136,0.0071,0.00415,-0.01494,0.00678,-0.01841,-0.0124,-9e-05,0.0007,0.00029
21.66,-0.00062,0.00035,-0.00481,0.01374,0.02094,-0.04087,-0.02881,-0.01221,0.09713,-0.02951,0.03825,-0,-0.04634,-0.08171,0.10449,-0.05743,-0.25444,-0.01707,-0.17923,-0.10954,-0.09249,0.00346,0.00317,1.49081,0.59181,0.21439,-0.04351,-0.01713,-0.03303,-1e-05,0.00131,0.00675,0.00379,-0.01344,0.00595,-0.01978,-0.01138,-7e-05,0.00059,0.00027
21.68,-0.00078,-0.00012,-0.0037,0.0124,0.01986,-0.03962,-0.02537,-0.01406,0.09834,-0.04369,0.03774,-0,-0.03796,-0.07866,0.09032,-0.04437,-0.22489,0.00155,-0.12192,-0.09798,-0.09055,0.00368,0.00388,1.25754,0.50954,0.12586,-0.04005,-0.01515,-0.03395,0.00101,0.00116,0.00591,0.00312,-0.01026,0.00461,-0.02199,-0.01038,-9e-05,0.00048,0.00026
21.7,-0.00115,-0.00076,-0.00261,0.01003,0.01791,-0.03794,-0.02122,-0.01554,0.09575,-0.05762,0.03319,-0,-0.02987,-0.07185,0.07288,-0.02884,-0.19526,0.03143,-0.04784,-0.08128,-0.0773,0.0036,0.00451,0.93178,0.38964,0.02801,-0.03507,-0.0127,-0.03482,0.00229,0.00092,0.00464,0.00221,-0.00579,0.00299,-0.02447,-0.00943,-0.00014,0.00041,0.00027
21.72,-0.00166,-0.00149,-0.0017,0.00692,0.0153,-0.03574,-0.01641,-0.01656,0.08892,-0.07064,0.02415,-0,-0.02331,-0.06176,0.0543,-0.0109,-0.16976,0.06966,0.03804,-0.06144,-0.05163,0.00306,0.00495,0.54265,0.23985,-0.07534,-0.02902,-0.01044,-0.03558,0.00372,0.00061,0.00304,0.00114,-0.00064,0.00136,-0.02651,-0.00854,-0.00021,0.00036,0.00028
21.74,-0.00226,-0.00223,-0.00109,0.00341,0.01234,-0.033,-0.01106,-0.0171,0.0775,-0.08204,0.01022,-0,-0.01937,-0.04882,0.03649,0.00901,-0.15194,0.11279,0.1299,-0.04101,-0.01306,0.00189,0.00504,0.12095,0.06942,-0.17987,-0.02248,-0.00893,-0.03617,0.00516,0.00026,0.00123,-3e-05,0.00456,-5e-05,-0.02748,-0.00773,-0.00028,0.00034,0.0003
21.76,-0.00286,-0.0029,-0.00084,-0.0001,0.00943,-0.02971,-0.0054,-0.01724,0.06127,-0.09097,-0.00882,-0,-0.01866,-0.03336,0.02069,0.02996,-0.1438,0.15731,0.2216,-0.02297,0.03787,-0.00013,0.00456,-0.30483,-0.11157,-0.2807,-0.01606,-0.00849,-0.03647,0.00648,-9e-05,-0.0007,-0.00121,0.00913,-0.0011,-0.02701,-0.00698,-0.00034,0.00034,0.00032
21.78,-0.00342,-0.00347,-0.00092,-0.00316,0.00705,-0.02596,0.00017,-0.01718,0.04028,-0.09641,-0.03284,-0,-0.02132,-0.01562,0.00749,0.05027,-0.14572,0.19943,0.30601,-0.0109,0.09924,-0.00322,0.00327,-0.70643,-0.29104,-0.37151,-0.01046,-0.0092,-0.0363,0.00751,-0.0004,-0.00262,-0.00234,0.01241,-0.0018,-0.02502,-0.00632,-0.00036,0.00034,0.00031
21.8,-0.00383,-0.0039,-0.00123,-0.00524,0.0058,-0.02189,0.00506,-0.01721,0.01488,-0.09709,-0.0613,-0,-0.02703,0.00411,-0.00299,0.06753,-0.15664,0.23493,0.37476,-0.00899,0.16764,-0.0076,0.00087,-1.05349,-0.45423,-0.44425,-0.0065,-0.01088,-0.03548,0.00807,-0.00064,-0.00442,-0.00335,0.01368,-0.00224,-0.02169,-0.00573,-0.00031,0.0003,0.00026
21.82,-0.00402,-0.00417,-0.00164,-0.00582,0.00627,-0.01772,0.00857,-0.01771,-0.0145,-0.09168,-0.09345,-0,-0.03519,0.02558,-0.01082,0.07924,-0.17467,0.2598,0.41965,-0.02164,0.23895,-0.01345,-0.00298,-1.31695,-0.58618,-0.491,-0.00497,-0.01321,-0.0338,0.00799,-0.00076,-0.00596,-0.00417,0.01231,-0.00256,-0.01734,-0.00524,-0.00017,0.00018,0.00014
21.84,-0.00397,-0.0043,-0.002,-0.00454,0.00894,-0.01362,0.01004,-0.01904,-0.04765,-0.07901,-0.12868,-0,-0.04504,0.04873,-0.01606,0.08376,-0.19779,0.27149,0.43524,-0.05272,0.30983,-0.02088,-0.00858,-1.47631,-0.67621,-0.50711,-0.00639,-0.01586,-0.03111,0.00714,-0.00073,-0.00718,-0.00477,0.0079,-0.0029,-0.01238,-0.00485,0.00012,-6e-05,-7e-05
21.86,-0.0037,-0.00432,-0.00216,-0.00129,0.014,-0.00969,0.00898,-0.02155,-0.08471,-0.05832,-0.16666,-0,-0.05578,0.07374,-0.01852,0.08107,-0.22426,0.26967,0.42067,-0.10489,0.37844,-0.02985,-0.01625,-1.52434,-0.72083,-0.4935,-0.01085,-0.0185,-0.02739,0.00552,-0.00056,-0.00807,-0.00515,0.00048,-0.00332,-0.00713,-0.00453,0.00058,-0.00049,-0.00042
21.88,-0.00327,-0.00433,-0.00202,0.00377,0.02134,-0.00597,0.00507,-0.02552,-0.12595,-0.02947,-0.2071,-0,-0.06651,0.10086,-0.01772,0.07288,-0.25254,0.25644,0.38014,-0.17918,0.44413,-0.04011,-0.02617,-1.4675,-0.72402,-0.45719,-0.0179,-0.02086,-0.02274,0.00323,-0.00027,-0.00866,-0.00535,-0.00946,-0.00385,-0.00193,-0.00427,0.00126,-0.00114,-0.00092
21.9,-0.00284,-0.00442,-0.00146,0.01016,0.03053,-0.00247,-0.00185,-0.03116,-0.17149,0.007,-0.24946,-0,-0.07615,0.13018,-0.01283,0.06246,-0.2812,0.23602,0.32225,-0.27479,0.50677,-0.05112,-0.03837,-1.32379,-0.69592,-0.41049,-0.02665,-0.02269,-0.01743,0.0005,8e-05,-0.00906,-0.00546,-0.02096,-0.00443,0.00288,-0.00403,0.00219,-0.00206,-0.00161
21.92,-0.00255,-0.00471,-0.00041,0.01726,0.041,0.00077,-0.0118,-0.0386,-0.22119,0.05,-0.29298,-0,-0.08363,0.16153,-0.0028,0.05398,-0.30929,0.21363,0.25759,-0.38973,0.56642,-0.06192,-0.05261,-1.11732,-0.64977,-0.36778,-0.036,-0.02377,-0.01179,-0.00242,0.00042,-0.00938,-0.00556,-0.03286,-0.00498,0.00698,-0.00378,0.00337,-0.00328,-0.00249
21.94,-0.00254,-0.00531,0.00115,0.02449,0.05221,0.00376,-0.02466,-0.04788,-0.27467,0.09819,-0.33689,-0,-0.08817,0.19443,0.01358,0.05139,-0.33698,0.19392,0.1952,-0.52193,0.62302,-0.07105,-0.06824,-0.87102,-0.59784,-0.34084,-0.04501,-0.02394,-0.00609,-0.0053,0.00068,-0.00973,-0.00571,-0.04417,-0.00539,0.01014,-0.00356,0.00481,-0.00481,-0.00357
21.96,-0.00286,-0.00625,0.00315,0.03137,0.06383,0.00649,-0.0402,-0.05889,-0.33117,0.14997,-0.38037,-1e-05,-0.0894,0.22795,0.03744,0.05781,-0.36592,0.17994,0.14038,-0.66945,0.67612,-0.07644,-0.08409,-0.60274,-0.54888,-0.33578,-0.05312,-0.02315,-0.00048,-0.00807,0.00083,-0.01016,-0.00596,-0.05434,-0.00558,0.01229,-0.00344,0.00647,-0.00662,-0.00481
21.98,-0.00351,-0.00753,0.00543,0.03754,0.07567,0.0089,-0.05792,-0.07134,-0.38908,0.20317,-0.384,-1e-05,-0.08744,0.26043,0.0697,0.07528,-0.39915,0.17305,0.09454,-0.82952,0.72435,-0.0753,-0.09828,-0.32603,-0.50781,-0.35227,-0.06018,-0.02143,0.005,-0.01073,0.00086,-0.01068,-0.00629,-0.0632,-0.00548,0.0135,-0.00358,0.00824,-0.00863,-0.00614
22,-0.00441,-0.00909,0.00773,0.04271,0.08752,0.01093,-0.07698,-0.08463,-0.44558,0.25469,-0.384,-1e-05,-0.08283,0.28926,0.1109,0.10486,-0.44051,0.17311,0.05605,-0.9977,0.76512,-0.06414,-0.10812,-0.05231,-0.47637,-0.38428,-0.06634,-0.01893,0.01038,-0.01338,0.00079,-0.01125,-0.00666,-0.07088,-0.00507,0.01394,-0.00417,0.00999,-0.01071,-0.00747
22.02,-0.00542,-0.01082,0.00975,0.04659,0.09922,0.01247,-0.0963,-0.09809,-0.49701,0.30102,-0.384,-1e-05,-0.07645,0.31116,0.16109,0.14707,-0.49322,0.17888,0.02171,-1.16879,0.79522,-0.03873,-0.10993,0.20866,-0.45421,-0.42236,-0.07188,-0.01584,0.0157,-0.01618,0.00065,-0.01178,-0.00698,-0.07765,-0.00432,0.01383,-0.00544,0.01155,-0.0127,-0.00866
22.04,-0.00642,-0.0126,0.01121,0.04904,0.11053,0.01346,-0.1148,-0.11113,-0.53955,0.33907,-0.384,-1e-05,-0.06937,0.32268,0.21986,0.2025,-0.55792,0.18854,-0.01145,-1.33884,0.8118,0.00574,-0.09899,0.44929,-0.44019,-0.45679,-0.07706,-0.01236,0.021,-0.01922,0.00045,-0.01218,-0.0072,-0.08377,-0.00325,0.01339,-0.00752,0.01276,-0.01445,-0.00961
22.06,-0.00729,-0.01429,0.01193,0.05001,0.12117,0.01387,-0.13146,-0.12346,-0.56959,0.36669,-0.384,-1e-05,-0.06282,0.32057,0.28608,0.27196,-0.63107,0.19995,-0.04478,-1.50589,0.81312,0.07438,-0.06953,0.66379,-0.43326,-0.47965,-0.08198,-0.00867,0.02632,-0.02258,0.00024,-0.01238,-0.00724,-0.08942,-0.00194,0.01279,-0.01045,0.01354,-0.01586,-0.01026
22.08,-0.00792,-0.01577,0.01182,0.04956,0.13071,0.01374,-0.14522,-0.13496,-0.58362,0.3825,-0.384,-1e-05,-0.0582,0.30179,0.35738,0.35611,-0.70404,0.21063,-0.07739,-1.66896,0.79866,0.17213,-0.01489,0.84635,-0.43279,-0.48512,-0.08651,-0.00496,0.03163,-0.0262,0,-0.01228,-0.00705,-0.09457,-0.00053,0.01214,-0.01408,0.01387,-0.01685,-0.01058
22.1,-0.00823,-0.01687,0.01086,0.04786,0.13847,0.01316,-0.15491,-0.1456,-0.57797,0.38572,-0.384,-1e-05,-0.05711,0.26359,0.42986,0.45498,-0.7634,0.21782,-0.10622,-1.82683,0.76899,0.30309,0.07218,0.98972,-0.43854,-0.46926,-0.09029,-0.00141,0.03678,-0.02995,-0.00025,-0.01181,-0.00661,-0.09898,0.00077,0.01151,-0.01811,0.01374,-0.01739,-0.0106
22.12,-0.00813,-0.01744,0.00913,0.04512,0.14371,0.0122,-0.15939,-0.1554,-0.54932,0.37603,-0.384,-0,-0.0611,0.20376,0.49879,0.56815,-0.79425,0.2188,-0.12715,-1.97835,0.72553,0.46946,0.19892,1.08634,-0.45035,-0.42986,-0.0928,0.00175,0.04153,-0.03363,-0.0005,-0.01092,-0.00588,-0.10224,0.00173,0.01088,-0.02219,0.01322,-0.01746,-0.01033
22.14,-0.00758,-0.01741,0.00673,0.04157,0.1458,0.0109,-0.15791,-0.16445,-0.49544,0.35371,-0.384,-0,-0.07129,0.12106,0.55998,0.69514,-0.78533,0.21149,-0.13673,-2.12371,0.67035,0.67034,0.37164,1.13106,-0.46759,-0.3664,-0.09357,0.00433,0.04556,-0.03707,-0.00077,-0.00956,-0.00488,-0.10393,0.00219,0.01012,-0.02602,0.01235,-0.01705,-0.00983
22.16,-0.00658,-0.01678,0.00382,0.03743,0.14443,0.00919,-0.15035,-0.17285,-0.41607,0.31983,-0.30322,-0,-0.08809,0.01589,0.61047,0.83534,-0.73274,0.19494,-0.13347,-2.26486,0.6062,0.90006,0.59444,1.12314,-0.48873,-0.28037,-0.09228,0.0062,0.04851,-0.04023,-0.00105,-0.00772,-0.0036,-0.1036,0.00207,0.00894,-0.02944,0.0112,-0.01621,-0.00914
22.18,-0.00521,-0.01568,0.00065,0.03298,0.13959,0.00691,-0.13733,-0.18069,-0.31362,0.2765,-0.18844,-0,-0.11098,-0.10885,0.64832,0.98691,-0.64108,0.1695,-0.11808,-2.40451,0.53696,1.14612,0.86737,1.06657,-0.51106,-0.17592,-0.08881,0.00726,0.04991,-0.04314,-0.00131,-0.00545,-0.00208,-0.10087,0.00138,0.00694,-0.03247,0.00986,-0.01503,-0.00832
22.2,-0.00357,-0.01434,-0.00247,0.02849,0.1316,0.00384,-0.12018,-0.18794,-0.19333,0.22695,-0.05633,-0,-0.13853,-0.24734,0.67219,1.14602,-0.52275,0.13678,-0.09325,-2.54498,0.46795,1.38861,1.18535,0.96944,-0.53075,-0.06004,-0.08319,0.00744,0.04923,-0.04588,-0.00156,-0.00286,-0.00041,-0.09542,0.00028,0.00361,-0.03518,0.0084,-0.0136,-0.00743
22.22,-0.00182,-0.01302,-0.0052,0.02428,0.12099,-0.00025,-0.10057,-0.19452,-0.06206,0.17491,0.08609,-0,-0.16879,-0.39214,0.68117,1.3076,-0.39407,0.09909,-0.06276,-2.6879,0.40511,1.60422,1.5396,0.84213,-0.5436,0.05869,-0.07565,0.00672,0.04595,-0.04855,-0.00177,-9e-05,0.00133,-0.08701,-0.00102,-0.00154,-0.03773,0.00694,-0.01209,-0.00654
22.24,-0.00011,-0.01194,-0.00727,0.02058,0.10835,-0.00551,-0.08013,-0.20035,0.07387,0.12364,0.23225,-0,-0.1998,-0.5364,0.67503,1.46713,-0.26965,0.0585,-0.03021,-2.83434,0.35369,1.77315,1.92067,0.69468,-0.54623,0.17236,-0.06652,0.00516,0.03979,-0.05118,-0.00191,0.00272,0.00305,-0.07566,-0.00223,-0.00877,-0.04021,0.00555,-0.0106,-0.0057
22.26,0.00145,-0.01124,-0.00854,0.0175,0.09434,-0.01198,-0.0601,-0.20538,0.20956,0.07546,0.3769,-0,-0.22995,-0.67492,0.65432,1.62132,-0.15891,0.01646,0.0017,-2.98453,0.31741,1.88336,2.31909,0.5357,-0.53689,0.27484,-0.0563,0.00295,0.03081,-0.0537,-0.00199,0.00546,0.00466,-0.06169,-0.00299,-0.01797,-0.04264,0.00429,-0.00924,-0.00496
22.28,0.00276,-0.01093,-0.00901,0.01504,0.07972,-0.01949,-0.0415,-0.2096,0.34085,0.03195,0.384,-0,-0.25783,-0.80338,0.62055,1.76712,-0.06607,-0.02605,0.03111,-3.13658,0.29856,1.93068,2.72268,0.37313,-0.51574,0.3613,-0.04567,0.00048,0.01955,-0.05591,-0.002,0.00802,0.00611,-0.04594,-0.00287,-0.02854,-0.04492,0.00321,-0.00809,-0.00436
22.3,0.00374,-0.01093,-0.00879,0.01315,0.06548,-0.02763,-0.0252,-0.21294,0.46334,-0.00564,0.384,-0,-0.28193,-0.91735,0.57619,1.90065,0.00867,-0.06824,0.05673,-3.28568,0.29845,1.9172,3.11419,0.21529,-0.48467,0.42745,-0.03559,-0.00178,0.007,-0.05749,-0.00196,0.01026,0.00729,-0.02968,-0.00142,-0.03941,-0.04681,0.00235,-0.00721,-0.00391
22.32,0.00431,-0.01112,-0.00805,0.01174,0.05258,-0.03593,-0.01189,-0.21532,0.57275,-0.03631,0.384,-0,-0.30056,-1.0126,0.52426,2.01755,0.06795,-0.10953,0.07764,-3.42509,0.3175,1.84931,3.47375,0.07021,-0.44662,0.46977,-0.02707,-0.00329,-0.0056,-0.05806,-0.00187,0.01206,0.00815,-0.01439,0.00177,-0.04933,-0.04803,0.00173,-0.00664,-0.00364
22.34,0.00445,-0.01136,-0.007,0.01075,0.04172,-0.04396,-0.00186,-0.21661,0.66613,-0.05941,0.384,-0,-0.31182,-1.0863,0.46767,2.11434,0.11612,-0.14985,0.0932,-3.54834,0.35533,1.73556,3.78437,-0.05611,-0.40453,0.48641,-0.02085,-0.00366,-0.0172,-0.05727,-0.00177,0.01333,0.00862,-0.00123,0.00684,-0.05727,-0.04834,0.00136,-0.00641,-0.00355
22.36,0.00414,-0.01151,-0.00583,0.0102,0.03309,-0.0515,0.00515,-0.21669,0.74241,-0.07475,0.384,-0,-0.31365,-1.13767,0.40899,2.18913,0.15843,-0.18974,0.10298,-3.65039,0.41048,1.58576,4.03479,-0.16046,-0.36084,0.47787,-0.0172,-0.00276,-0.02708,-0.05495,-0.00165,0.01405,0.00871,0.00925,0.01354,-0.06272,-0.04763,0.00121,-0.00647,-0.00362
22.38,0.00341,-0.01145,-0.00472,0.01015,0.02642,-0.05849,0.00989,-0.21543,0.80193,-0.08239,0.384,-0,-0.30368,-1.16763,0.35084,2.24108,0.20041,-0.23001,0.10656,-3.72706,0.48013,1.41178,4.2181,-0.24178,-0.31762,0.44711,-0.0159,-0.00079,-0.03489,-0.0511,-0.00155,0.01425,0.00845,0.01714,0.02117,-0.06572,-0.04594,0.00124,-0.00676,-0.00381
22.4,0.00235,-0.0111,-0.00386,0.01076,0.02109,-0.06493,0.0135,-0.21266,0.84567,-0.08254,0.384,-0,-0.27935,-1.17824,0.29621,2.26977,0.24739,-0.27144,0.10356,-3.77425,0.55982,1.22801,4.32954,-0.3002,-0.27693,0.39927,-0.01631,0.00182,-0.04053,-0.0459,-0.00147,0.01399,0.00792,0.02298,0.02856,-0.06672,-0.04342,0.00137,-0.00716,-0.00404
22.42,0.00105,-0.01039,-0.0034,0.01219,0.01634,-0.07089,0.01726,-0.20826,0.87496,-0.07546,0.384,-0,-0.23824,-1.17214,0.24805,2.27511,0.30384,-0.3146,0.09369,-3.78807,0.64421,1.04957,4.36608,-0.33667,-0.24069,0.34074,-0.01761,0.00449,-0.04406,-0.03964,-0.00143,0.01339,0.00722,0.02756,0.03436,-0.06642,-0.04035,0.00152,-0.00753,-0.00424
22.44,-0.00041,-0.00929,-0.00348,0.0146,0.01141,-0.07646,0.02236,-0.20212,0.89137,-0.06153,0.384,-0,-0.1786,-1.15205,0.20838,2.25761,0.37261,-0.35972,0.077,-3.76575,0.72828,0.88895,4.32741,-0.35297,-0.2103,0.27777,-0.01894,0.0067,-0.04562,-0.03267,-0.00144,0.01252,0.00644,0.03172,0.03753,-0.06545,-0.037,0.00163,-0.00776,-0.00435
22.46,-0.00195,-0.0078,-0.00415,0.01805,0.00575,-0.08173,0.02967,-0.19427,0.89666,-0.04128,0.384,-0,-0.10006,-1.12063,0.1778,2.21881,0.4541,-0.40656,0.05419,-3.70635,0.80789,0.75424,4.21688,-0.3518,-0.18653,0.21582,-0.01966,0.00808,-0.04542,-0.02532,-0.0015,0.01146,0.00562,0.03612,0.03755,-0.06421,-0.03361,0.00165,-0.00778,-0.00432
22.48,-0.0035,-0.00602,-0.00541,0.02246,-0.00092,-0.08674,0.03963,-0.1849,0.8927,-0.01558,0.384,-0,-0.00431,-1.0806,0.15561,2.16153,0.54551,-0.45395,0.02672,-3.61133,0.87927,0.64978,4.04238,-0.33671,-0.16964,0.15979,-0.01932,0.00848,-0.04371,-0.01799,-0.0016,0.01028,0.00482,0.04117,0.03456,-0.06284,-0.03046,0.00159,-0.00757,-0.00416
22.5,-0.00498,-0.00408,-0.00721,0.02766,-0.0086,-0.09146,0.05225,-0.17438,0.88135,0.0143,0.384,-0,0.10469,-1.03485,0.1402,2.08987,0.64061,-0.49957,-0.00305,-3.48456,0.93855,0.57746,3.81628,-0.31189,-0.15964,0.1144,-0.01763,0.0079,-0.04076,-0.01113,-0.00171,0.00902,0.00404,0.04707,0.02923,-0.06122,-0.02781,0.00145,-0.00714,-0.00388
22.52,-0.00633,-0.00214,-0.0094,0.03336,-0.01711,-0.09579,0.06724,-0.16324,0.86424,0.04695,0.384,-0,0.22162,-0.98615,0.12958,2.00843,0.73097,-0.54026,-0.03236,-3.33138,0.98202,0.53741,3.55306,-0.28164,-0.15638,0.08366,-0.01448,0.00646,-0.03688,-0.00522,-0.00181,0.00772,0.00329,0.0538,0.02251,-0.05915,-0.02591,0.00129,-0.00654,-0.00351
22.54,-0.00748,-0.00033,-0.01187,0.03929,-0.02626,-0.09963,0.08426,-0.15191,0.84263,0.08123,0.384,-0,0.34163,-0.93664,0.12186,1.92097,0.80817,-0.57277,-0.05867,-3.15705,1.00706,0.52835,3.26568,-0.24961,-0.1596,0.06976,-0.00983,0.0043,-0.03236,-0.00058,-0.00187,0.00643,0.00258,0.06131,0.01525,-0.05648,-0.02488,0.00112,-0.00582,-0.00309
22.56,-0.00841,0.00126,-0.01447,0.04524,-0.03595,-0.10291,0.10298,-0.14074,0.81735,0.11643,0.384,-0,0.46103,-0.8876,0.11571,1.82982,0.86504,-0.59411,-0.08012,-2.96634,1.01272,0.5476,2.96407,-0.21837,-0.16891,0.07228,-0.00374,0.00158,-0.0275,0.00272,-0.00189,0.00515,0.00191,0.06955,0.00796,-0.05325,-0.0247,0.00096,-0.00501,-0.00263
22.58,-0.00911,0.00263,-0.01703,0.05099,-0.04611,-0.10559,0.12297,-0.13,0.78895,0.15211,0.384,-0,0.57667,-0.83979,0.11042,1.73645,0.89551,-0.60151,-0.09543,-2.76478,0.99974,0.59117,2.65696,-0.18956,-0.18374,0.08809,0.00366,-0.00155,-0.02265,0.00482,-0.00187,0.00393,0.00127,0.07843,0.00081,-0.04975,-0.02515,0.00081,-0.00416,-0.00216
22.6,-0.00956,0.00381,-0.01936,0.05629,-0.05665,-0.10759,0.14363,-0.12,0.7579,0.18779,0.384,-0,0.68508,-0.79381,0.10598,1.64207,0.8943,-0.59233,-0.10371,-2.55976,0.97028,0.65382,2.35384,-0.16417,-0.2033,0.1117,0.01208,-0.00491,-0.01825,0.00607,-0.0018,0.00278,0.00069,0.08776,-0.00628,-0.0465,-0.02586,0.00066,-0.00329,-0.00169
22.62,-0.00977,0.00486,-0.02123,0.06088,-0.06744,-0.10884,0.16423,-0.11102,0.72459,0.223,0.384,-0,0.7828,-0.75012,0.10284,1.54765,0.8578,-0.56467,-0.10454,-2.3593,0.92728,0.72963,2.06407,-0.14274,-0.22661,0.13665,0.02115,-0.00833,-0.01471,0.00691,-0.0017,0.00175,0.00019,0.09731,-0.01355,-0.04413,-0.0264,0.00048,-0.00243,-0.00121
22.64,-0.00976,0.00586,-0.0225,0.06453,-0.07837,-0.10925,0.1842,-0.10327,0.68926,0.25749,0.384,-0,0.86748,-0.70876,0.10159,1.45342,0.78576,-0.51839,-0.09816,-2.16945,0.8736,0.81284,1.794,-0.12545,-0.25253,0.15747,0.03058,-0.01164,-0.01235,0.00773,-0.00158,0.00087,-0.00023,0.10685,-0.0212,-0.04311,-0.02638,0.00025,-0.00161,-0.00074
22.66,-0.00955,0.00685,-0.02309,0.06708,-0.08939,-0.10878,0.20318,-0.09678,0.65205,0.29128,0.384,-0,0.93833,-0.66937,0.10273,1.35886,0.68273,-0.45607,-0.08563,-1.99305,0.81165,0.89816,1.54592,-0.11224,-0.27976,0.17096,0.04015,-0.01473,-0.01134,0.00886,-0.00145,0.00014,-0.00055,0.11623,-0.02929,-0.04367,-0.02551,-6e-05,-0.00084,-0.00028
22.68,-0.00919,0.00788,-0.023,0.06841,-0.10037,-0.1074,0.22092,-0.09146,0.61328,0.32439,0.384,-0,0.99567,-0.63147,0.1066,1.2634,0.55917,-0.38365,-0.06898,-1.83082,0.74374,0.98011,1.31971,-0.10295,-0.30658,0.17638,0.0497,-0.0175,-0.01162,0.01047,-0.00134,-0.00042,-0.00077,0.12525,-0.03765,-0.04569,-0.02367,-0.00045,-0.00011,0.00018
22.7,-0.00873,0.00898,-0.02233,0.06842,-0.11105,-0.10513,0.23715,-0.08721,0.57369,0.3566,0.384,-0,1.04032,-0.59472,0.11342,1.16711,0.43119,-0.31026,-0.05112,-1.68282,0.67246,1.05264,1.11485,-0.09746,-0.33076,0.1751,0.05902,-0.01983,-0.01302,0.01262,-0.00124,-0.00083,-0.0009,0.13364,-0.04587,-0.04879,-0.02086,-0.00091,0.00058,0.00063
22.72,-0.00822,0.01015,-0.02119,0.06706,-0.12109,-0.10199,0.25158,-0.08388,0.53429,0.38742,0.384,-0,1.0732,-0.55898,0.12322,1.07053,0.31696,-0.24626,-0.03521,-1.54873,0.60038,1.10975,0.93085,-0.09571,-0.34989,0.16967,0.06789,-0.02163,-0.01526,0.01526,-0.00118,-0.00109,-0.00095,0.14109,-0.05336,-0.05243,-0.01718,-0.00143,0.00122,0.00106
22.74,-0.0077,0.01137,-0.01972,0.06432,-0.13015,-0.09802,0.26401,-0.08132,0.49584,0.41628,0.384,-0,1.09536,-0.5241,0.13584,0.97411,0.23118,-0.19989,-0.02375,-1.42734,0.52943,1.14684,0.76645,-0.09767,-0.36206,0.16253,0.07606,-0.02285,-0.01807,0.01824,-0.00117,-0.00121,-0.00092,0.14727,-0.05965,-0.05611,-0.01283,-0.00199,0.00182,0.00146
22.76,-0.00716,0.01263,-0.01803,0.06034,-0.13793,-0.09332,0.27443,-0.07936,0.45876,0.44252,0.3411,-0,1.10784,-0.48989,0.15086,0.87799,0.18145,-0.17517,-0.01799,-1.31666,0.46065,1.16165,0.61959,-0.10327,-0.36624,0.15524,0.08331,-0.02353,-0.02125,0.0214,-0.00119,-0.0012,-0.00083,0.15194,-0.06445,-0.05949,-0.00801,-0.00256,0.00237,0.00182
22.78,-0.00656,0.01388,-0.01622,0.05534,-0.14413,-0.08802,0.28289,-0.07789,0.42334,0.46519,0.29117,-0,1.11157,-0.45637,0.16745,0.78278,0.1678,-0.17165,-0.01779,-1.21471,0.39467,1.15423,0.4886,-0.11239,-0.36234,0.14827,0.08937,-0.02377,-0.02462,0.02444,-0.00125,-0.00108,-0.00069,0.15484,-0.06766,-0.06237,-0.00303,-0.00311,0.00286,0.00213
22.8,-0.00583,0.01505,-0.01439,0.04972,-0.14841,-0.08236,0.28945,-0.07681,0.38999,0.48293,0.24483,-0,1.10722,-0.424,0.18434,0.69011,0.18398,-0.18507,-0.02186,-1.1204,0.33222,1.12662,0.37321,-0.12481,-0.35109,0.14116,0.09384,-0.02375,-0.02805,0.027,-0.00133,-0.00087,-0.00051,0.15573,-0.06933,-0.06467,0.00169,-0.00359,0.00328,0.00238
22.82,-0.0049,0.01605,-0.01265,0.04394,-0.15037,-0.07661,0.29412,-0.07602,0.35913,0.49421,0.20323,-0,1.09522,-0.39347,0.20007,0.60228,0.22018,-0.20911,-0.02828,-1.03328,0.27402,1.08196,0.27413,-0.14017,-0.33367,0.13299,0.09634,-0.02363,-0.03137,0.02872,-0.0014,-0.00058,-0.00029,0.15435,-0.06956,-0.06636,0.00575,-0.00397,0.0036,0.00255
22.84,-0.00375,0.01682,-0.01107,0.03838,-0.14973,-0.07099,0.29686,-0.07544,0.33093,0.49792,0.16711,-0,1.07589,-0.36521,0.21336,0.52111,0.26668,-0.23775,-0.03522,-0.95271,0.2204,1.02357,0.19163,-0.15794,-0.31133,0.12286,0.09656,-0.02355,-0.03446,0.0293,-0.00146,-0.00024,-6e-05,0.15055,-0.06846,-0.06739,0.00882,-0.00422,0.00381,0.00263
22.86,-0.00238,0.01729,-0.00965,0.03329,-0.14633,-0.06561,0.29756,-0.07489,0.30513,0.49369,0.13645,-0,1.04961,-0.3392,0.22337,0.44752,0.31612,-0.26664,-0.04139,-0.87749,0.17109,0.95451,0.12477,-0.17729,-0.2852,0.11039,0.0944,-0.02352,-0.03713,0.02867,-0.0015,0.00014,0.00017,0.14429,-0.06606,-0.06764,0.01076,-0.00431,0.00391,0.00262
22.88,-0.00089,0.01742,-0.00841,0.0288,-0.14024,-0.06052,0.29607,-0.0742,0.28121,0.48205,0.11067,-0,1.01706,-0.31507,0.22969,0.38196,0.36381,-0.29335,-0.04616,-0.80639,0.12561,0.87791,0.07176,-0.19697,-0.25636,0.09585,0.08996,-0.02343,-0.03918,0.02694,-0.00151,0.00051,0.00038,0.13577,-0.06232,-0.06691,0.01164,-0.00427,0.0039,0.00253
22.9,0.00054,0.0172,-0.00732,0.02496,-0.1317,-0.05573,0.29216,-0.07313,0.25861,0.4643,0.08895,-0,0.97928,-0.29235,0.23219,0.32495,0.40709,-0.31697,-0.04941,-0.73866,0.08362,0.79734,0.03063,-0.21518,-0.22607,0.08019,0.08361,-0.02312,-0.04034,0.02442,-0.00152,0.00083,0.00055,0.12536,-0.05718,-0.06492,0.01165,-0.00414,0.00383,0.00238
22.92,0.00174,0.01662,-0.00635,0.02179,-0.12105,-0.05124,0.28559,-0.07144,0.23683,0.44213,0.07034,-0,0.93755,-0.27054,0.23093,0.27709,0.44474,-0.33753,-0.05138,-0.674,0.04499,0.71647,-0.00059,-0.22985,-0.19552,0.06472,0.07576,-0.02235,-0.04035,0.02152,-0.00153,0.00107,0.00065,0.11357,-0.05062,-0.06137,0.01108,-0.00396,0.00371,0.00221
22.94,0.00254,0.01569,-0.00545,0.01928,-0.10868,-0.04699,0.27623,-0.06899,0.21534,0.41712,0.05395,-0,0.89297,-0.24914,0.22612,0.23853,0.47627,-0.35533,-0.05241,-0.61208,0.00953,0.63809,-0.0238,-0.23907,-0.16547,0.0506,0.06684,-0.02096,-0.03903,0.01862,-0.00156,0.00119,0.00067,0.10084,-0.04265,-0.05609,0.01023,-0.00376,0.00357,0.00202
22.96,0.00288,0.01445,-0.00461,0.01739,-0.09491,-0.04293,0.26412,-0.06571,0.19366,0.39042,0.03899,-0,0.84636,-0.22768,0.21801,0.2088,0.50135,-0.37041,-0.0528,-0.55236,-0.02304,0.56377,-0.04087,-0.24136,-0.13612,0.03847,0.05715,-0.01894,-0.03635,0.01596,-0.00159,0.00117,0.0006,0.08747,-0.03349,-0.04908,0.00933,-0.00357,0.00342,0.00184
22.98,0.00278,0.01297,-0.00381,0.01609,-0.08017,-0.03897,0.24964,-0.06169,0.17155,0.36291,0.02494,-0,0.79859,-0.20592,0.20702,0.18698,0.51943,-0.3823,-0.05273,-0.49459,-0.05283,0.49438,-0.05343,-0.23573,-0.10725,0.02855,0.04694,-0.01642,-0.0325,0.01372,-0.00164,0.00103,0.00045,0.0737,-0.02358,-0.04065,0.00856,-0.00339,0.00325,0.00166
23,0.00235,0.01137,-0.00304,0.01537,-0.06499,-0.03506,0.23348,-0.05717,0.14911,0.33539,0.01164,-0,0.75084,-0.18396,0.19368,0.17197,0.52961,-0.38999,-0.05229,-0.43914,-0.0796,0.43061,-0.06271,-0.22161,-0.07856,0.02071,0.03647,-0.01371,-0.02782,0.01195,-0.00168,0.00079,0.00024,0.05984,-0.01363,-0.03134,0.00803,-0.00319,0.00306,0.00148
23.02,0.00173,0.00977,-0.00232,0.0152,-0.04999,-0.03119,0.21652,-0.05245,0.12668,0.3085,-0.00077,-0,0.7044,-0.16213,0.1786,0.16256,0.53079,-0.39216,-0.0515,-0.38681,-0.10285,0.37303,-0.0696,-0.19899,-0.05002,0.01472,0.026,-0.01118,-0.02279,0.01068,-0.00169,0.00048,1e-05,0.04618,-0.00447,-0.02188,0.00781,-0.00296,0.00281,0.00129
23.04,0.00105,0.00828,-0.00164,0.01551,-0.03562,-0.02733,0.1995,-0.04782,0.1046,0.28262,-0.01213,-0,0.6601,-0.14073,0.16227,0.15726,0.52214,-0.38773,-0.05035,-0.33823,-0.12217,0.32176,-0.07471,-0.16856,-0.02221,0.0104,0.01572,-0.00912,-0.01782,0.00986,-0.00166,0.00013,-0.00023,0.03294,0.00325,-0.01293,0.00793,-0.00268,0.00251,0.00108
23.06,0.0004,0.00693,-0.001,0.01616,-0.0221,-0.02347,0.18287,-0.04346,0.08313,0.25777,-0.02228,-0,0.61807,-0.11989,0.14501,0.15431,0.5034,-0.3762,-0.04879,-0.29354,-0.13741,0.27636,-0.07843,-0.13196,0.00334,0.00784,0.00573,-0.00768,-0.01328,0.00944,-0.00159,-0.00021,-0.00045,0.02022,0.00919,-0.00493,0.00837,-0.00234,0.00214,0.00085
23.08,-0.00019,0.00575,-0.00036,0.01691,-0.00951,-0.0196,0.16687,-0.03946,0.06254,0.23385,-0.03107,-0,0.578,-0.09968,0.12707,0.1516,0.47509,-0.35785,-0.04681,-0.25272,-0.14865,0.23621,-0.08096,-0.0921,0.02384,0.00741,-0.00388,-0.00685,-0.0094,0.00935,-0.00148,-0.00054,-0.00063,0.00809,0.01334,0.00181,0.00906,-0.00195,0.00171,0.00061
23.1,-0.0007,0.0047,0.0003,0.01747,0.00212,-0.0158,0.15168,-0.03588,0.04326,0.2108,-0.03827,-0,0.53949,-0.08032,0.1088,0.14686,0.43853,-0.33367,-0.0444,-0.21589,-0.15599,0.20083,-0.08224,-0.05319,0.03533,0.00975,-0.01297,-0.00645,-0.00642,0.0095,-0.00134,-0.00082,-0.00076,-0.0033,0.01593,0.00708,0.0099,-0.00155,0.00124,0.00036
23.12,-0.00117,0.00374,0.00103,0.0175,0.01279,-0.01213,0.13742,-0.03275,0.02585,0.1886,-0.04362,-0,0.50205,-0.06209,0.09058,0.13795,0.39558,-0.30505,-0.04157,-0.18329,-0.15958,0.1699,-0.0821,-0.01985,0.03376,0.01548,-0.02138,-0.00627,-0.00447,0.00978,-0.0012,-0.00105,-0.00083,-0.01377,0.01733,0.01076,0.01076,-0.00118,0.00077,0.00013
23.14,-0.00164,0.00283,0.00185,0.01676,0.02257,-0.00868,0.12407,-0.03006,0.01068,0.1672,-0.04698,-0,0.46498,-0.04522,0.07281,0.12337,0.3481,-0.27332,-0.03836,-0.15489,-0.15959,0.143,-0.08043,0.0043,0.01674,0.02487,-0.02898,-0.00604,-0.00363,0.01013,-0.00108,-0.0012,-0.00085,-0.02321,0.01795,0.01282,0.01153,-0.00085,0.00032,-9e-05
23.16,-0.00212,0.00191,0.0028,0.01514,0.03158,-0.00548,0.11149,-0.02778,-0.00213,0.14647,-0.0484,-0,0.42737,-0.02984,0.05588,0.10262,0.29785,-0.2395,-0.03478,-0.13031,-0.15632,0.1195,-0.0773,0.01762,-0.01518,0.03747,-0.03579,-0.00555,-0.0038,0.01046,-0.001,-0.00128,-0.0008,-0.03164,0.01812,0.01337,0.01213,-0.0006,-0.0001,-0.00027
23.18,-0.00262,0.00097,0.00387,0.01272,0.03995,-0.00255,0.09947,-0.02587,-0.01265,0.1264,-0.04813,-0,0.38837,-0.01609,0.0403,0.07648,0.24678,-0.2045,-0.03092,-0.10895,-0.15015,0.09874,-0.073,0.02049,-0.05801,0.05197,-0.04182,-0.00463,-0.00478,0.01073,-0.00094,-0.0013,-0.00072,-0.0391,0.01814,0.01263,0.01253,-0.00043,-0.00047,-0.00043
23.2,-0.00313,-2e-05,0.00506,0.00973,0.04773,0.0001,0.08789,-0.02429,-0.02103,0.10721,-0.04659,-0,0.34746,-0.00421,0.02681,0.04695,0.19732,-0.16934,-0.02692,-0.09023,-0.1416,0.08022,-0.06807,0.01504,-0.10455,0.06624,-0.04714,-0.00316,-0.00623,0.01089,-0.00092,-0.00128,-0.00062,-0.04566,0.01821,0.01091,0.01272,-0.00033,-0.00081,-0.00056
23.22,-0.00364,-0.00103,0.00633,0.00648,0.05491,0.00243,0.07666,-0.023,-0.02745,0.08925,-0.04426,-0,0.3045,0.00551,0.01622,0.01677,0.15205,-0.13507,-0.02294,-0.07362,-0.13125,0.06361,-0.06311,0.00431,-0.14627,0.07784,-0.05175,-0.00106,-0.00776,0.0109,-0.00093,-0.00123,-0.00054,-0.05135,0.01845,0.00858,0.01272,-0.0003,-0.00111,-0.00068
23.24,-0.00411,-0.00207,0.00764,0.00327,0.06145,0.00443,0.06573,-0.02197,-0.03209,0.07281,-0.04159,-0,0.25952,0.01284,0.00906,-0.01148,0.11288,-0.10254,-0.01911,-0.05869,-0.11965,0.04863,-0.05862,-0.00871,-0.17607,0.08479,-0.0557,0.00169,-0.009,0.01075,-0.00097,-0.0012,-0.00049,-0.05621,0.01895,0.00598,0.01256,-0.00031,-0.00138,-0.00078
23.26,-0.00455,-0.00311,0.00895,0.00033,0.06735,0.00612,0.05507,-0.0211,-0.03518,0.05797,-0.03891,-0,0.21275,0.01776,0.00543,-0.03584,0.08072,-0.07223,-0.01549,-0.04509,-0.10737,0.03504,-0.05489,-0.02176,-0.19007,0.08608,-0.05898,0.00507,-0.00966,0.01043,-0.00102,-0.00118,-0.00049,-0.06029,0.0197,0.00342,0.01227,-0.00036,-0.00162,-0.00088
23.28,-0.00495,-0.00412,0.01019,-0.00221,0.07252,0.00754,0.04474,-0.02028,-0.03688,0.04467,-0.03646,-0,0.16504,0.02039,0.00495,-0.05494,0.05558,-0.04459,-0.0121,-0.03269,-0.09501,0.02273,-0.05195,-0.03333,-0.18798,0.08181,-0.06162,0.009,-0.00954,0.00997,-0.00108,-0.00119,-0.00054,-0.06365,0.02062,0.00113,0.01188,-0.00044,-0.00181,-0.00096
23.3,-0.00529,-0.00506,0.01126,-0.00423,0.07683,0.00872,0.03494,-0.01939,-0.03735,0.03291,-0.03437,-0,0.11801,0.02096,0.00685,-0.06776,0.0369,-0.02011,-0.00894,-0.02164,-0.08334,0.01178,-0.04967,-0.04259,-0.17255,0.07302,-0.06354,0.01329,-0.0085,0.00941,-0.00116,-0.00124,-0.00064,-0.06628,0.02158,-0.00066,0.01143,-0.00052,-0.00195,-0.00102
23.32,-0.00558,-0.00588,0.01206,-0.0057,0.08008,0.00968,0.026,-0.01832,-0.0367,0.02263,-0.03272,-0,0.0737,0.01978,0.01017,-0.07369,0.0237,0.00069,-0.00603,-0.0123,-0.07309,0.00244,-0.04779,-0.04918,-0.1483,0.06129,-0.06467,0.01769,-0.0065,0.00878,-0.00124,-0.00134,-0.00077,-0.06815,0.02237,-0.00177,0.01097,-0.00061,-0.00203,-0.00105
23.34,-0.00581,-0.00653,0.01253,-0.00657,0.08215,0.01044,0.01818,-0.01696,-0.03507,0.0137,-0.03144,-0,0.03373,0.01718,0.014,-0.07264,0.01453,0.01772,-0.00335,-0.00498,-0.06476,-0.00507,-0.04605,-0.0531,-0.11975,0.0481,-0.06497,0.02196,-0.00359,0.00815,-0.00133,-0.00147,-0.00092,-0.06924,0.02281,-0.00215,0.01051,-0.0007,-0.00203,-0.00104
23.36,-0.00597,-0.007,0.01263,-0.00688,0.08298,0.01102,0.01157,-0.01529,-0.03268,0.00581,-0.0304,-0,-0.00116,0.01358,0.01762,-0.06524,0.00757,0.03143,-0.0009,0.00017,-0.05846,-0.0107,-0.0442,-0.05461,-0.09035,0.03453,-0.06445,0.02586,7e-05,0.00751,-0.00142,-0.00164,-0.00107,-0.06955,0.02271,-0.00187,0.01004,-0.00077,-0.00194,-0.00099
23.38,-0.00605,-0.00728,0.01237,-0.00667,0.08263,0.01138,0.0062,-0.01334,-0.02983,-0.00144,-0.02933,-0,-0.03096,0.00943,0.02053,-0.05285,0.00063,0.04278,0.0013,0.00316,-0.05388,-0.01452,-0.04207,-0.05415,-0.06241,0.02123,-0.06321,0.02914,0.00416,0.00688,-0.0015,-0.00181,-0.00121,-0.06913,0.02191,-0.00113,0.00956,-0.00083,-0.00179,-0.0009
23.4,-0.00605,-0.00738,0.01181,-0.00601,0.08127,0.01151,0.00201,-0.01123,-0.02695,-0.00847,-0.02788,-0,-0.05604,0.00526,0.02238,-0.03754,-0.00871,0.05308,0.00321,0.0041,-0.05047,-0.01663,-0.03956,-0.05233,-0.03735,0.00855,-0.06142,0.03152,0.00821,0.00624,-0.00155,-0.00197,-0.00132,-0.06805,0.02029,-0.00029,0.00902,-0.00087,-0.00159,-0.00077
23.42,-0.00594,-0.00733,0.01103,-0.005,0.07909,0.01137,-0.00107,-0.00912,-0.02443,-0.01575,-0.02572,-0,-0.07712,0.00157,0.02298,-0.0218,-0.02283,0.06383,0.00478,0.0032,-0.04751,-0.01721,-0.03663,-0.04977,-0.01591,-0.0034,-0.05929,0.03277,0.01172,0.00558,-0.00157,-0.00207,-0.00137,-0.06641,0.01775,0.00028,0.00838,-0.00089,-0.00138,-0.00063
23.44,-0.00572,-0.00714,0.01009,-0.00374,0.07632,0.0109,-0.00316,-0.00715,-0.0226,-0.0238,-0.02259,-0,-0.09536,-0.00141,0.02219,-0.00808,-0.04376,0.07655,0.00605,0.00088,-0.04433,-0.0165,-0.03328,-0.04695,0.00175,-0.0147,-0.05705,0.03279,0.01432,0.00487,-0.00153,-0.00212,-0.00136,-0.06433,0.01432,0.00028,0.00761,-0.00088,-0.00116,-0.00049
23.46,-0.00538,-0.00686,0.00905,-0.00233,0.07321,0.01012,-0.00444,-0.00544,-0.02157,-0.0332,-0.01841,-0,-0.11236,-0.00379,0.01997,0.00151,-0.07287,0.0926,0.00721,-0.00228,-0.04046,-0.01478,-0.02951,-0.04409,0.01591,-0.02562,-0.05488,0.03171,0.01588,0.00412,-0.00145,-0.00211,-0.00131,-0.06196,0.01012,-0.00045,0.00667,-0.00085,-0.00097,-0.00034
23.48,-0.00496,-0.00653,0.00798,-0.00088,0.07006,0.00904,-0.00512,-0.00408,-0.02127,-0.0445,-0.01332,-0,-0.13003,-0.00605,0.01638,0.00512,-0.11058,0.11306,0.00852,-0.0054,-0.03568,-0.01246,-0.02538,-0.04115,0.02714,-0.03647,-0.05299,0.02991,0.01651,0.0033,-0.00131,-0.00208,-0.00123,-0.0595,0.00546,-0.00185,0.00557,-0.0008,-0.00081,-0.00022
23.5,-0.00446,-0.0062,0.00692,0.00047,0.0672,0.00772,-0.00543,-0.00313,-0.02147,-0.0582,-0.00768,-0,-0.15044,-0.009,0.01151,0.00113,-0.15632,0.13864,0.0104,-0.00742,-0.03002,-0.00997,-0.021,-0.03785,0.03618,-0.04754,-0.05157,0.02799,0.01656,0.00244,-0.00113,-0.00208,-0.00117,-0.0572,0.0008,-0.0037,0.00431,-0.00073,-0.00069,-0.00012
23.52,-0.00394,-0.00591,0.00592,0.00158,0.06498,0.00622,-0.00559,-0.00263,-0.02182,-0.0747,-0.00202,-0,-0.17566,-0.01361,0.00553,-0.01204,-0.20898,0.16976,0.01325,-0.00718,-0.02365,-0.00779,-0.01651,-0.03372,0.04385,-0.05907,-0.05082,0.02672,0.01649,0.00156,-0.00093,-0.0022,-0.00117,-0.05534,-0.00334,-0.00572,0.00294,-0.00065,-0.00059,-6e-05
23.54,-0.00341,-0.00572,0.005,0.00232,0.06368,0.00462,-0.00576,-0.00261,-0.02197,-0.09434,0.0031,-0,-0.20765,-0.02085,-0.00147,-0.03593,-0.26773,0.20679,0.01744,-0.00369,-0.01682,-0.00628,-0.01199,-0.02812,0.05101,-0.07121,-0.05088,0.02682,0.01684,0.00067,-0.00072,-0.00249,-0.00127,-0.05415,-0.00659,-0.00767,0.00146,-0.00057,-0.00051,-4e-05
23.56,-0.00291,-0.00568,0.00417,0.00259,0.06351,0.00296,-0.00604,-0.00302,-0.02165,-0.11738,0.00714,-0,-0.24804,-0.03154,-0.00945,-0.07201,-0.33235,0.25001,0.02315,0.00371,-0.0097,-0.0056,-0.00744,-0.02032,0.05853,-0.08404,-0.0518,0.02897,0.0181,-0.00023,-0.0005,-0.00302,-0.00151,-0.05374,-0.00883,-0.00947,-0.00013,-0.00051,-0.00044,-5e-05
23.58,-0.00245,-0.00581,0.00343,0.00234,0.06454,0.00127,-0.00643,-0.00378,-0.02064,-0.1438,0.00959,-0,-0.29779,-0.04621,-0.01842,-0.12144,-0.40284,0.29932,0.03037,0.01522,-0.00248,-0.00574,-0.00277,-0.0095,0.06721,-0.09742,-0.05358,0.03368,0.0207,-0.00113,-0.00027,-0.00382,-0.00192,-0.05416,-0.0102,-0.01117,-0.00186,-0.00048,-0.00035,-7e-05
23.6,-0.00204,-0.00614,0.00275,0.00152,0.06676,-0.00042,-0.00685,-0.00474,-0.01881,-0.17317,0.00991,-0,-0.357,-0.06509,-0.02833,-0.18488,-0.4789,0.35397,0.03885,0.03062,0.00461,-0.00654,0.00212,0.00515,0.07775,-0.11094,-0.05611,0.0413,0.02499,-0.00203,-4e-05,-0.00492,-0.00249,-0.05536,-0.01104,-0.01297,-0.00375,-0.00051,-0.00021,-8e-05
23.62,-0.00171,-0.00669,0.00212,0.00012,0.07007,-0.00209,-0.0072,-0.00572,-0.01608,-0.20476,0.00755,-0,-0.42504,-0.08815,-0.03903,-0.26268,-0.55958,0.41251,0.04821,0.04942,0.01137,-0.00774,0.00731,0.02446,0.09067,-0.12397,-0.05923,0.05189,0.03112,-0.00294,0.00021,-0.00631,-0.00322,-0.05723,-0.01181,-0.01507,-0.00584,-0.00061,0,-5e-05
23.64,-0.00146,-0.00745,0.00152,-0.00185,0.07437,-0.00373,-0.00739,-0.00652,-0.01238,-0.23785,0.00195,-0,-0.50101,-0.11527,-0.05017,-0.35524,-0.64314,0.47305,0.05809,0.07112,0.01765,-0.00909,0.01288,0.04935,0.10636,-0.13582,-0.06283,0.06499,0.03883,-0.00382,0.00046,-0.00794,-0.00407,-0.05964,-0.01284,-0.01763,-0.00813,-0.00079,0.0003,5e-05
23.66,-0.00131,-0.00843,0.00092,-0.00434,0.07953,-0.00537,-0.00736,-0.00694,-0.00768,-0.27174,-0.00738,-0,-0.58372,-0.14622,-0.06118,-0.46292,-0.72659,0.53316,0.06824,0.09526,0.02344,-0.01046,0.01879,0.08078,0.12495,-0.14581,-0.06682,0.07946,0.04733,-0.00467,0.00073,-0.00969,-0.00497,-0.06244,-0.01423,-0.02062,-0.01062,-0.00104,0.00067,0.00022
23.68,-0.00129,-0.00961,0.00032,-0.00724,0.08534,-0.00704,-0.00715,-0.00676,-0.002,-0.30557,-0.02083,-0,-0.6711,-0.18043,-0.07113,-0.5853,-0.805,0.58939,0.07845,0.12132,0.02882,-0.01178,0.0249,0.11948,0.14621,-0.15323,-0.07116,0.09331,0.05521,-0.00544,0.001,-0.01138,-0.00583,-0.06547,-0.01584,-0.02384,-0.01323,-0.00133,0.00108,0.00045
23.7,-0.00142,-0.01093,-0.00029,-0.0104,0.09153,-0.0088,-0.00683,-0.00574,0.00458,-0.33808,-0.03858,-0,-0.75977,-0.21686,-0.07874,-0.72048,-0.87125,0.6371,0.08848,0.14858,0.03392,-0.01307,0.03092,0.16572,0.16942,-0.15727,-0.07576,0.10375,0.06046,-0.00607,0.00126,-0.01277,-0.0065,-0.06853,-0.01728,-0.02687,-0.01587,-0.00162,0.00149,0.00069
23.72,-0.00173,-0.01233,-0.0009,-0.0136,0.09776,-0.01067,-0.00651,-0.0037,0.01195,-0.36782,-0.06064,-0,-0.84574,-0.25413,-0.08281,-0.86558,-0.91761,0.67156,0.09821,0.17626,0.03892,-0.01439,0.03651,0.21903,0.19353,-0.15723,-0.08056,0.10786,0.06096,-0.0065,0.00149,-0.01357,-0.00685,-0.07136,-0.01805,-0.02921,-0.01839,-0.00184,0.00182,0.00091
23.74,-0.00222,-0.01374,-0.0015,-0.01663,0.10371,-0.0127,-0.00632,-0.00048,0.02007,-0.39351,-0.08685,-0,-0.92579,-0.29099,-0.08285,-1.01783,-0.93846,0.68981,0.10784,0.20387,0.04408,-0.01579,0.04153,0.27801,0.2174,-0.15293,-0.08541,0.10348,0.05517,-0.00665,0.00168,-0.01359,-0.00676,-0.07375,-0.01774,-0.03046,-0.02064,-0.00194,0.00202,0.00108
23.76,-0.0029,-0.01512,-0.00208,-0.0193,0.10908,-0.01494,-0.00636,0.00393,0.02897,-0.41432,-0.11676,-0,-0.99814,-0.3264,-0.07952,-1.1748,-0.93216,0.69199,0.11796,0.23135,0.04976,-0.01727,0.0461,0.33994,0.23988,-0.1449,-0.09016,0.09002,0.04274,-0.0065,0.00181,-0.01277,-0.00621,-0.0755,-0.01617,-0.0304,-0.02251,-0.00192,0.00208,0.00117
23.78,-0.00374,-0.01642,-0.00261,-0.02143,0.11356,-0.01741,-0.00671,0.0094,0.03874,-0.42973,-0.14943,-0,-1.06206,-0.35939,-0.07477,-1.33328,-0.90149,0.68158,0.12953,0.25894,0.05638,-0.01878,0.05064,0.4002,0.25972,-0.13458,-0.09454,0.06863,0.02461,-0.00601,0.00188,-0.0112,-0.00528,-0.07641,-0.01344,-0.02907,-0.02391,-0.00178,0.002,0.00118
23.8,-0.00469,-0.01756,-0.00306,-0.0228,0.11683,-0.02009,-0.00743,0.01563,0.04944,-0.43933,-0.18328,-0,-1.11726,-0.38875,-0.0717,-1.48834,-0.85307,0.66488,0.14377,0.28694,0.06434,-0.0202,0.05577,0.45224,0.2754,-0.12416,-0.09818,0.0421,0.00302,-0.00521,0.00189,-0.00913,-0.00409,-0.07631,-0.00991,-0.02669,-0.02475,-0.00156,0.00183,0.00113
23.82,-0.00569,-0.01848,-0.00338,-0.0232,0.11856,-0.02293,-0.00858,0.02224,0.06109,-0.44282,-0.21633,-0,-1.16361,-0.41332,-0.07382,-1.634,-0.79538,0.64921,0.16187,0.31579,0.0741,-0.02137,0.0621,0.48911,0.2854,-0.11598,-0.10065,0.01406,-0.01918,-0.00411,0.00185,-0.00684,-0.00283,-0.07504,-0.00607,-0.02359,-0.02496,-0.0013,0.0016,0.00104
23.84,-0.00667,-0.01914,-0.00357,-0.02247,0.1185,-0.02589,-0.01022,0.02884,0.07372,-0.44008,-0.24677,-0,-1.20107,-0.43239,-0.08406,-1.76502,-0.73598,0.64039,0.1847,0.34636,0.08612,-0.02218,0.07001,0.506,0.28863,-0.11163,-0.10165,-0.01223,-0.03937,-0.00277,0.00176,-0.00465,-0.00168,-0.07253,-0.00239,-0.02007,-0.0245,-0.00105,0.00137,0.00094
23.86,-0.00756,-0.0195,-0.0036,-0.02049,0.11659,-0.02888,-0.01242,0.03515,0.08734,-0.4313,-0.27319,-0,-1.22969,-0.44607,-0.10401,-1.87771,-0.67975,0.64107,0.21249,0.37999,0.1009,-0.02256,0.07945,0.502,0.28478,-0.11133,-0.10102,-0.03461,-0.05583,-0.00126,0.00162,-0.00273,-0.00074,-0.06884,0.0008,-0.01635,-0.02336,-0.00083,0.00116,0.00083
23.88,-0.00832,-0.01955,-0.00348,-0.01724,0.11295,-0.03178,-0.01527,0.04092,0.10184,-0.41697,-0.29444,-0,-1.24927,-0.45518,-0.13362,-1.96924,-0.6289,0.65022,0.24457,0.41826,0.11883,-0.02255,0.0898,0.48051,0.27441,-0.11373,-0.09883,-0.05202,-0.06764,0.00032,0.00146,-0.0012,-8e-05,-0.06418,0.00328,-0.01252,-0.02163,-0.00064,0.00098,0.00072
23.9,-0.00888,-0.01929,-0.00325,-0.01278,0.10787,-0.03444,-0.01881,0.0459,0.11689,-0.39798,-0.30944,-0,-1.25911,-0.46105,-0.17119,-2.03679,-0.58362,0.66363,0.27927,0.46272,0.14012,-0.02223,0.09982,0.44863,0.25883,-0.11623,-0.09533,-0.06428,-0.0746,0.00181,0.00128,-0.00011,0.0003,-0.05892,0.00495,-0.00863,-0.01942,-0.00046,0.00081,0.00061
23.92,-0.00917,-0.01875,-0.00294,-0.00726,0.10175,-0.03664,-0.02306,0.04986,0.13205,-0.37542,-0.3173,-0,-1.25811,-0.46508,-0.21393,-2.07778,-0.5428,0.67531,0.31423,0.51487,0.16479,-0.02178,0.10778,0.41498,0.23971,-0.11573,-0.09087,-0.07177,-0.07693,0.00306,0.00109,0.00054,0.00041,-0.05352,0.00578,-0.00467,-0.0169,-0.00027,0.00063,0.00049
23.94,-0.00917,-0.01793,-0.00258,-0.00083,0.09495,-0.03823,-0.028,0.05264,0.14687,-0.35042,-0.31755,-0,-1.24489,-0.46827,-0.25875,-2.09086,-0.50483,0.67956,0.34702,0.57617,0.19286,-0.02146,0.11162,0.38662,0.21846,-0.10989,-0.08578,-0.07518,-0.07515,0.00393,0.0009,0.00078,0.00029,-0.04839,0.00585,-0.00058,-0.01421,-4e-05,0.00041,0.00034
23.96,-0.00884,-0.01686,-0.00223,0.0063,0.08776,-0.03907,-0.03352,0.05416,0.16098,-0.32404,-0.31041,-0,-1.21814,-0.47079,-0.30268,-2.07664,-0.46828,0.67244,0.37542,0.64786,0.22421,-0.02165,0.10905,0.36695,0.19594,-0.09794,-0.08035,-0.07536,-0.06998,0.00437,0.00072,0.00067,-3e-05,-0.04384,0.00534,0.00374,-0.01143,0.00025,0.00015,0.00016
23.98,-0.00819,-0.01556,-0.0019,0.01387,0.08043,-0.03911,-0.0394,0.05446,0.17398,-0.29751,-0.29685,-0,-1.17673,-0.47193,-0.34264,-2.0379,-0.43236,0.65208,0.39727,0.73041,0.25842,-0.02283,0.09761,0.35541,0.17251,-0.081,-0.07485,-0.07322,-0.06228,0.00437,0.00055,0.00028,-0.0005,-0.04008,0.00452,0.00836,-0.00866,0.00062,-0.00018,-5e-05
24,-0.00727,-0.01407,-0.00163,0.02146,0.07321,-0.03831,-0.04526,0.0536,0.18538,-0.27234,-0.27851,-0,-1.11994,-0.47013,-0.37518,-1.97928,-0.39708,0.61862,0.41033,0.82306,0.29457,-0.02555,0.07467,0.34802,0.14828,-0.06194,-0.06951,-0.0697,-0.05308,0.00399,0.0004,-0.00032,-0.00106,-0.03726,0.00376,0.01335,-0.00596,0.00108,-0.00056,-0.00029
24.02,-0.00614,-0.01244,-0.00145,0.02864,0.06634,-0.03668,-0.05069,0.05171,0.19458,-0.25011,-0.25743,-0,-1.04748,-0.46345,-0.39686,-1.90618,-0.36302,0.57357,0.41253,0.9241,0.33132,-0.0304,0.0376,0.33901,0.12327,-0.04453,-0.06458,-0.06569,-0.04344,0.0033,0.00028,-0.00102,-0.00166,-0.03547,0.00341,0.01869,-0.00338,0.00161,-0.00098,-0.00055
24.04,-0.00484,-0.01071,-0.00138,0.03503,0.06,-0.03424,-0.05532,0.04891,0.20103,-0.23202,-0.23547,-0,-0.95959,-0.45019,-0.40498,-1.82316,-0.33075,0.519,0.40258,1.03145,0.36729,-0.03782,-0.01598,0.32291,0.09764,-0.03224,-0.06019,-0.06188,-0.03422,0.0024,0.00018,-0.00176,-0.00225,-0.03473,0.00372,0.02433,-0.00099,0.00221,-0.00141,-0.00082
24.06,-0.00344,-0.00893,-0.00143,0.04038,0.05423,-0.03105,-0.05895,0.04533,0.2043,-0.21865,-0.2141,-0,-0.85737,-0.42938,-0.39818,-1.73318,-0.30052,0.4572,0.3804,1.14274,0.4011,-0.04799,-0.0878,0.29612,0.0719,-0.02742,-0.05637,-0.05866,-0.02593,0.00135,0.0001,-0.00249,-0.0028,-0.03496,0.00473,0.03015,0.00121,0.00286,-0.00184,-0.00109
24.08,-0.00198,-0.00715,-0.00158,0.04458,0.04907,-0.02719,-0.06153,0.0411,0.20406,-0.21001,-0.1945,-0,-0.7436,-0.40109,-0.37649,-1.63803,-0.27245,0.39102,0.3474,1.25452,0.43115,-0.06077,-0.17839,0.25751,0.04715,-0.03114,-0.05306,-0.05614,-0.01881,0.00021,5e-05,-0.00319,-0.00329,-0.03602,0.00626,0.03589,0.00317,0.00352,-0.00223,-0.00134
24.1,-0.00054,-0.00542,-0.0018,0.04757,0.04451,-0.02282,-0.0631,0.03639,0.20004,-0.2057,-0.17768,-0,-0.6232,-0.36639,-0.34128,-1.53902,-0.24671,0.32415,0.30642,1.3616,0.45547,-0.07563,-0.28667,0.20831,0.02516,-0.04334,-0.05015,-0.05421,-0.01289,-0.00097,2e-05,-0.00385,-0.00372,-0.03765,0.00789,0.04116,0.00487,0.00415,-0.00255,-0.00155
24.12,0.00082,-0.00383,-0.00207,0.04932,0.04053,-0.01812,-0.0638,0.0314,0.19203,-0.20501,-0.16447,-0,-0.50221,-0.32695,-0.29473,-1.43707,-0.22354,0.26054,0.261,1.4578,0.47189,-0.09174,-0.41025,0.15146,0.00804,-0.0631,-0.04749,-0.05258,-0.00805,-0.00215,1e-05,-0.00445,-0.00408,-0.03956,0.00911,0.04548,0.00626,0.00468,-0.00276,-0.00169
24.14,0.00203,-0.00242,-0.00236,0.04986,0.0371,-0.01328,-0.06376,0.02626,0.1799,-0.20707,-0.15531,-0,-0.3859,-0.28437,-0.23918,-1.33242,-0.20299,0.20321,0.21441,1.5376,0.47865,-0.10819,-0.54613,0.09037,-0.00253,-0.0889,-0.04491,-0.05094,-0.00407,-0.00329,2e-05,-0.00502,-0.00436,-0.04148,0.00944,0.04843,0.0073,0.00506,-0.00282,-0.00175
24.16,0.00306,-0.00124,-0.00263,0.04928,0.03413,-0.00842,-0.06315,0.02107,0.16367,-0.21088,-0.15024,-0,-0.27778,-0.2399,-0.17691,-1.22486,-0.18488,0.15365,0.16904,1.59699,0.47476,-0.12405,-0.69071,0.02841,-0.0057,-0.11877,-0.04225,-0.04895,-0.00071,-0.00439,4e-05,-0.00555,-0.00457,-0.04314,0.00852,0.04972,0.00797,0.00525,-0.00271,-0.0017
24.18,0.00389,-0.00027,-0.00287,0.04769,0.0315,-0.0037,-0.06214,0.0159,0.14364,-0.21531,-0.14882,-0,-0.18027,-0.19461,-0.11052,-1.11447,-0.16889,0.11205,0.12662,1.63322,0.46009,-0.13825,-0.83871,-0.03081,-0.00156,-0.15013,-0.03937,-0.04635,0.00231,-0.00542,8e-05,-0.00606,-0.0047,-0.04433,0.00616,0.04918,0.00826,0.00524,-0.00241,-0.00154
24.2,0.0045,0.00046,-0.00305,0.04527,0.0291,0.00073,-0.06091,0.01085,0.12047,-0.21914,-0.15031,-0,-0.09549,-0.14977,-0.04326,-1.00244,-0.15474,0.07779,0.08857,1.64422,0.43527,-0.1495,-0.98242,-0.0831,0.009,-0.17965,-0.03619,-0.04292,0.00523,-0.00638,0.00015,-0.00654,-0.00475,-0.04485,0.00231,0.0468,0.00816,0.005,-0.00195,-0.00127
24.22,0.00487,0.00099,-0.00317,0.04219,0.02684,0.00469,-0.05964,0.006,0.09502,-0.22115,-0.15383,-0,-0.02523,-0.10667,0.02141,-0.89066,-0.14224,0.04983,0.05601,1.62854,0.40141,-0.15637,-1.11278,-0.12434,0.02455,-0.2038,-0.03266,-0.03852,0.00821,-0.00726,0.00023,-0.007,-0.00472,-0.04452,-0.0029,0.04265,0.00768,0.00454,-0.00132,-0.0009
24.24,0.00502,0.0013,-0.0032,0.03861,0.02464,0.00802,-0.05844,0.00145,0.06814,-0.22047,-0.15857,-0,0.02969,-0.0663,0.08068,-0.7808,-0.13123,0.02687,0.02961,1.58563,0.35964,-0.15753,-1.22165,-0.15163,0.04338,-0.21975,-0.02876,-0.03311,0.01137,-0.00805,0.00033,-0.00742,-0.0046,-0.04321,-0.00923,0.0369,0.00682,0.00387,-0.00055,-0.00044
24.26,0.00496,0.00143,-0.00315,0.03465,0.02245,0.01065,-0.05741,-0.00276,0.0406,-0.21668,-0.16398,-0,0.06969,-0.02918,0.13282,-0.67397,-0.12162,0.00766,0.00942,1.51624,0.311,-0.15187,-1.3031,-0.16412,0.0637,-0.22595,-0.0245,-0.02678,0.01468,-0.00873,0.00044,-0.00778,-0.0044,-0.04089,-0.01626,0.02986,0.00561,0.00303,0.0003,7e-05
24.28,0.0047,0.00138,-0.003,0.03039,0.02026,0.01255,-0.05655,-0.00659,0.01324,-0.20994,-0.16971,-0,0.09617,0.00436,0.17689,-0.57147,-0.11344,-0.00883,-0.00486,1.42295,0.25677,-0.1386,-1.35299,-0.16303,0.08346,-0.2222,-0.01996,-0.01978,0.018,-0.00931,0.00056,-0.00806,-0.00413,-0.03762,-0.02337,0.02203,0.0041,0.00207,0.00119,0.00061
24.3,0.00429,0.00119,-0.00275,0.02596,0.01811,0.01369,-0.05588,-0.00994,-0.01284,-0.20088,-0.17559,-0,0.11106,0.0339,0.21232,-0.47547,-0.10694,-0.02327,-0.01376,1.3104,0.19869,-0.11728,-1.36831,-0.15126,0.10036,-0.20942,-0.01531,-0.01255,0.021,-0.00977,0.00066,-0.0082,-0.0038,-0.03357,-0.0297,0.01409,0.00238,0.00109,0.00202,0.00112
24.32,0.00377,0.00088,-0.00242,0.02147,0.01608,0.01409,-0.05534,-0.01272,-0.03644,-0.19044,-0.18157,-0,0.1165,0.05898,0.23876,-0.38863,-0.10241,-0.03595,-0.01786,1.18449,0.13884,-0.08791,-1.34728,-0.13246,0.11209,-0.18937,-0.01078,-0.00564,0.02333,-0.0101,0.00072,-0.00817,-0.00344,-0.02897,-0.03437,0.00679,0.00055,0.00017,0.00272,0.00155
24.34,0.00318,0.00048,-0.00201,0.01706,0.01422,0.01376,-0.05491,-0.01488,-0.05665,-0.17952,-0.18762,-0,0.11461,0.07932,0.25634,-0.31291,-0.09997,-0.04698,-0.01773,1.05094,0.079,-0.05118,-1.29007,-0.10975,0.11694,-0.16403,-0.00656,0.00048,0.02468,-0.01026,0.00074,-0.00792,-0.00306,-0.02404,-0.03672,0.00074,-0.00127,-0.0006,0.00321,0.00187
24.36,0.00253,3e-05,-0.00153,0.01283,0.01255,0.01275,-0.05453,-0.01641,-0.07302,-0.1688,-0.19373,-0,0.10732,0.09494,0.26569,-0.24902,-0.09942,-0.05632,-0.01392,0.91484,0.02058,-0.00867,-1.19958,-0.08499,0.11417,-0.13549,-0.0028,0.00553,0.02493,-0.01021,0.0007,-0.00746,-0.00268,-0.01896,-0.03651,-0.00375,-0.00297,-0.00119,0.00347,0.00205
24.38,0.00186,-0.00042,-0.00101,0.00898,0.01106,0.01113,-0.05418,-0.01737,-0.08548,-0.15875,-0.19976,-0,0.09645,0.10604,0.26788,-0.19677,-0.10022,-0.06374,-0.00694,0.78155,-0.03502,0.03674,-1.08222,-0.05873,0.1041,-0.10601,0.00039,0.00941,0.02413,-0.0099,0.00061,-0.00681,-0.00231,-0.01394,-0.03399,-0.00666,-0.00443,-0.0016,0.00352,0.0021
24.4,0.00118,-0.00079,-0.00049,0.0057,0.00973,0.00903,-0.05382,-0.01782,-0.0942,-0.14977,-0.20548,-0,0.08365,0.11288,0.26429,-0.15567,-0.10151,-0.06877,0.00271,0.65745,-0.08604,0.08077,-0.94795,-0.03048,0.088,-0.07814,0.00288,0.0121,0.02248,-0.00927,0.00047,-0.006,-0.00195,-0.00918,-0.02981,-0.00818,-0.00549,-0.00186,0.0034,0.00206
24.42,0.00052,-0.001,-0,0.00327,0.00852,0.00657,-0.05346,-0.01787,-0.09945,-0.14215,-0.21056,-0,0.07037,0.11575,0.25637,-0.12509,-0.10234,-0.07086,0.01453,0.54927,-0.13054,0.11849,-0.8084,0.00103,0.06767,-0.05428,0.00459,0.01368,0.0203,-0.00826,0.0003,-0.00512,-0.00161,-0.00492,-0.02485,-0.00863,-0.00602,-0.00202,0.00319,0.00195
24.44,-0.00014,-0.00102,0.00041,0.00185,0.00741,0.00386,-0.05311,-0.01764,-0.10165,-0.13606,-0.21459,-0,0.05774,0.11501,0.24542,-0.10417,-0.10188,-0.06966,0.02804,0.46228,-0.16706,0.14556,-0.67372,0.03754,0.0449,-0.03591,0.00543,0.01425,0.01788,-0.00683,0.00012,-0.00423,-0.0013,-0.00132,-0.01995,-0.00833,-0.00591,-0.00211,0.00294,0.00181
24.46,-0.00078,-0.00082,0.00071,0.00155,0.00642,0.00097,-0.05282,-0.01724,-0.10126,-0.13154,-0.21717,-0,0.04651,0.11117,0.23249,-0.09178,-0.09962,-0.06519,0.04272,0.3993,-0.19492,0.15905,-0.5509,0.08093,0.0211,-0.02306,0.00536,0.01393,0.01544,-0.00498,-8e-05,-0.00336,-0.00102,0.00149,-0.01573,-0.0076,-0.00515,-0.00218,0.0027,0.00167
24.48,-0.00142,-0.00042,0.00089,0.00233,0.00559,-0.00204,-0.05268,-0.01679,-0.09883,-0.12853,-0.21785,-0,0.03715,0.10489,0.21842,-0.08665,-0.09543,-0.05797,0.05789,0.36102,-0.21411,0.15753,-0.44432,0.13281,-0.00254,-0.01434,0.0044,0.01286,0.01318,-0.00275,-0.00027,-0.00255,-0.00077,0.00348,-0.01258,-0.00664,-0.00379,-0.00223,0.0025,0.00154
24.5,-0.00206,0.00011,0.00091,0.00404,0.00499,-0.00509,-0.05279,-0.0164,-0.09495,-0.12695,-0.21614,-0,0.02993,0.097,0.20395,-0.08747,-0.08952,-0.0489,0.07264,0.3467,-0.22496,0.14075,-0.35677,0.19412,-0.02492,-0.00724,0.00259,0.01117,0.01121,-0.00024,-0.00047,-0.00183,-0.00055,0.00461,-0.01073,-0.00562,-0.00199,-0.00228,0.00233,0.00144
24.52,-0.0027,0.00071,0.00079,0.00651,0.00472,-0.0081,-0.05325,-0.0162,-0.09019,-0.12666,-0.21157,-0,0.02492,0.08833,0.18962,-0.09295,-0.08234,-0.03913,0.08597,0.35476,-0.22812,0.10931,-0.2899,0.26448,-0.04501,0.00109,5e-05,0.00901,0.00965,0.00239,-0.00065,-0.00122,-0.00037,0.00492,-0.01025,-0.00467,6e-05,-0.0023,0.00219,0.00135
24.54,-0.00335,0.00129,0.0005,0.00951,0.00478,-0.01102,-0.05411,-0.01629,-0.08496,-0.12752,-0.20383,-0,0.02195,0.07955,0.17566,-0.10174,-0.07442,-0.02962,0.09706,0.38316,-0.2245,0.06422,-0.24407,0.34152,-0.06188,0.01271,-0.00309,0.00654,0.00855,0.00499,-0.00082,-0.00073,-0.00023,0.00449,-0.01105,-0.00383,0.00216,-0.0023,0.00207,0.00129
24.56,-0.00398,0.0018,7e-05,0.01282,0.00513,-0.01379,-0.0553,-0.01675,-0.0795,-0.12937,-0.19287,-0,0.02058,0.07105,0.16196,-0.1123,-0.0662,-0.021,0.10542,0.42954,-0.21542,0.00678,-0.21839,0.42012,-0.07479,0.02817,-0.00658,0.00392,0.00793,0.00742,-0.00096,-0.00038,-0.00014,0.00349,-0.01292,-0.00312,0.00411,-0.00226,0.00197,0.00124
24.58,-0.00455,0.0022,-0.00047,0.01619,0.0056,-0.01636,-0.05665,-0.01763,-0.07388,-0.13202,-0.17905,-0,0.02009,0.06297,0.14809,-0.12287,-0.05817,-0.01353,0.11089,0.49098,-0.20258,-0.06101,-0.211,0.4916,-0.08303,0.04614,-0.0101,0.00138,0.00776,0.00953,-0.00108,-0.00017,-0.0001,0.00221,-0.01548,-0.00252,0.00577,-0.00218,0.00188,0.00121
24.6,-0.00501,0.00247,-0.00107,0.01934,0.00595,-0.01865,-0.05787,-0.01897,-0.06807,-0.13523,-0.16311,-0,0.0196,0.0553,0.13353,-0.13141,-0.05085,-0.00728,0.11349,0.5638,-0.18812,-0.13624,-0.21945,0.54385,-0.08585,0.06361,-0.0132,-0.00084,0.00798,0.01115,-0.00115,-9e-05,-0.00012,0.00102,-0.01822,-0.00197,0.00695,-0.00208,0.00181,0.00121
24.62,-0.0053,0.00259,-0.00169,0.022,0.0059,-0.02059,-0.05864,-0.02074,-0.06204,-0.13871,-0.14614,-0,0.0182,0.04809,0.11771,-0.1359,-0.04478,-0.00222,0.11328,0.64394,-0.17433,-0.21542,-0.24116,0.56408,-0.08261,0.0769,-0.01543,-0.00251,0.0085,0.01212,-0.00116,-0.00015,-0.00019,0.0003,-0.02058,-0.00139,0.00753,-0.00195,0.00178,0.00123
24.64,-0.00537,0.00256,-0.00229,0.02397,0.00521,-0.02211,-0.05868,-0.02289,-0.05586,-0.1421,-0.12939,-0,0.01536,0.0416,0.10022,-0.13475,-0.04043,0.0015,0.11022,0.72776,-0.16322,-0.29534,-0.2739,0.54317,-0.07297,0.08316,-0.01645,-0.0035,0.00922,0.01232,-0.0011,-0.00034,-0.00032,0.00035,-0.02207,-0.00066,0.00741,-0.00179,0.00178,0.00127
24.66,-0.0052,0.0024,-0.00285,0.0252,0.00377,-0.0232,-0.05789,-0.02529,-0.04978,-0.14498,-0.1142,-0,0.01108,0.03652,0.08087,-0.12709,-0.03815,0.00349,0.10404,0.81219,-0.1563,-0.37335,-0.31598,0.47891,-0.05721,0.08145,-0.01611,-0.00388,0.01001,0.01173,-0.00097,-0.00065,-0.0005,0.0013,-0.02239,0.00032,0.00658,-0.0016,0.00181,0.00132
24.68,-0.00482,0.00213,-0.0034,0.02574,0.0016,-0.02391,-0.05628,-0.02774,-0.04433,-0.14682,-0.10208,-0,0.00604,0.034,0.05995,-0.11293,-0.03818,0.00297,0.09428,0.89417,-0.15459,-0.44686,-0.36604,0.37718,-0.03631,0.07302,-0.01454,-0.00392,0.01069,0.01045,-0.00077,-0.00104,-0.00072,0.0031,-0.02143,0.0017,0.00513,-0.00135,0.00184,0.00136
24.7,-0.00429,0.00179,-0.00398,0.02576,-0.00116,-0.02429,-0.05406,-0.02995,-0.0403,-0.14697,-0.09483,-0,0.00154,0.03567,0.0383,-0.09307,-0.04066,-0.00113,0.08035,0.97008,-0.15866,-0.5128,-0.42269,0.25125,-0.01199,0.06098,-0.01205,-0.00404,0.01107,0.00864,-0.00052,-0.00148,-0.00095,0.00553,-0.01924,0.00358,0.00322,-0.00101,0.00185,0.00136
24.72,-0.00367,0.00143,-0.00462,0.02547,-0.00427,-0.02442,-0.05149,-0.03162,-0.03856,-0.14482,-0.09419,-0,-0.00066,0.04341,0.01732,-0.06879,-0.04561,-0.01001,0.06153,1.03602,-0.16865,-0.56792,-0.48436,0.11824,0.01362,0.04935,-0.00904,-0.00469,0.01096,0.00652,-0.00023,-0.00193,-0.00117,0.00827,-0.01604,0.00601,0.00108,-0.00058,0.0018,0.00131
24.74,-0.00304,0.00109,-0.00535,0.02497,-0.00752,-0.02432,-0.04888,-0.03251,-0.03976,-0.13994,-0.10147,-0,0.00146,0.05895,-0.00112,-0.04128,-0.05287,-0.02469,0.03707,1.08854,-0.18415,-0.60967,-0.54926,-0.0064,0.0386,0.04166,-0.00589,-0.00618,0.01024,0.0043,6e-05,-0.00235,-0.00136,0.011,-0.01215,0.00893,-0.00112,-5e-05,0.00167,0.0012
24.76,-0.00244,0.00081,-0.00617,0.02425,-0.01071,-0.02397,-0.04648,-0.03255,-0.04413,-0.13229,-0.11711,-0,0.00995,0.08357,-0.01477,-0.01146,-0.06199,-0.0457,0.00633,1.1251,-0.20415,-0.63666,-0.61511,-0.11221,0.06144,0.03996,-0.00281,-0.00852,0.00891,0.00214,0.00035,-0.00271,-0.00149,0.01352,-0.00799,0.01205,-0.00324,0.00056,0.00148,0.00102
24.78,-0.00189,0.00058,-0.00704,0.02314,-0.01369,-0.02328,-0.04451,-0.03183,-0.05136,-0.12225,-0.14052,-0,0.02684,0.11783,-0.02081,0.01993,-0.07219,-0.07291,-0.03101,1.14381,-0.22682,-0.64852,-0.67855,-0.19368,0.08103,0.04466,0.00012,-0.01141,0.00707,0.00013,0.0006,-0.00298,-0.00157,0.01568,-0.00411,0.01488,-0.00519,0.00118,0.00127,0.00082
24.8,-0.00141,0.00043,-0.00787,0.02132,-0.01632,-0.02212,-0.04319,-0.03056,-0.06069,-0.11064,-0.17009,-0,0.05403,0.16153,-0.01589,0.05203,-0.08234,-0.10542,-0.07471,1.1431,-0.24954,-0.64559,-0.73487,-0.24914,0.09644,0.05465,0.00296,-0.01421,0.00496,-0.00165,0.00081,-0.00313,-0.00159,0.01738,-0.00118,0.01671,-0.00692,0.0017,0.0011,0.00064
24.82,-0.001,0.00036,-0.00856,0.01847,-0.01848,-0.02035,-0.04271,-0.02909,-0.07102,-0.09848,-0.20354,-0,0.09319,0.21392,0.0035,0.0839,-0.09116,-0.14172,-0.12413,1.12185,-0.26939,-0.6287,-0.77876,-0.27961,0.10699,0.06794,0.00581,-0.0162,0.00285,-0.00315,0.00093,-0.00317,-0.00155,0.01861,0.00015,0.01679,-0.00839,0.00201,0.00107,0.00055
24.84,-0.00064,0.00036,-0.009,0.01432,-0.02013,-0.01787,-0.04318,-0.02778,-0.08121,-0.08667,-0.23843,-0,0.14551,0.27413,0.04031,0.11447,-0.09761,-0.18002,-0.17841,1.07972,-0.28405,-0.59898,-0.80578,-0.2878,0.11241,0.08245,0.0088,-0.01677,0.00091,-0.00433,0.00098,-0.00306,-0.00145,0.01941,-0.00047,0.0146,-0.00958,0.00203,0.00121,0.00058
24.86,-0.00031,0.00045,-0.00911,0.00879,-0.02134,-0.01465,-0.04458,-0.02698,-0.09022,-0.07576,-0.27239,-0,0.21139,0.34128,0.0963,0.14256,-0.1011,-0.21828,-0.23646,1.01767,-0.29231,-0.55798,-0.81326,-0.27747,0.11303,0.09652,0.01207,-0.01567,-0.00085,-0.00519,0.00093,-0.00281,-0.00129,0.01991,-0.00292,0.01003,-0.01045,0.00174,0.00154,0.00075
24.88,1e-05,0.00061,-0.00881,0.00204,-0.02226,-0.01081,-0.0468,-0.02702,-0.09707,-0.06599,-0.30299,-0,0.2899,0.41398,0.17149,0.16662,-0.10154,-0.25396,-0.29655,0.9384,-0.29416,-0.50787,-0.80048,-0.25326,0.10973,0.10893,0.01569,-0.01302,-0.00258,-0.00574,0.0008,-0.00243,-0.00108,0.02031,-0.00658,0.00348,-0.01098,0.00117,0.00202,0.00103
24.9,0.00034,0.00086,-0.00808,-0.00551,-0.02315,-0.00655,-0.0496,-0.02823,-0.1008,-0.0574,-0.32749,-0,0.37846,0.49001,0.26398,0.18454,-0.09915,-0.28393,-0.35598,0.84659,-0.29057,-0.45164,-0.76836,-0.22054,0.10385,0.11877,0.01965,-0.00929,-0.00458,-0.006,0.00061,-0.00193,-0.00082,0.02088,-0.01036,-0.0042,-0.01111,0.00042,0.00258,0.00135
24.92,0.00071,0.00119,-0.00689,-0.0133,-0.02425,-0.00219,-0.05267,-0.03088,-0.1005,-0.04989,-0.3432,-0,0.47344,0.56667,0.37052,0.19391,-0.09404,-0.30511,-0.41157,0.74791,-0.28315,-0.39263,-0.719,-0.18477,0.09689,0.12551,0.0239,-0.00514,-0.0072,-0.006,0.00039,-0.00133,-0.0005,0.02188,-0.01303,-0.01193,-0.01079,-0.00038,0.00311,0.00164
24.94,0.00115,0.0016,-0.00527,-0.02078,-0.02575,0.002,-0.05575,-0.03513,-0.09548,-0.04328,-0.34811,-0,0.57121,0.64182,0.48748,0.19249,-0.08558,-0.31567,-0.4606,0.64755,-0.2737,-0.33371,-0.65511,-0.15051,0.08999,0.12901,0.0283,-0.0012,-0.0107,-0.00577,0.00016,-0.00067,-0.00014,0.02347,-0.01363,-0.01882,-0.00998,-0.00111,0.00351,0.00184
24.96,0.00168,0.00211,-0.00327,-0.02757,-0.02774,0.00581,-0.05863,-0.04094,-0.0854,-0.03734,-0.34136,-0,0.66858,0.71416,0.61116,0.1786,-0.07196,-0.31582,-0.50132,0.54945,-0.26392,-0.27693,-0.57984,-0.12092,0.08366,0.12967,0.03271,0.00206,-0.01519,-0.00535,-5e-05,2e-05,0.00026,0.02565,-0.01182,-0.02438,-0.00869,-0.00171,0.00374,0.00191
24.98,0.00231,0.0027,-0.00102,-0.03333,-0.03014,0.00908,-0.06118,-0.04804,-0.07032,-0.0319,-0.32336,-0,0.76217,0.78286,0.73693,0.15124,-0.05026,-0.30801,-0.53274,0.45686,-0.25541,-0.22384,-0.49732,-0.09783,0.07776,0.12834,0.03685,0.00437,-0.02054,-0.0048,-0.00025,0.00071,0.00067,0.02824,-0.00795,-0.02852,-0.007,-0.00215,0.0038,0.00186
25,0.00305,0.00336,0.00129,-0.03782,-0.03271,0.01167,-0.06331,-0.05591,-0.05076,-0.02681,-0.29568,-0,0.8478,0.84697,0.85854,0.11013,-0.01644,-0.29661,-0.55427,0.37305,-0.24972,-0.17595,-0.41289,-0.08206,0.07158,0.12632,0.04039,0.00558,-0.02638,-0.0042,-0.00041,0.00136,0.00105,0.03088,-0.00297,-0.0315,-0.00501,-0.00244,0.00369,0.00172
25.02,0.00388,0.00409,0.00343,-0.04084,-0.03518,0.01348,-0.06494,-0.06393,-0.02752,-0.02201,-0.26058,-0,0.921,0.90549,0.96915,0.05568,0.03458,-0.28694,-0.56547,0.30102,-0.24812,-0.13466,-0.33223,-0.07362,0.0641,0.12498,0.04296,0.00569,-0.03221,-0.00361,-0.00055,0.00191,0.00137,0.03311,0.00188,-0.03373,-0.00287,-0.0026,0.00348,0.00155
25.04,0.00478,0.00487,0.00522,-0.04231,-0.03729,0.01445,-0.06607,-0.07148,-0.00143,-0.01739,-0.22034,-0,0.97821,0.95781,1.06324,-0.01116,0.10892,-0.28382,-0.56599,0.24265,-0.25136,-0.1009,-0.25967,-0.07187,0.05425,0.12537,0.0443,0.00481,-0.03753,-0.00309,-0.00065,0.00234,0.00159,0.03458,0.0055,-0.0356,-0.00073,-0.00267,0.00322,0.00139
25.06,0.00572,0.00566,0.00653,-0.04232,-0.03891,0.01457,-0.06671,-0.07815,0.02678,-0.01282,-0.17698,-0,1.01754,1.00383,1.13773,-0.08869,0.21344,-0.29065,-0.55559,0.1982,-0.25932,-0.07503,-0.19723,-0.07559,0.04121,0.12794,0.04437,0.00317,-0.04194,-0.00267,-0.00073,0.00262,0.00171,0.03516,0.00732,-0.03734,0.00129,-0.00268,0.00293,0.00127
25.08,0.00663,0.00644,0.00729,-0.04111,-0.04001,0.01392,-0.06693,-0.08362,0.05623,-0.00816,-0.13247,-0,1.03853,1.04369,1.19167,-0.17388,0.35502,-0.3091,-0.53411,0.16659,-0.271,-0.05698,-0.14492,-0.08302,0.02449,0.13239,0.04337,0.00111,-0.0451,-0.00236,-0.00079,0.00277,0.00173,0.0349,0.00726,-0.03894,0.00307,-0.00266,0.00267,0.00121
25.1,0.00742,0.00714,0.00748,-0.0391,-0.04067,0.01262,-0.06681,-0.08768,0.08578,-0.00329,-0.089,-0,1.04169,1.07732,1.22536,-0.26206,0.53951,-0.33916,-0.50163,0.14594,-0.28453,-0.04651,-0.10141,-0.09195,0.00409,0.1378,0.04169,-0.00087,-0.04674,-0.00212,-0.00084,0.00281,0.00166,0.03406,0.00574,-0.04019,0.00451,-0.00261,0.00243,0.00119
25.12,0.00798,0.0077,0.00711,-0.03672,-0.04102,0.01081,-0.06644,-0.09018,0.11415,0.00186,-0.04874,-0,1.028,1.10466,1.23959,-0.34779,0.77042,-0.37939,-0.45875,0.13397,-0.29767,-0.0432,-0.06473,-0.1002,-0.01961,0.14293,0.03979,-0.0023,-0.04663,-0.00194,-0.0009,0.00277,0.00155,0.03301,0.00342,-0.04078,0.00551,-0.00255,0.00225,0.00121
25.14,0.00824,0.00809,0.00623,-0.03437,-0.04118,0.00862,-0.06589,-0.09107,0.1403,0.0073,-0.01331,-0,0.99849,1.12592,1.23505,-0.42653,1.04738,-0.42721,-0.40697,0.12838,-0.30848,-0.04641,-0.03286,-0.10633,-0.04589,0.14667,0.03809,-0.00276,-0.0447,-0.00177,-0.00096,0.00269,0.0014,0.03207,0.001,-0.04043,0.006,-0.00247,0.00212,0.00123
25.16,0.00817,0.00828,0.00492,-0.03228,-0.04125,0.00611,-0.06518,-0.09041,0.16355,0.01302,0.01655,-0,0.95408,1.14188,1.21189,-0.49549,1.36392,-0.47889,-0.34918,0.12713,-0.31577,-0.05509,-0.00432,-0.1101,-0.07367,0.14836,0.03681,-0.00209,-0.04108,-0.00155,-0.00104,0.00259,0.00125,0.03147,-0.001,-0.03904,0.00599,-0.00237,0.00203,0.00125
25.18,0.00776,0.00828,0.00326,-0.03057,-0.04128,0.00333,-0.06431,-0.0884,0.18348,0.01883,0.04075,-0,0.89581,1.15377,1.16978,-0.55335,1.70471,-0.52923,-0.29021,0.1285,-0.31915,-0.06778,0.0215,-0.11258,-0.10128,0.14786,0.03601,-0.00031,-0.03613,-0.00125,-0.00113,0.00247,0.0011,0.03132,-0.00225,-0.03668,0.00552,-0.00224,0.00197,0.00125
25.2,0.00708,0.00814,0.00142,-0.02921,-0.04129,0.00031,-0.06323,-0.08536,0.19973,0.02446,0.05957,-0,0.82509,1.16304,1.10809,-0.59961,2.04444,-0.57133,-0.2369,0.13112,-0.31892,-0.08259,0.04418,-0.11593,-0.12641,0.14546,0.03558,0.00232,-0.03042,-0.00084,-0.00125,0.00234,0.00097,0.0316,-0.00259,-0.03362,0.00471,-0.00207,0.00189,0.00121
25.22,0.0062,0.00787,-0.00045,-0.02812,-0.04127,-0.00295,-0.06189,-0.08164,0.21199,0.02955,0.07354,-0,0.74355,1.17112,1.02642,-0.63429,2.35202,-0.59726,-0.19665,0.134,-0.31578,-0.0975,0.06264,-0.1229,-0.14655,0.14167,0.03531,0.00543,-0.02462,-0.00026,-0.00137,0.0022,0.00085,0.03224,-0.002,-0.03023,0.00368,-0.00185,0.00177,0.00112
25.24,0.00519,0.00754,-0.00223,-0.02717,-0.0412,-0.00644,-0.0602,-0.07758,0.22018,0.03382,0.08337,-0,0.65264,1.17902,0.92523,-0.65796,2.59817,-0.59928,-0.17515,0.13647,-0.31058,-0.11085,0.07572,-0.13609,-0.15985,0.13695,0.035,0.00862,-0.01933,0.00048,-0.0015,0.00205,0.00076,0.03315,-0.00058,-0.02684,0.00253,-0.00157,0.00159,0.00098
25.26,0.00413,0.00716,-0.00383,-0.02624,-0.04106,-0.01015,-0.05809,-0.07345,0.22452,0.03715,0.08988,-0,0.55372,1.18715,0.80673,-0.67166,2.76001,-0.57082,-0.1748,0.13817,-0.30411,-0.12156,0.08263,-0.15735,-0.16563,0.13149,0.03452,0.01159,-0.01493,0.0014,-0.00164,0.00189,0.00068,0.03427,0.0015,-0.02375,0.00135,-0.00123,0.00133,0.00078
25.28,0.00306,0.00675,-0.00521,-0.02521,-0.04087,-0.01403,-0.05549,-0.06944,0.22548,0.0396,0.09397,-0,0.44877,1.19512,0.67595,-0.67678,2.82071,-0.50671,-0.19435,0.13907,-0.29714,-0.12914,0.08294,-0.18752,-0.16451,0.12525,0.03379,0.01404,-0.0116,0.00246,-0.00178,0.00173,0.00063,0.03555,0.00391,-0.02117,0.00014,-0.00084,0.00098,0.00053
25.3,0.00207,0.00631,-0.00634,-0.024,-0.04063,-0.01801,-0.05237,-0.06576,0.22374,0.04129,0.09647,-0,0.34102,1.20179,0.54104,-0.6748,2.76705,-0.40309,-0.22937,0.13936,-0.29038,-0.13356,0.07653,-0.22632,-0.15813,0.118,0.03281,0.01575,-0.00938,0.0036,-0.00193,0.00159,0.0006,0.03695,0.00626,-0.01926,-0.00108,-0.00041,0.00058,0.00026
25.32,0.00118,0.00583,-0.00724,-0.02253,-0.04036,-0.02196,-0.04876,-0.06255,0.22006,0.04246,0.09811,-0,0.23445,1.2054,0.41161,-0.66718,2.58591,-0.2563,-0.27352,0.13943,-0.28451,-0.13509,0.06353,-0.27233,-0.14869,0.10946,0.03165,0.01653,-0.00822,0.00475,-0.00209,0.00148,0.0006,0.03845,0.00808,-0.01813,-0.00233,2e-05,0.00015,-3e-05
25.34,0.00044,0.00532,-0.0079,-0.02073,-0.04005,-0.0258,-0.04474,-0.05992,0.21513,0.04332,0.09939,-0,0.1327,1.20384,0.29558,-0.65517,2.26057,-0.06136,-0.32042,0.13974,-0.28001,-0.1342,0.0443,-0.32317,-0.13821,0.09952,0.03034,0.01627,-0.00801,0.00586,-0.00225,0.00142,0.00063,0.04,0.009,-0.01787,-0.00359,0.00044,-0.00028,-0.00032
25.36,-0.00018,0.00475,-0.00835,-0.01855,-0.03966,-0.0295,-0.04051,-0.05789,0.20958,0.04405,0.10054,-0,0.0386,1.19489,0.19747,-0.63974,1.76959,0.18826,-0.36469,0.14076,-0.2771,-0.13145,0.01953,-0.37532,-0.12813,0.08837,0.02888,0.01495,-0.00861,0.00692,-0.00242,0.0014,0.00067,0.04157,0.00877,-0.01847,-0.00483,0.00082,-0.00069,-0.00058
25.38,-0.00072,0.00414,-0.0086,-0.01595,-0.03912,-0.03306,-0.03641,-0.05641,0.20392,0.0448,0.10148,-0,-0.04522,1.17628,0.1187,-0.62167,1.0894,0.49911,-0.40189,0.14293,-0.27579,-0.12749,-0.00957,-0.42371,-0.11922,0.07663,0.02725,0.01271,-0.00989,0.00794,-0.00259,0.0014,0.0007,0.04307,0.0073,-0.01986,-0.00598,0.00115,-0.00105,-0.0008
25.4,-0.00124,0.00347,-0.00869,-0.01292,-0.03835,-0.03648,-0.03289,-0.05539,0.19859,0.04566,0.10184,-0,-0.11565,1.14583,0.05866,-0.60165,0.20009,0.87519,-0.42826,0.14665,-0.27589,-0.12305,-0.04122,-0.46171,-0.11175,0.06538,0.02539,0.00977,-0.01169,0.00896,-0.00275,0.0014,0.00072,0.04442,0.00465,-0.02188,-0.0069,0.0014,-0.00134,-0.00096
25.42,-0.00183,0.00278,-0.00863,-0.0095,-0.03727,-0.03976,-0.03047,-0.05472,0.19399,0.0467,0.10109,-0,-0.16943,1.10155,0.01545,-0.58026,-0.90494,1.31472,-0.44091,0.15219,-0.27706,-0.11881,-0.07336,-0.48244,-0.10561,0.05587,0.02325,0.00641,-0.01388,0.01004,-0.00289,0.00135,0.00069,0.04547,0.00099,-0.02436,-0.00746,0.00155,-0.00154,-0.00106
25.44,-0.00253,0.00206,-0.00845,-0.00578,-0.0358,-0.04288,-0.02951,-0.05428,0.19032,0.04796,0.09871,-0,-0.20419,1.04197,-0.0135,-0.55789,-2.20624,1.80622,-0.43837,0.15966,-0.27887,-0.11526,-0.10423,-0.48097,-0.10048,0.04908,0.02078,0.00287,-0.01632,0.0112,-0.00301,0.00122,0.00059,0.04612,-0.00343,-0.02707,-0.00756,0.00159,-0.00165,-0.00109
25.46,-0.00337,0.00134,-0.00818,-0.00185,-0.03391,-0.0458,-0.0301,-0.0539,0.18763,0.04952,0.09432,-0,-0.21901,0.96656,-0.03098,-0.5347,-3.64462,2.32417,-0.42106,0.16882,-0.28084,-0.11255,-0.1327,-0.45595,-0.09594,0.04542,0.01791,-0.00069,-0.01894,0.01246,-0.00308,0.00101,0.00043,0.04626,-0.0083,-0.02977,-0.00718,0.00152,-0.00164,-0.00103
25.48,-0.00432,0.00065,-0.00787,0.00211,-0.03164,-0.04848,-0.03205,-0.05345,0.18577,0.05145,0.08774,-0,-0.21444,0.87634,-0.0397,-0.51086,-5.1071,2.82386,-0.39145,0.1791,-0.2824,-0.11052,-0.15809,-0.41012,-0.09156,0.04473,0.01464,-0.00419,-0.02168,0.0138,-0.0031,0.00069,0.00019,0.04582,-0.01318,-0.03219,-0.00639,0.00136,-0.00153,-0.00091
25.5,-0.00531,1e-05,-0.00758,0.00582,-0.0291,-0.05078,-0.03488,-0.05275,0.18446,0.05382,0.07901,-0,-0.19221,0.77422,-0.04211,-0.48662,-6.42633,3.24143,-0.35389,0.18947,-0.28292,-0.10872,-0.17993,-0.3499,-0.08694,0.04634,0.01101,-0.00758,-0.02446,0.01515,-0.00306,0.00029,-0.00012,0.04476,-0.01754,-0.03402,-0.00533,0.00113,-0.00134,-0.00073
25.52,-0.00624,-0.00054,-0.00737,0.009,-0.02643,-0.05257,-0.03798,-0.05166,0.18329,0.0566,0.06836,-0,-0.15503,0.66449,-0.04027,-0.46224,-7.121,3.50822,-0.31343,0.19871,-0.28174,-0.10657,-0.19787,-0.28362,-0.08172,0.04929,0.00712,-0.01081,-0.02718,0.01639,-0.00293,-0.00018,-0.00045,0.04306,-0.02083,-0.03495,-0.0042,0.00085,-0.00109,-0.00051
25.54,-0.007,-0.00096,-0.00729,0.01141,-0.02377,-0.05373,-0.04072,-0.05007,0.18173,0.05968,0.0561,-0,-0.10633,0.55165,-0.03585,-0.43768,-7.121,3.57433,-0.27421,0.20563,-0.2782,-0.10349,-0.21174,-0.21876,-0.0756,0.05263,0.00307,-0.01373,-0.02964,0.01744,-0.00272,-0.00069,-0.00081,0.04073,-0.02264,-0.03477,-0.00318,0.00057,-0.00078,-0.00026
25.56,-0.00755,-0.00123,-0.00739,0.01298,-0.0212,-0.05425,-0.04259,-0.04788,0.1792,0.06274,0.04264,-0,-0.05038,0.44005,-0.03014,-0.41246,-7.121,3.42522,-0.23841,0.20929,-0.27177,-0.09904,-0.2215,-0.16035,-0.0684,0.05562,-0.00102,-0.01608,-0.03157,0.01818,-0.00244,-0.00121,-0.00116,0.03783,-0.0228,-0.03345,-0.00244,0.0003,-0.00046,-2e-05
25.58,-0.00783,-0.00135,-0.00766,0.01374,-0.01881,-0.05418,-0.04317,-0.04508,0.175,0.06526,0.0286,-0,0.00736,0.33464,-0.02406,-0.38586,-7.121,3.08635,-0.20629,0.209,-0.26206,-0.09296,-0.22715,-0.11103,-0.06007,0.05771,-0.00497,-0.01745,-0.03255,0.01855,-0.00209,-0.00171,-0.00147,0.0345,-0.02143,-0.03111,-0.00208,6e-05,-0.00014,0.0002
25.6,-0.00783,-0.00133,-0.0081,0.01386,-0.01666,-0.05365,-0.04216,-0.04171,0.16843,0.0665,0.01482,-0,0.0601,0.24153,-0.01823,-0.35709,-6.56742,2.61878,-0.17664,0.20428,-0.24887,-0.08523,-0.22865,-0.07162,-0.05078,0.05851,-0.00855,-0.01726,-0.03204,0.01845,-0.00171,-0.00216,-0.00173,0.03095,-0.0189,-0.02808,-0.00219,-0.00011,0.00016,0.00039
25.62,-0.00756,-0.00119,-0.00869,0.01357,-0.01481,-0.05281,-0.03939,-0.03787,0.15888,0.06569,0.00227,-0,0.10098,0.16682,-0.01303,-0.32551,-5.48753,2.1014,-0.14761,0.19484,-0.23216,-0.07598,-0.22593,-0.04173,-0.04084,0.05785,-0.01152,-0.01499,-0.02955,0.01783,-0.00134,-0.00251,-0.0019,0.02744,-0.0157,-0.02476,-0.0028,-0.00022,0.0004,0.00052
25.64,-0.00705,-0.00096,-0.00938,0.01313,-0.01327,-0.05181,-0.03486,-0.03367,0.14599,0.0622,-0.00823,-0,0.12505,0.11435,-0.00865,-0.29071,-4.34821,1.60485,-0.11759,0.18071,-0.21208,-0.06551,-0.21896,-0.02028,-0.03063,0.05566,-0.0137,-0.01037,-0.0248,0.01666,-0.001,-0.00274,-0.00198,0.02418,-0.01234,-0.02152,-0.00392,-0.00024,0.00057,0.00058
25.66,-0.00636,-0.00068,-0.01011,0.01277,-0.01199,-0.05076,-0.02886,-0.02924,0.12984,0.05575,-0.01617,-0,0.13071,0.08427,-0.00514,-0.25273,-3.2587,1.17551,-0.086,0.16224,-0.18899,-0.05422,-0.20785,-0.00589,-0.02052,0.05206,-0.01506,-0.00357,-0.0179,0.01498,-0.00074,-0.00285,-0.00196,0.0213,-0.00927,-0.01865,-0.00546,-0.00018,0.00066,0.00057
25.68,-0.00557,-0.0004,-0.01078,0.01274,-0.01085,-0.04975,-0.02197,-0.02474,0.11106,0.04649,-0.02131,-0,0.11988,0.07296,-0.00248,-0.21241,-2.28562,0.83459,-0.05369,0.14032,-0.16364,-0.04273,-0.1929,0.00289,-0.01102,0.04734,-0.01571,0.00466,-0.00947,0.01293,-0.00055,-0.00286,-0.00186,0.01886,-0.00688,-0.01632,-0.00723,-6e-05,0.00068,0.00049
25.7,-0.00481,-0.00018,-0.01129,0.01327,-0.00972,-0.04883,-0.01506,-0.02037,0.09091,0.03499,-0.02361,-0,0.09754,0.0738,-0.00057,-0.17151,-1.46393,0.58355,-0.023,0.1164,-0.13729,-0.0319,-0.17469,0.0074,-0.00274,0.04198,-0.01586,0.0131,-0.00056,0.01071,-0.00044,-0.00282,-0.00171,0.0169,-0.00547,-0.01465,-0.009,8e-05,0.00064,0.00038
25.72,-0.0042,-0.00011,-0.01153,0.0145,-0.00844,-0.04802,-0.00914,-0.01639,0.07095,0.02209,-0.02319,-0,0.07025,0.0788,0.0007,-0.1322,-0.80588,0.4107,0.00298,0.09211,-0.11141,-0.02263,-0.15392,0.00882,0.0037,0.03648,-0.01578,0.02032,0.00757,0.00856,-0.00042,-0.00277,-0.00157,0.01537,-0.00529,-0.01369,-0.01047,0.00022,0.00056,0.00025
25.74,-0.00385,-0.00021,-0.01139,0.01645,-0.00686,-0.0473,-0.00497,-0.01298,0.05254,0.00866,-0.02034,-0,0.04406,0.08081,0.00147,-0.09616,-0.30813,0.29841,0.02153,0.06875,-0.08719,-0.01548,-0.13121,0.00814,0.00789,0.03122,-0.01572,0.02522,0.01388,0.00671,-0.00047,-0.00276,-0.00145,0.0142,-0.00637,-0.01341,-0.01143,0.00032,0.00045,0.00013
25.76,-0.00378,-0.0005,-0.01086,0.01895,-0.00491,-0.04656,-0.00294,-0.01023,0.03652,-0.00452,-0.0155,-0,0.02323,0.07503,0.00184,-0.0641,0.0422,0.22825,0.03117,0.04692,-0.06531,-0.01047,-0.10702,0.00616,0.00986,0.02626,-0.01586,0.02736,0.01781,0.00528,-0.00057,-0.00281,-0.00139,0.01324,-0.00848,-0.0137,-0.01175,0.00038,0.00033,3e-05
25.78,-0.00396,-0.00094,-0.00996,0.02158,-0.00257,-0.04568,-0.00297,-0.00817,0.02331,-0.01669,-0.00935,-0,0.01001,0.05943,0.00194,-0.0358,0.26265,0.18302,0.03165,0.02664,-0.04599,-0.00705,-0.08185,0.00347,0.01002,0.02144,-0.01632,0.02701,0.01931,0.00434,-0.00071,-0.00293,-0.00139,0.01228,-0.01112,-0.01439,-0.01144,0.00039,0.0002,-5e-05
25.8,-0.00429,-0.00145,-0.00877,0.02373,0.00012,-0.04447,-0.00461,-0.00674,0.01302,-0.02703,-0.00275,-0,0.00495,0.03452,0.00185,-0.01053,0.37209,0.14773,0.02388,0.00755,-0.02923,-0.00423,-0.05634,0.00052,0.00914,0.01636,-0.01712,0.02505,0.01877,0.00387,-0.00085,-0.00309,-0.00144,0.01109,-0.01352,-0.0152,-0.01061,0.00038,8e-05,-0.00011
25.82,-0.00465,-0.00195,-0.00742,0.02472,0.00302,-0.04275,-0.00719,-0.00588,0.00553,-0.03477,0.00338,-0,0.00728,0.00272,0.00165,0.01262,0.38952,0.1108,0.00959,-0.01082,-0.01488,-0.00087,-0.0313,-0.0024,0.00809,0.01061,-0.01822,0.02264,0.01678,0.00382,-0.00094,-0.00328,-0.00152,0.00943,-0.01486,-0.01586,-0.00945,0.00038,-5e-05,-0.00017
25.84,-0.00492,-0.00234,-0.00602,0.02403,0.00602,-0.04035,-0.01002,-0.00553,0.00053,-0.03947,0.00834,-0,0.0153,-0.03273,0.0014,0.03446,0.33449,0.06562,-0.00885,-0.02884,-0.00269,0.0039,-0.00747,-0.00512,0.00754,0.00395,-0.01952,0.02073,0.01395,0.0041,-0.00098,-0.00345,-0.0016,0.00717,-0.01449,-0.01617,-0.00813,0.0004,-0.00018,-0.00023
25.86,-0.00502,-0.0026,-0.00466,0.02146,0.00898,-0.03723,-0.01256,-0.0056,-0.00249,-0.0411,0.01176,-0,0.02665,-0.06825,0.00114,0.05536,0.22798,0.0116,-0.02858,-0.04656,0.00764,0.01038,0.01448,-0.00756,0.00772,-0.00357,-0.02086,0.01982,0.01069,0.00458,-0.00093,-0.00356,-0.00167,0.00431,-0.01221,-0.01601,-0.00682,0.00044,-0.0003,-0.0003
25.88,-0.00492,-0.00269,-0.00338,0.01717,0.01174,-0.03342,-0.0144,-0.00606,-0.00417,-0.04011,0.01364,-0,0.03829,-0.09986,0.0009,0.07505,0.09313,-0.04508,-0.04614,-0.06353,0.01639,0.01819,0.03382,-0.00971,0.00841,-0.01144,-0.02205,0.01982,0.00725,0.00511,-0.00083,-0.00356,-0.0017,0.00105,-0.00825,-0.0154,-0.00565,0.00051,-0.0004,-0.00036
25.9,-0.00461,-0.00263,-0.00225,0.0117,0.01412,-0.0291,-0.01523,-0.00684,-0.00528,-0.03733,0.0143,-0,0.04659,-0.12312,0.00068,0.09251,-0.04495,-0.0922,-0.0575,-0.07875,0.02371,0.02631,0.04962,-0.01158,0.00897,-0.01878,-0.0228,0.02015,0.00369,0.0055,-0.00069,-0.00342,-0.00164,-0.00226,-0.00327,-0.01446,-0.00473,0.00057,-0.00047,-0.00041
25.92,-0.00412,-0.00246,-0.00128,0.00575,0.01592,-0.0245,-0.01489,-0.00791,-0.00651,-0.03376,0.01417,-0,0.04816,-0.13395,0.00052,0.10636,-0.1625,-0.11551,-0.05896,-0.09092,0.02964,0.03341,0.06096,-0.01324,0.00861,-0.02453,-0.02285,0.02005,4e-05,0.00555,-0.00055,-0.00309,-0.00147,-0.00518,0.00187,-0.01338,-0.00415,0.00059,-0.00048,-0.00043
25.94,-0.00349,-0.00222,-0.00049,0,0.01703,-0.01986,-0.01338,-0.00922,-0.0084,-0.03026,0.0137,-0,0.04097,-0.13009,0.0004,0.11542,-0.24243,-0.10504,-0.04847,-0.09904,0.03418,0.03835,0.06732,-0.01473,0.00675,-0.02786,-0.02203,0.01891,-0.00364,0.00515,-0.00044,-0.00257,-0.00119,-0.00736,0.00638,-0.01233,-0.00393,0.00055,-0.00043,-0.00041
25.96,-0.00276,-0.00194,0.00016,-0.00501,0.01744,-0.01536,-0.01087,-0.01066,-0.01113,-0.02734,0.01317,-0,0.02525,-0.11214,0.00032,0.11914,-0.2777,-0.05938,-0.02666,-0.10267,0.03733,0.04055,0.06887,-0.01608,0.00328,-0.02847,-0.02033,0.0166,-0.00717,0.00428,-0.00037,-0.00189,-0.00082,-0.00866,0.00978,-0.01141,-0.00401,0.00044,-0.00032,-0.00034
25.98,-0.00198,-0.00165,0.00072,-0.00891,0.01725,-0.01114,-0.00777,-0.01213,-0.01453,-0.02516,0.0127,-0,0.00378,-0.08394,0.00027,0.11763,-0.27184,0.01286,0.00281,-0.10205,0.03909,0.04001,0.06653,-0.01731,-0.00136,-0.0266,-0.01795,0.01349,-0.01021,0.00302,-0.00035,-0.00113,-0.00041,-0.00916,0.01189,-0.01065,-0.00426,0.00028,-0.00017,-0.00024
26,-0.00121,-0.00138,0.00124,-0.01145,0.01668,-0.00735,-0.00465,-0.01344,-0.01812,-0.02357,0.01228,-0,-0.01839,-0.05215,0.00023,0.11158,-0.23735,0.09422,0.03354,-0.09795,0.03939,0.03728,0.06179,-0.01837,-0.00621,-0.02298,-0.01524,0.01046,-0.01223,0.00158,-0.00036,-0.00043,-5e-05,-0.00911,0.01277,-0.01003,-0.00449,8e-05,1e-05,-0.00012
26.02,-0.00051,-0.00115,0.0018,-0.0125,0.01598,-0.00412,-0.00217,-0.0144,-0.02121,-0.02224,0.01177,-0,-0.0353,-0.02453,0.0002,0.10202,-0.19129,0.16338,0.05806,-0.09146,0.03821,0.03317,0.05639,-0.0192,-0.01011,-0.01859,-0.01267,0.00852,-0.01271,0.00021,-0.00038,7e-05,0.00017,-0.00886,0.01266,-0.00949,-0.00446,-0.00011,0.00017,-1e-05
26.04,6e-05,-0.00097,0.00243,-0.01206,0.01537,-0.00151,-0.00081,-0.01486,-0.02322,-0.02081,0.01106,-0,-0.04224,-0.00728,0.00014,0.09002,-0.14918,0.20262,0.07034,-0.08365,0.03556,0.02857,0.05176,-0.01975,-0.01213,-0.0143,-0.0106,0.00842,-0.01132,-0.00091,-0.00038,0.00026,0.0002,-0.00873,0.0118,-0.00898,-0.00404,-0.00026,0.0003,9e-05
26.06,0.00049,-0.00088,0.00312,-0.01032,0.01499,0.00052,-0.00081,-0.01469,-0.02384,-0.01899,0.01007,-0,-0.03716,-0.00334,3e-05,0.07657,-0.12099,0.20285,0.06748,-0.07538,0.03163,0.02418,0.0487,-0.01995,-0.01185,-0.01066,-0.00924,0.0103,-0.00814,-0.00168,-0.00035,0.00013,1e-05,-0.00893,0.01041,-0.00844,-0.0032,-0.00036,0.00037,0.00015
26.08,0.00078,-0.00086,0.00382,-0.00767,0.01492,0.00207,-0.00206,-0.01383,-0.02306,-0.01661,0.00879,-0,-0.02104,-0.01193,-0.00013,0.06261,-0.11033,0.16483,0.05017,-0.06735,0.02681,0.02054,0.0473,-0.01977,-0.00947,-0.00789,-0.00863,0.01364,-0.00366,-0.00213,-0.00028,-0.00027,-0.00034,-0.00956,0.00864,-0.00786,-0.00206,-0.0004,0.00038,0.00018
26.1,0.00095,-0.00093,0.00441,-0.00465,0.01513,0.00332,-0.0042,-0.01231,-0.02113,-0.01364,0.00728,-0,0.00241,-0.02909,-0.00038,0.04913,-0.11524,0.09806,0.02228,-0.06014,0.02166,0.01805,0.04704,-0.01916,-0.00569,-0.0059,-0.00866,0.01727,0.00122,-0.0024,-0.00017,-0.00081,-0.00076,-0.01057,0.00659,-0.00724,-0.00088,-0.0004,0.00035,0.00019
26.12,0.00104,-0.00109,0.00476,-0.00188,0.01555,0.00445,-0.00671,-0.01017,-0.01846,-0.01017,0.00567,-0,0.02794,-0.04903,-0.00073,0.03707,-0.13014,0.0173,-0.01046,-0.05413,0.01681,0.01695,0.04706,-0.01812,-0.00158,-0.00443,-0.0091,0.01981,0.0054,-0.00263,-4e-05,-0.00131,-0.00111,-0.01187,0.00435,-0.00661,4e-05,-0.00037,0.00029,0.00018
26.14,0.00106,-0.00132,0.00478,0.00017,0.01606,0.00561,-0.0091,-0.00752,-0.01552,-0.00638,0.00413,-0,0.05044,-0.0662,-0.00118,0.02714,-0.14845,-0.06235,-0.04227,-0.04948,0.01279,0.01725,0.04646,-0.01668,0.0018,-0.0031,-0.00974,0.02006,0.00799,-0.00298,0.00012,-0.00164,-0.00128,-0.01328,0.00198,-0.00596,0.00046,-0.00032,0.00021,0.00015
26.16,0.00106,-0.0016,0.00444,0.00124,0.01653,0.00685,-0.01098,-0.00455,-0.01273,-0.00251,0.00283,-0,0.06602,-0.07658,-0.00176,0.01977,-0.16432,-0.12856,-0.06851,-0.046,0.00989,0.01868,0.04459,-0.01489,0.00353,-0.00151,-0.01035,0.01741,0.0085,-0.0035,0.00028,-0.00169,-0.00124,-0.01462,-0.00043,-0.0053,0.0003,-0.00027,0.00013,0.00013
26.18,0.00103,-0.00188,0.0038,0.00136,0.01681,0.00814,-0.01216,-0.0015,-0.01045,0.00106,0.00199,-0,0.07215,-0.07794,-0.00244,0.01507,-0.17291,-0.17201,-0.08574,-0.04323,0.00817,0.02068,0.04108,-0.0129,0.00289,0.00073,-0.01074,0.01192,0.00688,-0.00415,0.00043,-0.00142,-0.00095,-0.01569,-0.00275,-0.00462,-0.00034,-0.00023,6e-05,0.00011
26.2,0.00099,-0.0021,0.00298,0.00075,0.0167,0.00934,-0.01251,0.00128,-0.00904,0.00386,0.00185,-0,0.06752,-0.06963,-0.00321,0.01298,-0.17045,-0.18595,-0.09157,-0.04045,0.00749,0.02244,0.03586,-0.01091,-0.00064,0.00394,-0.01074,0.00424,0.00349,-0.0048,0.00054,-0.00088,-0.00048,-0.01626,-0.0048,-0.00389,-0.00124,-0.00021,1e-05,0.0001
26.22,0.00092,-0.00221,0.00214,-0.00022,0.01604,0.01029,-0.01205,0.00343,-0.00877,0.0054,0.00263,-0,0.05196,-0.05241,-0.00402,0.01332,-0.15471,-0.16664,-0.08479,-0.03693,0.00756,0.02307,0.02911,-0.00913,-0.00726,0.00834,-0.01023,-0.00459,-0.00105,-0.00528,0.0006,-0.00013,0.00011,-0.01611,-0.00639,-0.00308,-0.00207,-0.00022,-3e-05,9e-05
26.24,0.00083,-0.00216,0.00142,-0.0012,0.01471,0.01081,-0.01085,0.0047,-0.00973,0.00537,0.00444,-0,0.02648,-0.02812,-0.0048,0.01584,-0.12597,-0.11441,-0.06585,-0.03209,0.008,0.02194,0.02117,-0.00769,-0.01668,0.01383,-0.00914,-0.01358,-0.00613,-0.00546,0.00058,0.00076,0.00073,-0.0151,-0.00738,-0.00218,-0.00258,-0.00024,-5e-05,9e-05
26.26,0.00071,-0.00193,0.0009,-0.00195,0.01268,0.01083,-0.00907,0.00502,-0.01177,0.00376,0.00722,-0,-0.00656,0.00039,-0.00543,0.02022,-0.08772,-0.03466,-0.03718,-0.02576,0.00838,0.01884,0.01257,-0.00659,-0.02796,0.01995,-0.00748,-0.02192,-0.01119,-0.00524,0.00051,0.00171,0.00133,-0.01319,-0.00773,-0.00117,-0.0026,-0.00029,-6e-05,9e-05
26.28,0.00056,-0.00157,0.00061,-0.00232,0.01004,0.01034,-0.00695,0.00452,-0.01448,0.00093,0.01069,-0,-0.04321,0.02904,-0.00574,0.02607,-0.04714,0.06133,-0.00352,-0.01819,0.00821,0.01408,0.00402,-0.00567,-0.03934,0.02577,-0.00536,-0.02907,-0.0158,-0.00465,0.00038,0.00262,0.00187,-0.01052,-0.0075,-8e-05,-0.0021,-0.00034,-5e-05,0.0001
26.3,0.00037,-0.00113,0.00052,-0.00226,0.00698,0.00945,-0.00479,0.0035,-0.01722,-0.00248,0.01437,-0,-0.078,0.05264,-0.00551,0.03294,-0.0147,0.15693,0.02829,-0.01009,0.00697,0.00844,-0.00352,-0.00466,-0.04838,0.02993,-0.00297,-0.03461,-0.01958,-0.00378,0.00023,0.00343,0.00229,-0.00735,-0.00682,0.00105,-0.0012,-0.0004,-3e-05,0.0001
26.32,0.00015,-0.00069,0.00058,-0.00181,0.00378,0.00826,-0.00293,0.00237,-0.01929,-0.0057,0.01772,-0,-0.10516,0.066,-0.00448,0.04044,-0.00167,0.23406,0.05093,-0.00243,0.00422,0.0029,-0.00906,-0.00328,-0.0525,0.03099,-0.00057,-0.03826,-0.0222,-0.00276,0.00011,0.00404,0.00257,-0.00401,-0.00587,0.00216,-6e-05,-0.00045,-1e-05,0.0001
26.34,-8e-05,-0.00032,0.00071,-0.00107,0.00069,0.00692,-0.00158,0.00147,-0.02022,-0.00806,0.02028,-0,-0.1205,0.06572,-0.0023,0.0484,-0.01627,0.2791,0.05894,0.0039,-0.00021,-0.00165,-0.01193,-0.00127,-0.04989,0.02796,0.00162,-0.0399,-0.02349,-0.00174,3e-05,0.0044,0.0027,-0.00083,-0.00484,0.00319,0.00112,-0.00048,1e-05,9e-05
26.36,-0.0003,-5e-05,0.00084,-0.00018,-0.00212,0.00558,-0.00082,0.00106,-0.01994,-0.00916,0.02182,-0,-0.12271,0.05146,0.00137,0.057,-0.06092,0.287,0.0504,0.0083,-0.0061,-0.0047,-0.012,0.00146,-0.04019,0.02067,0.00348,-0.03959,-0.02336,-0.00086,1e-05,0.0045,0.00268,0.00195,-0.00383,0.00412,0.00215,-0.00049,2e-05,8e-05
26.38,-0.00049,0.00012,0.00088,0.00064,-0.00448,0.00434,-0.00054,0.00126,-0.01885,-0.00894,0.02237,-0,-0.11365,0.02631,0.00693,0.06674,-0.1313,0.26212,0.02741,0.01041,-0.0128,-0.00613,-0.00972,0.00482,-0.02464,0.00995,0.00492,-0.03755,-0.02191,-0.00023,6e-05,0.00439,0.00256,0.00414,-0.00292,0.00489,0.00286,-0.00047,2e-05,6e-05
26.4,-0.00059,0.00019,0.00076,0.00116,-0.00628,0.00334,-0.00049,0.00209,-0.01772,-0.00758,0.02214,-0,-0.09787,-0.00367,0.01473,0.07833,-0.21667,0.21672,-0.00444,0.01015,-0.01918,-0.00614,-0.00602,0.00857,-0.00601,-0.00251,0.00594,-0.03414,-0.01936,5e-05,0.00015,0.00412,0.00236,0.0056,-0.00214,0.0055,0.00308,-0.00043,1e-05,3e-05
26.42,-0.00056,0.00021,0.0004,0.00115,-0.00741,0.00268,-0.00038,0.00345,-0.0175,-0.00542,0.02151,-0,-0.08115,-0.03146,0.02506,0.09273,-0.30199,0.16607,-0.03774,0.00764,-0.02401,-0.00515,-0.0021,0.01233,0.01224,-0.01466,0.00654,-0.02977,-0.01597,-0.00012,0.00025,0.0038,0.00214,0.00624,-0.0015,0.0059,0.00268,-0.00039,1e-05,1e-05
26.44,-0.00039,0.00021,-0.00021,0.00054,-0.00783,0.00237,-1e-05,0.00521,-0.01894,-0.00277,0.02098,-0,-0.06852,-0.05211,0.03801,0.11109,-0.37107,0.12143,-0.06583,0.00324,-0.02638,-0.00368,0.00105,0.01576,0.02706,-0.02479,0.00672,-0.02483,-0.01201,-0.00076,0.00036,0.00348,0.00194,0.00605,-0.00097,0.00607,0.0016,-0.00034,-0,-1e-05
26.46,-6e-05,0.0002,-0.00106,-0.00055,-0.00755,0.00231,0.00063,0.00719,-0.02235,0.00019,0.0211,-0,-0.06281,-0.06465,0.05346,0.13474,-0.4086,0.08537,-0.08439,-0.0024,-0.02603,-0.00225,0.00284,0.0186,0.03661,-0.03206,0.00644,-0.01954,-0.0077,-0.00184,0.00045,0.0032,0.00177,0.00507,-0.00054,0.00601,-0.00011,-0.00028,-2e-05,-4e-05
26.48,0.00038,0.00017,-0.00203,-0.00177,-0.00661,0.00227,0.00134,0.00915,-0.02752,0.00342,0.02251,-0,-0.0644,-0.07258,0.07085,0.16495,-0.4002,0.05086,-0.09174,-0.00835,-0.0234,-0.00138,0.00319,0.02068,0.04028,-0.03654,0.00564,-0.01404,-0.00323,-0.00322,0.00052,0.00295,0.00161,0.00346,-0.0002,0.0057,-0.00227,-0.00023,-4e-05,-6e-05
26.5,0.00087,0.00012,-0.00297,-0.00254,-0.00515,0.00194,0.00171,0.0108,-0.03376,0.00696,0.02585,-0,-0.07153,-0.08319,0.0891,0.20281,-0.33179,0.0025,-0.08833,-0.01336,-0.01954,-0.00156,0.00244,0.02188,0.03858,-0.03908,0.00424,-0.00843,0.00121,-0.0047,0.00058,0.00267,0.00143,0.00148,7e-05,0.00514,-0.00459,-0.00015,-7e-05,-9e-05
26.52,0.00131,1e-05,-0.00372,-0.00224,-0.0033,0.00095,0.00127,0.01187,-0.04015,0.01098,0.03179,-0,-0.08137,-0.10571,0.10639,0.24913,-0.1884,-0.08008,-0.07556,-0.01625,-0.01573,-0.00318,0.00135,0.0222,0.03274,-0.041,0.00213,-0.00279,0.00541,-0.00602,0.00063,0.0023,0.0012,-0.0006,0.00028,0.00435,-0.00674,-6e-05,-0.00011,-0.00013
26.54,0.00163,-0.0002,-0.00413,-0.00042,-0.00118,-0.00099,-0.00035,0.01216,-0.04583,0.01569,0.04079,-0,-0.09145,-0.14865,0.12002,0.30443,0.04703,-0.21728,-0.05418,-0.01635,-0.01296,-0.00633,0.00101,0.02181,0.02424,-0.04365,-0.00079,0.00273,0.00913,-0.00701,0.00068,0.00179,0.00088,-0.00257,0.00043,0.00333,-0.00848,6e-05,-0.00018,-0.0002
26.56,0.00177,-0.00051,-0.00417,0.00306,0.00112,-0.00403,-0.00331,0.01165,-0.05026,0.02134,0.05308,-0,-0.10062,-0.21781,0.12625,0.3687,0.39343,-0.42567,-0.02335,-0.01381,-0.01151,-0.01073,0.00282,0.02109,0.01456,-0.04818,-0.00455,0.00791,0.01213,-0.00753,0.00077,0.00112,0.00045,-0.00429,0.00052,0.00207,-0.00968,0.00023,-0.00027,-0.00028
26.58,0.00171,-0.00096,-0.0039,0.00794,0.00354,-0.00812,-0.00751,0.01051,-0.05319,0.02817,0.06851,-0,-0.10924,-0.31527,0.12014,0.44091,0.86951,-0.71563,0.01951,-0.00973,-0.01092,-0.01563,0.00849,0.02068,0.00516,-0.05542,-0.00912,0.01235,0.01407,-0.00757,0.0009,0.00031,-4e-05,-0.00572,0.00053,0.0006,-0.01042,0.00045,-0.00038,-0.00039
26.6,0.00143,-0.00155,-0.00349,0.01361,0.00605,-0.01304,-0.01258,0.00907,-0.05466,0.03637,0.08651,-0,-0.119,-0.43929,0.09557,0.51864,1.48959,-1.08975,0.07808,-0.00606,-0.01009,-0.01985,0.01991,0.02141,-0.00248,-0.06582,-0.01439,0.01553,0.01457,-0.0072,0.00108,-0.00056,-0.00057,-0.00692,0.00043,-0.00106,-0.01089,0.00073,-0.00052,-0.00053
26.62,0.00096,-0.00229,-0.00312,0.01924,0.0086,-0.01845,-0.01803,0.00773,-0.05488,0.04604,0.10621,-0,-0.13265,-0.58516,0.04529,0.59863,2.25637,-1.54137,0.15561,-0.00498,-0.00756,-0.02209,0.03885,0.02423,-0.00701,-0.07945,-0.02016,0.0169,0.01327,-0.00653,0.00134,-0.00142,-0.00106,-0.00796,0.00021,-0.00287,-0.01135,0.00107,-0.00068,-0.00068
26.64,0.0003,-0.00316,-0.00296,0.02405,0.01118,-0.02403,-0.02344,0.00683,-0.05416,0.05716,0.12668,-0,-0.15361,-0.74669,-0.03878,0.67767,3.15144,-2.05318,0.25292,-0.00824,-0.00202,-0.02125,0.06642,0.03004,-0.0075,-0.09593,-0.02622,0.01616,0.00998,-0.00567,0.00168,-0.00216,-0.00144,-0.00894,-0.00014,-0.00484,-0.01203,0.00147,-0.00085,-0.00085
26.66,-0.00052,-0.00416,-0.00309,0.0275,0.01382,-0.02952,-0.02858,0.0066,-0.05288,0.06955,0.14703,-0,-0.18562,-0.91673,-0.165,0.75303,4.12535,-2.59436,0.36646,-0.01654,0.0074,-0.01681,0.10265,0.03951,-0.0036,-0.11434,-0.03237,0.01343,0.00477,-0.0047,0.00209,-0.00274,-0.0017,-0.00993,-0.00058,-0.00701,-0.01309,0.00191,-0.00101,-0.001
26.68,-0.00146,-0.00526,-0.00352,0.02922,0.01651,-0.03472,-0.03339,0.0071,-0.05144,0.08272,0.16627,-0,-0.23244,-1.08597,-0.34114,0.82198,5.08784,-3.11573,0.48712,-0.02933,0.0209,-0.00885,0.14609,0.05305,0.00438,-0.13309,-0.03838,0.00932,-0.00195,-0.0037,0.00256,-0.00312,-0.00181,-0.01097,-0.00106,-0.00946,-0.01455,0.00237,-0.00114,-0.00113
26.7,-0.00247,-0.00643,-0.00416,0.02906,0.01927,-0.03941,-0.03791,0.00826,-0.05029,0.09589,0.18319,-0,-0.29753,-1.24223,-0.57318,0.88129,5.90845,-3.54959,0.60035,-0.04497,0.0381,0.00194,0.19375,0.07074,0.01552,-0.14988,-0.04395,0.00485,-0.00943,-0.00272,0.00305,-0.00328,-0.00177,-0.01206,-0.00148,-0.01226,-0.01634,0.00279,-0.0012,-0.00119
26.72,-0.00348,-0.0076,-0.00488,0.02701,0.02209,-0.04341,-0.04229,0.00991,-0.04986,0.10807,0.19656,-0,-0.38338,-1.37249,-0.86413,0.92742,6.44543,-3.82376,0.68973,-0.06109,0.05808,0.0145,0.2417,0.09248,0.02856,-0.16218,-0.04875,0.0012,-0.01679,-0.0018,0.00354,-0.00323,-0.00162,-0.01317,-0.00172,-0.01547,-0.01831,0.00313,-0.00116,-0.00115
26.74,-0.00443,-0.00872,-0.00555,0.02322,0.02496,-0.04657,-0.04666,0.01187,-0.05041,0.11836,0.20541,-0,-0.49078,-1.46667,-1.21249,0.95736,6.59305,-3.88506,0.74285,-0.07537,0.07971,0.02778,0.28613,0.11818,0.04225,-0.16807,-0.05256,-0.00071,-0.02328,-0.00096,0.00397,-0.00298,-0.00138,-0.01433,-0.00171,-0.01909,-0.0203,0.00334,-0.001,-0.00099
26.76,-0.00526,-0.00975,-0.00605,0.018,0.0279,-0.04881,-0.05113,0.01397,-0.05202,0.12612,0.20932,-0,-0.61777,-1.52,-1.60998,0.96902,6.31449,-3.7158,0.75513,-0.08593,0.10164,0.04084,0.32392,0.14788,0.0556,-0.1667,-0.05535,-0.00045,-0.02847,-0.00025,0.00433,-0.00256,-0.00107,-0.01558,-0.00138,-0.02305,-0.02217,0.0034,-0.00071,-0.00071
26.78,-0.00591,-0.01065,-0.00631,0.01189,0.03091,-0.0501,-0.05571,0.01605,-0.0545,0.13091,0.20837,-0,-0.75853,-1.53312,-2.03802,0.96125,5.65113,-3.3385,0.73065,-0.09137,0.12224,0.05288,0.35245,0.18146,0.06779,-0.1585,-0.05723,0.00179,-0.03223,0.0003,0.00461,-0.00202,-0.00072,-0.017,-0.00073,-0.02712,-0.02377,0.00332,-0.00032,-0.00034
26.8,-0.00631,-0.01137,-0.00625,0.00561,0.03395,-0.05045,-0.06031,0.01795,-0.05746,0.13244,0.20308,-0,-0.90306,-1.511,-2.4665,0.93355,4.71406,-2.8117,0.68092,-0.09066,0.13945,0.06309,0.36931,0.2185,0.07808,-0.14496,-0.05842,0.00534,-0.0347,0.00065,0.0048,-0.00141,-0.00036,-0.0187,0.0002,-0.03096,-0.02496,0.00313,0.00012,8e-05
26.82,-0.00639,-0.01186,-0.00585,-4e-05,0.03697,-0.04985,-0.06474,0.01953,-0.06039,0.13054,0.19423,-0,-1.03942,-1.46118,-2.85934,0.88573,3.65059,-2.21271,0.62125,-0.0831,0.15116,0.07069,0.37229,0.25811,0.08589,-0.1282,-0.05921,0.00923,-0.03611,0.00076,0.00491,-0.00082,-4e-05,-0.0208,0.00133,-0.03416,-0.02564,0.00287,0.00057,0.00048
26.84,-0.0061,-0.01208,-0.00511,-0.00438,0.0399,-0.04835,-0.06874,0.0207,-0.06289,0.12517,0.18264,-0,-1.15741,-1.39148,-3.18462,0.81744,2.59522,-1.61222,0.5656,-0.06838,0.15576,0.07499,0.35948,0.29893,0.09086,-0.11029,-0.05984,0.01261,-0.03668,0.00057,0.00494,-0.0003,0.00021,-0.02338,0.00257,-0.03634,-0.02572,0.00257,0.00096,0.00082
26.86,-0.00542,-0.01202,-0.00406,-0.00704,0.04267,-0.04599,-0.072,0.02151,-0.06474,0.11644,0.16905,-0,-1.25088,-1.30882,-3.42056,0.72829,1.63995,-1.05919,0.52329,-0.04663,0.15257,0.07542,0.32957,0.33901,0.09296,-0.0928,-0.06045,0.01493,-0.03655,5e-05,0.00489,0.0001,0.00039,-0.02645,0.00379,-0.0373,-0.0252,0.00226,0.00127,0.00105
26.88,-0.00434,-0.01166,-0.00281,-0.00792,0.04518,-0.04287,-0.07413,0.02205,-0.06597,0.10471,0.15422,-0,-1.31751,-1.21948,-3.55494,0.61833,0.8339,-0.58106,0.49849,-0.01863,0.14192,0.07158,0.28199,0.37542,0.09245,-0.07689,-0.06104,0.01602,-0.03567,-0.00082,0.00477,0.00036,0.00047,-0.02996,0.00484,-0.03694,-0.02416,0.00197,0.00148,0.00118
26.9,-0.00292,-0.01102,-0.00152,-0.00718,0.04729,-0.03914,-0.07467,0.02253,-0.06675,0.09058,0.13898,-0,-1.35777,-1.12953,-3.58262,0.48882,0.19362,-0.18954,0.49096,0.01415,0.12509,0.06318,0.21724,0.40421,0.08984,-0.06343,-0.06151,0.01601,-0.03392,-0.00206,0.00457,0.00046,0.00045,-0.03373,0.00555,-0.03533,-0.02275,0.0017,0.00159,0.00122
26.92,-0.00122,-0.01013,-0.00034,-0.00513,0.04883,-0.03497,-0.07317,0.02318,-0.06737,0.07471,0.12415,-0,-1.3742,-1.04447,-3.50408,0.34261,-0.28686,0.11456,0.49744,0.04968,0.104,0.05016,0.13718,0.42163,0.08565,-0.05306,-0.06166,0.01519,-0.03113,-0.00364,0.0043,0.00039,0.00033,-0.03751,0.00577,-0.03258,-0.02115,0.00147,0.00161,0.00117
26.94,0.00066,-0.00901,0.00059,-0.00216,0.04965,-0.0305,-0.0694,0.02421,-0.06807,0.05759,0.11034,-0,-1.37085,-0.9682,-3.32495,0.18437,-0.62692,0.33721,0.51333,0.08577,0.08088,0.03277,0.04558,0.42586,0.08013,-0.04625,-0.06123,0.01388,-0.0272,-0.00552,0.00394,0.00018,0.00011,-0.041,0.00538,-0.02889,-0.01953,0.00127,0.00154,0.00107
26.96,0.00262,-0.00773,0.00121,0.00132,0.04962,-0.02585,-0.06345,0.02575,-0.06896,0.03938,0.0979,-0,-1.35303,-0.9026,-3.05652,0.02137,-0.85232,0.48789,0.53384,0.12014,0.05801,0.01176,-0.05128,0.41836,0.07306,-0.04328,-0.05995,0.0123,-0.02226,-0.00762,0.00349,-0.00017,-0.00018,-0.04386,0.00442,-0.02449,-0.01799,0.00111,0.0014,0.00093
26.98,0.00453,-0.00634,0.00156,0.00485,0.04867,-0.02113,-0.05583,0.02784,-0.07004,0.02003,0.08694,-0,-1.3273,-0.84793,-2.7176,-0.13512,-0.99121,0.57726,0.55412,0.15021,0.03791,-0.01143,-0.14366,0.40424,0.06379,-0.04432,-0.05752,0.01055,-0.01667,-0.0098,0.00293,-0.00063,-0.00052,-0.04571,0.00305,-0.01968,-0.01657,0.00096,0.00118,0.00075
27,0.00621,-0.00496,0.00172,0.00795,0.04675,-0.01646,-0.04744,0.03046,-0.07113,-0.0006,0.07749,-0,-1.30123,-0.80348,-2.33504,-0.2694,-1.07158,0.61573,0.5692,0.17294,0.0234,-0.03468,-0.21821,0.39169,0.05133,-0.04943,-0.05369,0.00863,-0.01103,-0.01187,0.00226,-0.00113,-0.00088,-0.04612,0.00154,-0.01484,-0.0153,0.0008,0.0009,0.00054
27.02,0.00747,-0.0037,0.00182,0.01011,0.04384,-0.01198,-0.03935,0.03347,-0.07193,-0.02264,0.06956,-0,-1.28242,-0.76797,-1.93915,-0.36428,-1.11913,0.61281,0.5745,0.18533,0.01729,-0.05564,-0.2601,0.39002,0.03463,-0.05855,-0.04819,0.0065,-0.0061,-0.0136,0.00145,-0.00163,-0.00122,-0.04464,0.00024,-0.0104,-0.01417,0.00062,0.00056,0.0003
27.04,0.0082,-0.00262,0.00196,0.0109,0.03995,-0.0078,-0.03242,0.03673,-0.07208,-0.04622,0.0632,-0,-1.27675,-0.73973,-1.55601,-0.40619,-1.15552,0.57726,0.56657,0.18534,0.02186,-0.07252,-0.2565,0.40668,0.0129,-0.07144,-0.04084,0.00409,-0.00253,-0.01484,0.0005,-0.00209,-0.0015,-0.04093,-0.00049,-0.00672,-0.01319,0.00041,0.00014,3e-05
27.06,0.00834,-0.00179,0.00223,0.01004,0.03512,-0.00397,-0.02714,0.04006,-0.07116,-0.07142,0.05857,-0,-1.28734,-0.71695,-1.20349,-0.38869,-1.19717,0.5174,0.54373,0.17251,0.03833,-0.08456,-0.19923,0.44516,-0.014,-0.08757,-0.03156,0.0014,-0.00078,-0.0155,-0.00062,-0.00248,-0.00171,-0.03482,-0.00035,-0.00408,-0.0124,0.00014,-0.00035,-0.00028
27.08,0.00797,-0.00119,0.00264,0.00736,0.02942,-0.00052,-0.02356,0.04323,-0.06873,-0.09803,0.05595,-0,-1.31417,-0.6979,-0.89293,-0.31332,-1.25466,0.44158,0.50632,0.14823,0.06676,-0.09209,-0.08561,0.50419,-0.04532,-0.10603,-0.02048,-0.0015,-0.00108,-0.01563,-0.00189,-0.00281,-0.00185,-0.0264,0.00088,-0.00264,-0.01188,-0.0002,-0.00092,-0.00063
27.1,0.00723,-0.0008,0.00318,0.00287,0.02306,0.00251,-0.02141,0.04596,-0.06432,-0.12542,0.05576,-0,-1.35432,-0.68115,-0.63211,-0.18884,-1.33254,0.3583,0.45662,0.11558,0.10598,-0.0963,0.08168,0.57797,-0.07937,-0.12539,-0.00794,-0.00445,-0.00344,-0.01532,-0.00332,-0.00307,-0.00195,-0.016,0.00336,-0.0025,-0.01174,-0.00059,-0.00156,-0.00101
27.12,0.0063,-0.00056,0.0038,-0.00329,0.01626,0.00509,-0.02022,0.04797,-0.05752,-0.1526,0.0584,-0,-1.40289,-0.66551,-0.42576,-0.02869,-1.42962,0.27548,0.39819,0.07872,0.15394,-0.09886,0.2959,0.65773,-0.11396,-0.14394,0.00555,-0.00724,-0.00771,-0.01472,-0.00485,-0.00328,-0.00202,-0.00417,0.00715,-0.00367,-0.01208,-0.00102,-0.00229,-0.00142
27.14,0.00535,-0.0004,0.00444,-0.01085,0.00926,0.00723,-0.0195,0.04911,-0.04804,-0.17853,0.06395,-0,-1.4543,-0.64999,-0.27448,0.15258,-1.53958,0.19912,0.33476,0.04199,0.20818,-0.10147,0.54831,0.73412,-0.14721,-0.15997,0.01943,-0.00962,-0.01346,-0.01398,-0.00646,-0.00346,-0.00209,0.00849,0.01214,-0.00602,-0.01292,-0.00148,-0.00307,-0.00185
27.16,0.00451,-0.00026,0.00504,-0.01933,0.00222,0.00896,-0.01883,0.04939,-0.03589,-0.20221,0.07192,-0,-1.50299,-0.63367,-0.17433,0.34096,-1.65097,0.13261,0.26975,0.00938,0.26592,-0.10555,0.82853,0.79857,-0.17802,-0.17195,0.03314,-0.01136,-0.02006,-0.01318,-0.00807,-0.00362,-0.00217,0.02133,0.01803,-0.00923,-0.01414,-0.00195,-0.00389,-0.00229
27.18,0.00383,-8e-05,0.00556,-0.02804,-0.00465,0.01036,-0.01795,0.04906,-0.02142,-0.22249,0.08118,-0,-1.54324,-0.61589,-0.11764,0.52214,-1.74628,0.07713,0.20664,-0.01534,0.32371,-0.11211,1.12266,0.84317,-0.20589,-0.17847,0.04606,-0.01219,-0.02654,-0.01235,-0.0096,-0.00373,-0.00224,0.03357,0.02426,-0.01278,-0.01544,-0.00238,-0.00468,-0.0027
27.2,0.00335,0.00022,0.00596,-0.03599,-0.01115,0.01154,-0.01671,0.04851,-0.00537,-0.23798,0.09,-0,-1.56894,-0.59628,-0.09439,0.68051,-1.80255,0.03228,0.14925,-0.02839,0.37717,-0.12176,1.41207,0.86023,-0.23067,-0.17817,0.0574,-0.01184,-0.03163,-0.01149,-0.0109,-0.00377,-0.00229,0.04427,0.02998,-0.01596,-0.0164,-0.00272,-0.0054,-0.00306
27.22,0.00305,0.00067,0.0062,-0.04218,-0.01701,0.01257,-0.01501,0.0482,0.01129,-0.24715,0.09639,-0,-1.57429,-0.57469,-0.09389,0.80113,-1.79643,-0.00327,0.10114,-0.0263,0.42171,-0.13483,1.67643,0.84297,-0.25236,-0.16991,0.06635,-0.01007,-0.03402,-0.01056,-0.01184,-0.00374,-0.0023,0.05246,0.03429,-0.01799,-0.01654,-0.00292,-0.00595,-0.00334
27.24,0.00292,0.00133,0.00626,-0.04582,-0.02213,0.01357,-0.01278,0.04853,0.02771,-0.24877,0.09871,-0,-1.55507,-0.55092,-0.1066,0.87342,-1.71239,-0.03127,0.06437,-0.0064,0.45379,-0.15159,1.89948,0.78683,-0.27101,-0.15304,0.07238,-0.00671,-0.0327,-0.00953,-0.01231,-0.0036,-0.00226,0.05748,0.0365,-0.0183,-0.01548,-0.00295,-0.00628,-0.0035
27.26,0.00294,0.00221,0.00612,-0.04665,-0.0265,0.01461,-0.00991,0.04969,0.04332,-0.24213,0.09606,-0,-1.50961,-0.5247,-0.12524,0.8936,-1.54876,-0.05354,0.03868,0.03258,0.47179,-0.17229,2.07238,0.69073,-0.2866,-0.12775,0.0754,-0.00174,-0.02727,-0.00834,-0.01229,-0.00337,-0.00215,0.05914,0.03631,-0.01661,-0.01307,-0.0028,-0.00637,-0.00354
27.28,0.00308,0.0033,0.00581,-0.04488,-0.03028,0.01578,-0.00625,0.05167,0.05775,-0.22719,0.08837,-0,-1.43932,-0.49577,-0.14497,0.86504,-1.32035,-0.07158,0.02158,0.09023,0.47603,-0.19701,2.19306,0.55794,-0.29888,-0.09528,0.07577,0.0047,-0.018,-0.00701,-0.0118,-0.00307,-0.00199,0.05781,0.03387,-0.01305,-0.0094,-0.00247,-0.00624,-0.00347
27.3,0.00334,0.00456,0.00536,-0.04121,-0.0337,0.01712,-0.00169,0.05426,0.0707,-0.2045,0.07636,-0,-1.3486,-0.46416,-0.16315,0.79717,-1.0571,-0.08647,0.00888,0.16436,0.46838,-0.2256,2.26419,0.39614,-0.30724,-0.05791,0.07421,0.01222,-0.00583,-0.00552,-0.01096,-0.00276,-0.00181,0.05429,0.02973,-0.00809,-0.00479,-0.00202,-0.00593,-0.00331
27.32,0.00368,0.00591,0.00482,-0.03653,-0.03701,0.01866,0.00388,0.05715,0.08195,-0.17501,0.06115,-0,-1.24353,-0.43008,-0.17871,0.70279,-0.79561,-0.09884,-0.00424,0.25182,0.4515,-0.25764,2.29114,0.21565,-0.31082,-0.01842,0.07162,0.02031,0.00791,-0.00393,-0.0099,-0.00247,-0.00163,0.04959,0.02465,-0.00237,0.00029,-0.0015,-0.00553,-0.0031
27.34,0.00408,0.00729,0.00425,-0.03168,-0.04039,0.02038,0.01047,0.06003,0.09137,-0.1398,0.04387,-0,-1.12992,-0.39385,-0.1914,0.59446,-0.56626,-0.10906,-0.02162,0.34959,0.4279,-0.29265,2.27994,0.02632,-0.30864,0.02084,0.06878,0.02838,0.02191,-0.00225,-0.00875,-0.00225,-0.00147,0.04464,0.01932,0.00349,0.00541,-0.00098,-0.0051,-0.00288
27.36,0.00451,0.00865,0.00367,-0.02721,-0.04391,0.02228,0.01796,0.0627,0.09901,-0.10004,0.02539,-0,-1.01232,-0.35585,-0.20128,0.48241,-0.38505,-0.11729,-0.04508,0.45529,0.39943,-0.33001,2.2362,-0.16381,-0.29981,0.05844,0.06619,0.03582,0.03509,-0.0005,-0.0076,-0.00208,-0.00134,0.04005,0.01424,0.00904,0.01027,-0.00049,-0.00466,-0.00265
27.38,0.00493,0.00993,0.00315,-0.02337,-0.04748,0.02429,0.02604,0.06506,0.10497,-0.0572,0.00637,-0,-0.89465,-0.31686,-0.20843,0.37483,-0.25297,-0.12343,-0.07395,0.56651,0.3673,-0.36869,2.16491,-0.34747,-0.28356,0.09373,0.06404,0.04194,0.04651,0.0013,-0.00652,-0.00191,-0.0012,0.03616,0.00967,0.01401,0.01469,-5e-05,-0.00426,-0.00242
27.4,0.00527,0.01106,0.00272,-0.0202,-0.05084,0.02629,0.03417,0.06707,0.10937,-0.01331,-0.0126,-0,-0.78099,-0.27825,-0.2129,0.27867,-0.1591,-0.12712,-0.1052,0.68011,0.3323,-0.40708,2.07065,-0.51688,-0.25938,0.1265,0.06226,0.04596,0.05537,0.00312,-0.00554,-0.00167,-0.00102,0.03305,0.00571,0.01824,0.01855,0.0003,-0.00388,-0.00221
27.42,0.00547,0.01199,0.00243,-0.01758,-0.05366,0.02816,0.04171,0.06873,0.1123,0.02941,-0.03098,-0,-0.67522,-0.24167,-0.21464,0.19949,-0.08634,-0.12793,-0.13447,0.79259,0.295,-0.44321,1.95746,-0.66431,-0.22717,0.15666,0.06063,0.04719,0.06103,0.00492,-0.00467,-0.00126,-0.00076,0.03062,0.00236,0.02164,0.02181,0.00057,-0.00352,-0.00201
27.44,0.00548,0.01267,0.00231,-0.01536,-0.05565,0.02978,0.04815,0.07005,0.11383,0.06917,-0.04835,-0,-0.57999,-0.20841,-0.21351,0.14059,-0.01868,-0.12569,-0.15768,0.90102,0.25579,-0.47537,1.82851,-0.78391,-0.18758,0.18412,0.05888,0.04531,0.06322,0.00671,-0.00394,-0.00062,-0.00039,0.02872,-0.00045,0.02421,0.02448,0.00075,-0.00318,-0.00182
27.46,0.00528,0.0131,0.00238,-0.01339,-0.05667,0.03108,0.05318,0.07103,0.114,0.10499,-0.06447,-0,-0.49618,-0.17914,-0.20928,0.10262,0.05359,-0.12075,-0.17204,1.00334,0.21515,-0.50239,1.68634,-0.87263,-0.14236,0.20856,0.05687,0.04058,0.0622,0.00848,-0.00332,0.00025,9e-05,0.02718,-0.00279,0.02597,0.0266,0.00086,-0.00286,-0.00163
27.48,0.00489,0.01329,0.00261,-0.01157,-0.05671,0.03204,0.05676,0.07163,0.11284,0.13645,-0.0791,-0,-0.42355,-0.15398,-0.20166,0.08379,0.132,-0.11407,-0.17619,1.09769,0.17391,-0.52347,1.53399,-0.92966,-0.09473,0.22916,0.05455,0.03394,0.05875,0.01029,-0.00282,0.00126,0.00063,0.02584,-0.00473,0.027,0.02829,0.0009,-0.00257,-0.00146
27.5,0.00432,0.0133,0.003,-0.00991,-0.05591,0.03265,0.05898,0.07179,0.1103,0.1634,-0.0919,-0,-0.36138,-0.13282,-0.19034,0.0805,0.21032,-0.10713,-0.17001,1.18166,0.13356,-0.53801,1.37577,-0.95557,-0.04948,0.24454,0.05198,0.02693,0.05412,0.01218,-0.00243,0.00229,0.00117,0.0246,-0.00629,0.02736,0.02967,0.0009,-0.00234,-0.00132
27.52,0.00363,0.01317,0.00348,-0.00843,-0.05445,0.03292,0.06006,0.07142,0.10633,0.18585,-0.10248,-0,-0.30875,-0.11539,-0.17504,0.08819,0.27813,-0.10154,-0.15437,1.25258,0.0959,-0.54555,1.2166,-0.95212,-0.01195,0.25313,0.04931,0.02123,0.04967,0.01416,-0.00215,0.00317,0.00162,0.02338,-0.00748,0.02713,0.03082,0.00089,-0.0022,-0.00123
27.54,0.00289,0.01295,0.00402,-0.00717,-0.05249,0.03289,0.06026,0.07048,0.10087,0.20394,-0.11054,-0,-0.26438,-0.10121,-0.1556,0.10229,0.32636,-0.09843,-0.13099,1.30848,0.06239,-0.54597,1.06024,-0.92242,0.01365,0.25383,0.04661,0.01805,0.04641,0.01624,-0.00197,0.00375,0.00189,0.02207,-0.00827,0.02642,0.03182,0.0009,-0.00217,-0.0012
27.56,0.00212,0.01268,0.00456,-0.00616,-0.05013,0.0326,0.05983,0.06895,0.09386,0.21794,-0.11596,-0,-0.22663,-0.08967,-0.13215,0.11892,0.35093,-0.09803,-0.10232,1.34859,0.03389,-0.53957,0.90868,-0.87129,0.02535,0.24656,0.04385,0.01767,0.04465,0.01837,-0.00189,0.00397,0.00198,0.02055,-0.00867,0.02534,0.03269,0.00092,-0.00224,-0.00123
27.58,0.00139,0.01237,0.00504,-0.00544,-0.04737,0.03208,0.05905,0.06691,0.08533,0.22813,-0.11876,-0,-0.19384,-0.08006,-0.10528,0.13485,0.35348,-0.09958,-0.0718,1.37314,0.01072,-0.52719,0.76307,-0.80563,0.0236,0.23238,0.04089,0.01933,0.04395,0.02043,-0.00187,0.00384,0.00188,0.01868,-0.00863,0.02405,0.03336,0.00098,-0.00239,-0.0013
27.6,0.00073,0.01201,0.00539,-0.00503,-0.04419,0.0314,0.05816,0.0645,0.07543,0.23466,-0.11902,-0,-0.16465,-0.07174,-0.07615,0.14742,0.34043,-0.10147,-0.0438,1.38287,-0.00705,-0.51007,0.62491,-0.73434,0.01082,0.21341,0.03754,0.02143,0.04323,0.02225,-0.00191,0.00344,0.00167,0.01635,-0.00815,0.02271,0.03371,0.00105,-0.00259,-0.00141
27.62,0.0002,0.01159,0.00553,-0.00494,-0.04055,0.03061,0.05739,0.06188,0.06437,0.23761,-0.11691,-0,-0.13806,-0.06415,-0.04624,0.15468,0.3205,-0.10175,-0.0228,1.37876,-0.0195,-0.48965,0.49592,-0.6667,-0.00939,0.19221,0.03357,0.02195,0.04114,0.0236,-0.00196,0.00288,0.00141,0.01343,-0.0072,0.02153,0.03362,0.00114,-0.00278,-0.00151
27.64,-0.00017,0.01111,0.00543,-0.00518,-0.03645,0.02976,0.05692,0.05921,0.05237,0.23716,-0.1126,-0,-0.11332,-0.0569,-0.01693,0.15552,0.30128,-0.09882,-0.01199,1.36179,-0.02697,-0.4671,0.37715,-0.60983,-0.03346,0.1711,0.02883,0.0192,0.03651,0.02434,-0.00201,0.0023,0.00118,0.00988,-0.00578,0.02063,0.03297,0.00123,-0.0029,-0.00158
27.66,-0.00038,0.01056,0.00508,-0.00573,-0.03192,0.0289,0.05682,0.05656,0.03964,0.23371,-0.10633,-0,-0.08996,-0.04976,0.01071,0.1499,0.28705,-0.09197,-0.01234,1.33293,-0.03003,-0.44315,0.26873,-0.56714,-0.05849,0.15157,0.02334,0.01231,0.02877,0.02443,-0.00204,0.00179,0.00104,0.00577,-0.00394,0.0201,0.03176,0.00132,-0.00295,-0.00161
27.68,-0.00047,0.00994,0.0045,-0.00655,-0.02714,0.02805,0.0571,0.05397,0.02649,0.22793,-0.09842,-0,-0.06796,-0.04273,0.03575,0.13887,0.2782,-0.08155,-0.02244,1.29326,-0.02949,-0.41815,0.17064,-0.53828,-0.08232,0.13439,0.01728,0.00139,0.01809,0.02392,-0.00202,0.00144,0.00103,0.00128,-0.00177,0.01994,0.03006,0.00138,-0.00289,-0.00159
27.7,-0.00046,0.00929,0.00378,-0.00755,-0.02239,0.02723,0.05768,0.05146,0.01335,0.22069,-0.0893,-0,-0.04784,-0.03612,0.05726,0.12446,0.27189,-0.06886,-0.03873,1.24415,-0.02628,-0.39234,0.08355,-0.51984,-0.10329,0.11978,0.01106,-0.01249,0.00531,0.023,-0.00196,0.00133,0.00117,-0.00325,0.00057,0.0201,0.02807,0.00141,-0.00275,-0.00152
27.72,-0.00041,0.00864,0.00301,-0.00864,-0.01801,0.02647,0.05842,0.04902,0.00074,0.21294,-0.07945,-0,-0.03046,-0.03036,0.07434,0.10918,0.26364,-0.05568,-0.05662,1.18702,-0.02135,-0.36586,0.00854,-0.50673,-0.12025,0.1076,0.0052,-0.02773,-0.0083,0.02188,-0.00183,0.0015,0.00146,-0.00742,0.0029,0.02046,0.02602,0.0014,-0.00254,-0.0014
27.74,-0.00037,0.00799,0.00227,-0.00974,-0.01428,0.02578,0.05922,0.04662,-0.01094,0.20541,-0.06928,-0,-0.0165,-0.02583,0.08653,0.09526,0.24961,-0.04361,-0.07191,1.12306,-0.01547,-0.33881,-0.05374,-0.49383,-0.13276,0.09756,0.00014,-0.04268,-0.02146,0.02073,-0.00165,0.00197,0.00187,-0.01089,0.00502,0.02091,0.02409,0.00135,-0.00227,-0.00126
27.76,-0.00038,0.00736,0.00165,-0.01077,-0.01129,0.02516,0.05993,0.04423,-0.02145,0.19844,-0.05905,-0,-0.00619,-0.02276,0.09392,0.08418,0.22828,-0.03355,-0.08177,1.05317,-0.00909,-0.31126,-0.10357,-0.47717,-0.1411,0.08935,-0.00385,-0.05602,-0.03317,0.01967,-0.00141,0.00272,0.00239,-0.01348,0.00682,0.02133,0.0224,0.00125,-0.00198,-0.00108
27.78,-0.00043,0.00674,0.00118,-0.01167,-0.00901,0.02458,0.06049,0.04183,-0.03072,0.19201,-0.04895,-0,0.00069,-0.02115,0.09715,0.07662,0.20096,-0.02573,-0.08494,0.97849,-0.00244,-0.28357,-0.14178,-0.45439,-0.14626,0.08274,-0.00665,-0.06671,-0.04264,0.01871,-0.00114,0.00366,0.00294,-0.01514,0.00818,0.02157,0.02093,0.00111,-0.00166,-0.0009
27.8,-0.00052,0.0061,0.00089,-0.01238,-0.00729,0.02402,0.0608,0.03942,-0.03871,0.18582,-0.0392,-0,0.00467,-0.0209,0.09729,0.07262,0.17158,-0.01984,-0.08147,0.9008,0.0045,-0.25647,-0.16936,-0.42472,-0.14977,0.07765,-0.00826,-0.07389,-0.04922,0.01777,-0.00086,0.00467,0.00346,-0.01593,0.00902,0.0215,0.01963,0.00094,-0.00136,-0.00071
27.82,-0.00064,0.00542,0.00081,-0.01284,-0.00593,0.02347,0.0608,0.037,-0.04539,0.17938,-0.03,-0,0.00644,-0.0218,0.09556,0.07181,0.14501,-0.01527,-0.07235,0.82221,0.01185,-0.23094,-0.18727,-0.3886,-0.15345,0.07412,-0.00879,-0.07692,-0.05244,0.01677,-0.0006,0.00561,0.00386,-0.01599,0.0093,0.02098,0.01841,0.00077,-0.00107,-0.00053
27.84,-0.00077,0.0047,0.00093,-0.01304,-0.0047,0.02291,0.06041,0.03458,-0.05078,0.17219,-0.02151,-0,0.00671,-0.02359,0.09307,0.0736,0.12473,-0.0114,-0.05905,0.74439,0.01977,-0.20782,-0.19655,-0.34709,-0.15911,0.07224,-0.0084,-0.07551,-0.05208,0.01562,-0.00039,0.00635,0.00407,-0.01551,0.00899,0.01993,0.01716,0.00059,-0.00082,-0.00038
27.86,-0.00088,0.00391,0.00125,-0.01296,-0.00343,0.02231,0.05959,0.03214,-0.05496,0.16375,-0.01384,-0,0.00614,-0.02602,0.09056,0.07734,0.11124,-0.00787,-0.04322,0.66826,0.02837,-0.18758,-0.19835,-0.30164,-0.1683,0.07206,-0.00728,-0.0698,-0.04828,0.01428,-0.00025,0.00682,0.00406,-0.01466,0.00814,0.01833,0.01584,0.00042,-0.00061,-0.00024
27.88,-0.00099,0.00309,0.00173,-0.01265,-0.00202,0.02171,0.05829,0.02964,-0.05802,0.15373,-0.0071,-0,0.00525,-0.02878,0.08843,0.08231,0.1017,-0.00458,-0.02675,0.59453,0.03767,-0.17051,-0.19391,-0.25434,-0.1822,0.07359,-0.00571,-0.06042,-0.0416,0.01278,-0.00017,0.00699,0.00383,-0.01365,0.00688,0.01627,0.01448,0.00027,-0.00043,-0.00014
27.9,-0.00107,0.00228,0.00235,-0.01216,-0.00039,0.02111,0.05648,0.02707,-0.06003,0.14202,-0.00144,-0,0.00447,-0.03157,0.08675,0.08777,0.09063,-0.00177,-0.01174,0.52417,0.04745,-0.15675,-0.18448,-0.20808,-0.20146,0.07679,-0.00397,-0.04848,-0.03293,0.01121,-0.00015,0.00685,0.00342,-0.01268,0.00539,0.01388,0.01315,0.00013,-0.00029,-5e-05
27.92,-0.00115,0.00151,0.00305,-0.01156,0.00144,0.02055,0.05417,0.02441,-0.06105,0.12861,0.00295,-0,0.00417,-0.03407,0.0854,0.09297,0.0716,0.00018,-0.00024,0.45817,0.05728,-0.14627,-0.17131,-0.16602,-0.2257,0.08142,-0.00239,-0.03531,-0.02334,0.00968,-0.00017,0.00646,0.0029,-0.01196,0.00388,0.01139,0.01197,-0,-0.00018,1e-05
27.94,-0.0012,0.00085,0.00377,-0.0109,0.00346,0.02005,0.05138,0.02167,-0.06118,0.11363,0.00594,-0,0.00462,-0.03604,0.08425,0.09733,0.03987,0.00099,0.00638,0.3968,0.06648,-0.1385,-0.15548,-0.13055,-0.25295,0.08683,-0.0012,-0.02211,-0.0138,0.0083,-0.00023,0.00585,0.00232,-0.01162,0.00253,0.00897,0.01102,-0.00012,-0.0001,6e-05
27.96,-0.00124,0.00031,0.00449,-0.01023,0.00562,0.01963,0.04817,0.01886,-0.06057,0.09727,0.00753,-0,0.00604,-0.03736,0.08325,0.10046,-0.00578,0.00057,0.00781,0.33921,0.07413,-0.13217,-0.138,-0.10267,-0.27905,0.09178,-0.00054,-0.00978,-0.00498,0.00712,-0.00029,0.00508,0.00173,-0.01174,0.00145,0.00678,0.01034,-0.00024,-3e-05,0.0001
27.98,-0.00124,-0.0001,0.00514,-0.00955,0.00783,0.01928,0.04468,0.01601,-0.05943,0.07991,0.0078,-0,0.00858,-0.03802,0.08251,0.10215,-0.06224,-0.00085,0.00484,0.28385,0.07893,-0.12532,-0.1199,-0.08207,-0.29731,0.09439,-0.00043,0.00109,0.00268,0.00613,-0.00036,0.0042,0.00117,-0.01228,0.00069,0.00489,0.0099,-0.00036,3e-05,0.00014
28,-0.00121,-0.00039,0.00569,-0.00885,0.00998,0.01898,0.04111,0.0132,-0.05806,0.06223,0.00694,-0,0.0123,-0.03809,0.08224,0.1024,-0.12235,-0.00284,-0.00079,0.22893,0.07928,-0.1155,-0.10235,-0.06749,-0.2989,0.09223,-0.00079,0.01004,0.00892,0.00528,-0.00042,0.00328,0.00065,-0.01315,0.00024,0.00339,0.00963,-0.00048,9e-05,0.00018
28.02,-0.00111,-0.00058,0.0061,-0.00811,0.01192,0.01871,0.03773,0.01056,-0.05675,0.04505,0.00521,-0,0.01719,-0.03766,0.08271,0.10133,-0.17699,-0.00482,-0.00688,0.17282,0.07371,-0.10025,-0.08666,-0.05704,-0.27499,0.08288,-0.0015,0.01681,0.01361,0.00451,-0.00045,0.00238,0.00022,-0.01421,5e-05,0.00233,0.00943,-0.0006,0.00015,0.00022
28.04,-0.00096,-0.00069,0.00631,-0.0073,0.01354,0.01843,0.03474,0.00819,-0.05581,0.02908,0.00293,-0,0.02316,-0.03679,0.08411,0.09922,-0.2184,-0.00624,-0.01154,0.11413,0.06151,-0.07792,-0.07415,-0.04861,-0.22014,0.06486,-0.00241,0.02127,0.01679,0.00374,-0.00046,0.00157,-0.00013,-0.0153,8e-05,0.00175,0.0092,-0.00074,0.0002,0.00026
28.06,-0.00073,-0.00074,0.0063,-0.00641,0.01477,0.01813,0.03233,0.00619,-0.05543,0.01473,0.00053,-0,0.02999,-0.03543,0.08647,0.0965,-0.24227,-0.00671,-0.01362,0.05207,0.04327,-0.04821,-0.06613,-0.04009,-0.13483,0.0383,-0.00337,0.02353,0.01859,0.0029,-0.00043,0.00087,-0.00038,-0.01632,0.00028,0.00167,0.00882,-0.00088,0.00026,0.00031
28.08,-0.00044,-0.00075,0.00607,-0.0054,0.01558,0.01778,0.0306,0.00461,-0.05578,0.00225,-0.00151,-0,0.0373,-0.03345,0.08959,0.09381,-0.24808,-0.006,-0.01287,-0.01304,0.02109,-0.01258,-0.06397,-0.02958,-0.02668,0.00529,-0.00426,0.02383,0.0193,0.00192,-0.00037,0.0003,-0.00054,-0.01714,0.00061,0.00207,0.00824,-0.00101,0.00033,0.00036
28.1,-0.0001,-0.00075,0.00561,-0.00427,0.016,0.01735,0.02962,0.00354,-0.05696,-0.0082,-0.00257,-0,0.04454,-0.03063,0.09309,0.09194,-0.23849,-0.00401,-0.00981,-0.07947,-0.00147,0.02586,-0.06917,-0.01534,0.08999,-0.03023,-0.00497,0.02257,0.01929,0.00075,-0.00029,-0.00012,-0.00061,-0.01769,0.00104,0.00296,0.00736,-0.00112,0.00039,0.0004
28.12,0.00026,-0.00077,0.00494,-0.00304,0.01607,0.01683,0.02945,0.00303,-0.05902,-0.0165,-0.00201,-0,0.0511,-0.02668,0.09648,0.09174,-0.21788,-0.00067,-0.00543,-0.14486,-0.02025,0.06322,-0.08338,0.00428,0.19793,-0.06353,-0.0054,0.02021,0.01893,-0.00063,-0.00018,-0.00038,-0.00059,-0.01791,0.00154,0.00429,0.00616,-0.00119,0.00046,0.00045
28.14,0.00061,-0.00082,0.00408,-0.00168,0.01587,0.01622,0.03006,0.00314,-0.06203,-0.02268,0.00075,-0,0.05649,-0.02126,0.09929,0.09396,-0.1905,0.00424,-0.00081,-0.20751,-0.03179,0.09635,-0.10838,0.03107,0.28279,-0.09075,-0.00549,0.01716,0.01856,-0.00223,-7e-05,-0.00051,-0.0005,-0.01777,0.00212,0.00603,0.00462,-0.00121,0.00052,0.00048
28.16,0.00093,-0.00093,0.00307,-0.00021,0.01551,0.01552,0.0314,0.00384,-0.06607,-0.02688,0.00611,-0,0.06056,-0.01401,0.10121,0.09909,-0.15932,0.01115,0.00317,-0.26715,-0.03415,0.12378,-0.14591,0.067,0.33687,-0.10997,-0.00525,0.01377,0.01841,-0.00403,5e-05,-0.00051,-0.00036,-0.01728,0.00276,0.00814,0.00272,-0.00119,0.00059,0.00051
28.18,0.0012,-0.00112,0.00196,0.00137,0.01514,0.01475,0.0333,0.00509,-0.07117,-0.02938,0.01427,-0,0.06338,-0.00462,0.10201,0.1073,-0.12588,0.02066,0.00583,-0.32466,-0.02711,0.14571,-0.19743,0.11397,0.35955,-0.12128,-0.00472,0.01033,0.0186,-0.00599,0.00017,-0.00041,-0.00018,-0.01652,0.00349,0.01056,0.00053,-0.00112,0.00068,0.00054
28.2,0.00138,-0.0014,0.00083,0.00305,0.01495,0.01395,0.03553,0.00676,-0.07735,-0.03049,0.02523,-0,0.06531,0.00714,0.1016,0.11847,-0.0906,0.0335,0.00668,-0.38145,-0.01197,0.16357,-0.26392,0.17355,0.35614,-0.12649,-0.00404,0.00709,0.01914,-0.008,0.00027,-0.00026,-1e-05,-0.01561,0.00433,0.01318,-0.00186,-0.00104,0.00079,0.00057
28.22,0.00146,-0.00178,-0.00022,0.0048,0.01511,0.01316,0.03783,0.00872,-0.08459,-0.03059,0.03877,-0,0.06679,0.02136,0.10006,0.13224,-0.05289,0.05042,0.00542,-0.43908,0.00908,0.17941,-0.34598,0.24688,0.3352,-0.1283,-0.00335,0.00426,0.01998,-0.00996,0.00035,-8e-05,0.00014,-0.01469,0.00527,0.01586,-0.00433,-0.00096,0.00093,0.00062
28.24,0.00141,-0.00227,-0.00112,0.00662,0.01581,0.01244,0.03995,0.01082,-0.09284,-0.03001,0.05468,-0,0.06835,0.03801,0.09771,0.14816,-0.01114,0.07203,0.00202,-0.49878,0.03377,0.19498,-0.44419,0.33458,0.30516,-0.12947,-0.00279,0.002,0.02106,-0.01176,0.0004,7e-05,0.00024,-0.01392,0.00628,0.01847,-0.00675,-0.0009,0.00112,0.0007
28.26,0.00122,-0.00288,-0.00179,0.00849,0.01714,0.01183,0.04171,0.01289,-0.10204,-0.0291,0.07267,-0,0.07045,0.05684,0.09516,0.16576,0.03708,0.09862,-0.00324,-0.56106,0.06023,0.21109,-0.55891,0.43638,0.27211,-0.1321,-0.00247,0.00044,0.02233,-0.01333,0.00041,0.00016,0.00028,-0.01341,0.00729,0.02085,-0.00903,-0.0009,0.00136,0.00081
28.28,0.00091,-0.00359,-0.00219,0.01044,0.01916,0.01137,0.043,0.0148,-0.11205,-0.02816,0.09231,-0,0.07353,0.07724,0.09339,0.18442,0.09466,0.12994,-0.00975,-0.62507,0.08693,0.2274,-0.68947,0.55033,0.23941,-0.13753,-0.00248,-0.00036,0.02376,-0.01464,0.00039,0.00019,0.00023,-0.01327,0.00816,0.02286,-0.01107,-0.00095,0.00164,0.00095
28.3,0.0005,-0.00438,-0.0023,0.01245,0.02182,0.01111,0.04373,0.01635,-0.1226,-0.02748,0.11288,-0,0.07792,0.09816,0.09366,0.20326,0.16436,0.16503,-0.0165,-0.68836,0.11246,0.24236,-0.83351,0.67221,0.20825,-0.14629,-0.00288,-0.00033,0.02532,-0.01565,0.00034,0.00012,0.00012,-0.0136,0.00869,0.0243,-0.01281,-0.00105,0.00196,0.00113
28.32,3e-05,-0.00522,-0.0021,0.01452,0.02506,0.01108,0.04384,0.01739,-0.13333,-0.02722,0.13349,-0,0.08395,0.11836,0.09738,0.22124,0.24776,0.20216,-0.0221,-0.74758,0.13555,0.25383,-0.98764,0.79606,0.17842,-0.1583,-0.00369,0.00056,0.02701,-0.01635,0.00027,-3e-05,-5e-05,-0.01445,0.00867,0.025,-0.01414,-0.00122,0.0023,0.00133
28.34,-0.00048,-0.00608,-0.0016,0.0166,0.02875,0.01135,0.0433,0.01779,-0.14397,-0.0273,0.15321,-0,0.09198,0.1368,0.10573,0.2374,0.34403,0.23888,-0.02477,-0.79968,0.1552,0.25997,-1.14884,0.91544,0.14944,-0.17308,-0.0049,0.00232,0.02881,-0.01675,0.00018,-0.00028,-0.00027,-0.01587,0.00797,0.02485,-0.01502,-0.00144,0.00264,0.00155
28.36,-0.00098,-0.00693,-0.00082,0.01864,0.03277,0.01197,0.04207,0.01749,-0.15441,-0.0273,0.17121,-0,0.10241,0.15292,0.11948,0.25096,0.44865,0.27202,-0.0224,-0.84276,0.17077,0.25983,-1.31489,1.02383,0.12139,-0.18981,-0.00648,0.00489,0.03076,-0.01687,7e-05,-0.00062,-0.00052,-0.01786,0.00656,0.02388,-0.01542,-0.0017,0.00296,0.00177
28.38,-0.00146,-0.00774,0.00017,0.02054,0.03694,0.01298,0.04014,0.01655,-0.16461,-0.02646,0.18658,-0,0.11562,0.16655,0.13877,0.26125,0.55234,0.29729,-0.0125,-0.87579,0.18175,0.25352,-1.48321,1.1139,0.09531,-0.20727,-0.00831,0.00817,0.03288,-0.01676,-4e-05,-0.001,-0.00079,-0.02036,0.00455,0.02227,-0.01538,-0.00198,0.00326,0.002
28.4,-0.00189,-0.00847,0.00128,0.02214,0.04102,0.01442,0.03753,0.01509,-0.17451,-0.02369,0.19824,-0,0.13191,0.17777,0.16317,0.26757,0.6411,0.30943,0.00758,-0.89831,0.18776,0.24205,-1.64984,1.17703,0.0733,-0.22381,-0.01023,0.01196,0.03519,-0.01647,-0.00015,-0.00139,-0.00105,-0.02326,0.0022,0.02032,-0.01493,-0.00225,0.00351,0.00221
28.42,-0.00222,-0.00909,0.00237,0.0233,0.04473,0.01634,0.03428,0.01325,-0.1841,-0.01783,0.2051,-0,0.15147,0.18681,0.19177,0.2692,0.69946,0.30332,0.03988,-0.91019,0.18851,0.22692,-1.80994,1.20459,0.05782,-0.23773,-0.01208,0.016,0.03765,-0.01606,-0.00025,-0.00176,-0.00127,-0.02639,-0.00019,0.01839,-0.01416,-0.0025,0.00371,0.0024
28.44,-0.00244,-0.00957,0.00336,0.0239,0.04786,0.01873,0.03043,0.0112,-0.19338,-0.00784,0.20639,-0,0.17444,0.19408,0.22359,0.26553,0.71562,0.27601,0.08467,-0.91176,0.18399,0.20954,-1.95942,1.19049,0.05067,-0.24795,-0.0137,0.01991,0.04015,-0.01563,-0.00033,-0.00205,-0.00144,-0.02964,-0.00232,0.01683,-0.01315,-0.00269,0.00384,0.00254
28.46,-0.00253,-0.00989,0.00417,0.0239,0.05029,0.02159,0.02607,0.00906,-0.20243,0.00685,0.20187,-0,0.20082,0.20011,0.25762,0.25609,0.68511,0.22811,0.13952,-0.90381,0.17463,0.19091,-2.09562,1.13316,0.05223,-0.25445,-0.01505,0.02324,0.04248,-0.01523,-0.00039,-0.00225,-0.00154,-0.03292,-0.00397,0.01589,-0.01198,-0.0028,0.00391,0.00263
28.48,-0.00245,-0.01007,0.00476,0.02336,0.05199,0.02483,0.02135,0.00693,-0.21134,0.02627,0.1919,-0,0.2303,0.20552,0.29266,0.24067,0.61176,0.16458,0.19857,-0.88764,0.16135,0.17163,-2.21637,1.03622,0.06128,-0.25829,-0.01613,0.0254,0.04428,-0.01497,-0.00042,-0.00234,-0.00156,-0.03617,-0.00502,0.01571,-0.01077,-0.00284,0.00392,0.00266
28.5,-0.00221,-0.01013,0.00509,0.02242,0.05299,0.02831,0.01649,0.00489,-0.22008,0.04982,0.17743,-0,0.2621,0.21091,0.32709,0.21933,0.50683,0.09431,0.25281,-0.86502,0.14556,0.15211,-2.31895,0.90828,0.07522,-0.26142,-0.01701,0.02571,0.04507,-0.01493,-0.00041,-0.00234,-0.00151,-0.03934,-0.00541,0.01635,-0.00963,-0.00281,0.0039,0.00264
28.52,-0.00178,-0.01009,0.00517,0.02125,0.05337,0.03185,0.01177,0.00302,-0.2286,0.07643,0.15966,-0,0.29512,0.21688,0.35911,0.19232,0.38522,0.02795,0.29201,-0.83797,0.12886,0.13277,-2.40022,0.76072,0.09083,-0.26608,-0.01778,0.02353,0.04438,-0.01517,-0.00035,-0.00226,-0.0014,-0.04237,-0.00515,0.01779,-0.00866,-0.00271,0.00385,0.00257
28.54,-0.00119,-0.00997,0.005,0.01997,0.05321,0.03529,0.00741,0.00138,-0.2368,0.10486,0.13971,-0,0.32836,0.22388,0.38727,0.16002,0.26013,-0.02562,0.30803,-0.80838,0.11251,0.11421,-2.4575,0.60442,0.10537,-0.27401,-0.01851,0.01853,0.04193,-0.01573,-0.00025,-0.00212,-0.00123,-0.04521,-0.00432,0.01991,-0.00792,-0.00255,0.00381,0.00245
28.56,-0.00046,-0.00978,0.00462,0.01863,0.05258,0.03853,0.00357,-0,-0.24457,0.13378,0.11838,-0,0.361,0.23223,0.41071,0.12292,0.13974,-0.06147,0.29702,-0.77787,0.09721,0.09741,-2.48909,0.44807,0.11721,-0.28584,-0.01922,0.01091,0.03779,-0.01653,-0.00012,-0.00193,-0.00101,-0.04783,-0.00313,0.02247,-0.0074,-0.00235,0.00377,0.00231
28.58,0.00034,-0.00951,0.00408,0.0172,0.05158,0.04151,0.00031,-0.00113,-0.25173,0.16158,0.09627,-0,0.39224,0.24203,0.42908,0.08196,0.02731,-0.07891,0.25998,-0.748,0.08308,0.08389,-2.49406,0.29894,0.12598,-0.3009,-0.01988,0.00148,0.03242,-0.01741,5e-05,-0.00172,-0.00078,-0.05016,-0.00188,0.02511,-0.00702,-0.00214,0.00374,0.00215
28.6,0.00111,-0.00916,0.00347,0.01558,0.0503,0.04416,-0.00229,-0.002,-0.25799,0.18622,0.07393,-0,0.42103,0.25307,0.44226,0.03869,-0.07736,-0.08075,0.20229,-0.72043,0.0699,0.07578,-2.47182,0.16392,0.13229,-0.31725,-0.02038,-0.00837,0.02666,-0.01813,0.00022,-0.00152,-0.00056,-0.05212,-0.00095,0.02734,-0.00663,-0.00194,0.00372,0.002
28.62,0.00174,-0.00871,0.00287,0.01364,0.04882,0.04641,-0.00424,-0.00261,-0.26295,0.20552,0.05183,-0,0.44622,0.26491,0.45032,-0.00493,-0.17602,-0.07181,0.13193,-0.6967,0.05722,0.07536,-2.42197,0.04907,0.13722,-0.33224,-0.0206,-0.01703,0.02148,-0.01842,0.00039,-0.00135,-0.00037,-0.05358,-0.00074,0.02866,-0.00607,-0.00179,0.00371,0.00187
28.64,0.00213,-0.00816,0.00238,0.01124,0.04719,0.0482,-0.00556,-0.00296,-0.26627,0.21766,0.03016,-0,0.46685,0.27695,0.45354,-0.04701,-0.26966,-0.05712,0.05694,-0.67778,0.04455,0.08441,-2.34412,-0.04178,0.14165,-0.34337,-0.02044,-0.02322,0.01758,-0.01802,0.00051,-0.00121,-0.00024,-0.05441,-0.00144,0.02869,-0.0052,-0.0017,0.00368,0.00179
28.66,0.00223,-0.00751,0.00204,0.00829,0.04545,0.04946,-0.00638,-0.00305,-0.26766,0.22152,0.00884,-0,0.4823,0.28844,0.4524,-0.08593,-0.35672,-0.04061,-0.01602,-0.66382,0.03154,0.10361,-2.23828,-0.10783,0.14572,-0.34883,-0.01984,-0.02637,0.01519,-0.01681,0.0006,-0.00109,-0.00015,-0.05444,-0.00297,0.02732,-0.00399,-0.00168,0.00363,0.00174
28.68,0.00202,-0.00681,0.0019,0.00477,0.04361,0.05011,-0.00686,-0.00286,-0.26692,0.21676,-0.01235,-0,0.49226,0.29843,0.4476,-0.12005,-0.43187,-0.02498,-0.08152,-0.65416,0.01811,0.13235,-2.10559,-0.15087,0.14876,-0.34761,-0.01882,-0.02665,0.01398,-0.01479,0.00065,-0.00099,-0.0001,-0.05351,-0.0049,0.02472,-0.0025,-0.00173,0.00355,0.00172
28.7,0.0015,-0.00611,0.00197,0.00074,0.04168,0.05005,-0.00725,-0.00239,-0.26391,0.20365,-0.03362,-0,0.4965,0.30567,0.44,-0.14753,-0.48612,-0.01185,-0.13485,-0.64755,0.00448,0.16872,-1.94885,-0.17451,0.14928,-0.33933,-0.01747,-0.02487,0.01317,-0.01204,0.00065,-0.00084,-5e-05,-0.05143,-0.00654,0.02132,-0.00088,-0.00181,0.0034,0.0017
28.72,0.0007,-0.00547,0.00226,-0.00368,0.03963,0.04915,-0.00776,-0.00159,-0.25853,0.18284,-0.05506,-0,0.49493,0.30882,0.43051,-0.16651,-0.50953,-0.00197,-0.17231,-0.64239,-0.00892,0.20988,-1.772,-0.1833,0.14554,-0.32415,-0.01588,-0.0222,0.0118,-0.00876,0.00063,-0.00061,4e-05,-0.04798,-0.00711,0.01769,0.00065,-0.00191,0.0032,0.00165
28.74,-0.00033,-0.00495,0.00275,-0.00829,0.03741,0.04729,-0.00857,-0.00043,-0.25067,0.15513,-0.0767,-0,0.48766,0.30675,0.41983,-0.17569,-0.49569,0.00453,-0.19198,-0.63691,-0.02174,0.2528,-1.57885,-0.18183,0.13621,-0.30255,-0.0141,-0.01968,0.00905,-0.0051,0.00058,-0.00025,0.00021,-0.04291,-0.00606,0.01438,0.00186,-0.00203,0.00293,0.00157
28.76,-0.00157,-0.00458,0.0034,-0.0129,0.03487,0.0444,-0.00976,0.00112,-0.24028,0.12134,-0.09842,-0,0.47505,0.2988,0.40841,-0.17474,-0.44503,0.00804,-0.19429,-0.62943,-0.03382,0.29447,-1.37303,-0.17425,0.12095,-0.27528,-0.01212,-0.01803,0.0045,-0.00122,0.00052,0.00024,0.00046,-0.03596,-0.00332,0.0118,0.00257,-0.00219,0.00265,0.00146
28.78,-0.00298,-0.00436,0.00415,-0.0172,0.03185,0.04044,-0.01128,0.00312,-0.22744,0.08253,-0.11983,-0,0.4579,0.28484,0.39651,-0.16434,-0.36586,0.00932,-0.18206,-0.61844,-0.04514,0.33171,-1.15938,-0.16413,0.10064,-0.2436,-0.00982,-0.01752,-0.00177,0.00277,0.00045,0.00088,0.00081,-0.02686,0.00067,0.01023,0.0026,-0.00244,0.00241,0.00137
28.8,-0.00451,-0.00425,0.0049,-0.0208,0.02813,0.03545,-0.01299,0.00557,-0.21237,0.04021,-0.14001,-0,0.43736,0.26526,0.38423,-0.14604,-0.27354,0.00944,-0.16011,-0.60262,-0.05573,0.36099,-0.94516,-0.15444,0.07729,-0.20931,-0.00705,-0.01806,-0.0092,0.00673,0.00036,0.00163,0.00121,-0.01546,0.00497,0.00984,0.00184,-0.00288,0.00231,0.00136
28.82,-0.00612,-0.00423,0.00555,-0.02324,0.02346,0.02952,-0.01472,0.00849,-0.19544,-0.00392,-0.1576,-0,0.41479,0.2408,0.37158,-0.12178,-0.18623,0.00952,-0.13409,-0.58097,-0.06559,0.37881,-0.73879,-0.14747,0.05352,-0.17449,-0.00359,-0.01932,-0.01692,0.01054,0.00026,0.00245,0.00164,-0.00162,0.00839,0.0108,0.0002,-0.0036,0.00245,0.00151
28.84,-0.00776,-0.00425,0.00601,-0.02409,0.01756,0.02273,-0.01643,0.01184,-0.17705,-0.04843,-0.17083,-0,0.39136,0.21217,0.3584,-0.09329,-0.11858,0.01043,-0.10886,-0.55283,-0.07466,0.3827,-0.54706,-0.14454,0.03166,-0.14093,0.00085,-0.02092,-0.02401,0.01409,0.00013,0.00327,0.00206,0.01474,0.00983,0.01338,-0.00232,-0.00472,0.00295,0.00188
28.86,-0.00942,-0.00428,0.00621,-0.02297,0.01008,0.01521,-0.01824,0.01558,-0.15761,-0.0923,-0.17757,-0,0.36787,0.17998,0.3444,-0.06172,-0.07765,0.01251,-0.08741,-0.51809,-0.08282,0.3718,-0.37376,-0.14589,0.01318,-0.10982,0.00661,-0.02254,-0.02963,0.01733,-3e-05,0.004,0.0024,0.03369,0.00848,0.01802,-0.0056,-0.00633,0.00391,0.00256
28.88,-0.0111,-0.00427,0.00611,-0.01959,0.0007,0.0071,-0.02051,0.01956,-0.13771,-0.13465,-0.17528,-0,0.34487,0.14492,0.32923,-0.02779,-0.06211,0.01551,-0.07082,-0.47745,-0.08976,0.34709,-0.22079,-0.15061,-0.00125,-0.08196,0.01403,-0.02394,-0.03304,0.02024,-0.00025,0.00457,0.00263,0.05506,0.00394,0.02533,-0.00939,-0.00849,0.00538,0.00357
28.9,-0.01277,-0.00419,0.00569,-0.01379,-0.01082,-0.00132,-0.02374,0.02358,-0.1182,-0.17444,-0.16109,-0,0.32288,0.10797,0.31265,0.00794,-0.06368,0.01867,-0.05856,-0.43256,-0.09498,0.31121,-0.08948,-0.15678,-0.01159,-0.05798,0.02343,-0.02494,-0.03354,0.02278,-0.00053,0.00486,0.0027,0.07842,-0.00384,0.03597,-0.01329,-0.01125,0.00741,0.00493
28.92,-0.0144,-0.00401,0.00494,-0.00551,-0.02464,-0.00971,-0.02855,0.02737,-0.10001,-0.21058,-0.13259,-0,0.30241,0.07027,0.29449,0.04494,-0.07033,0.02096,-0.04913,-0.38564,-0.0979,0.26789,0.01923,-0.16204,-0.0182,-0.03832,0.035,-0.0254,-0.03057,0.02491,-0.0009,0.00476,0.00254,0.103,-0.01459,0.05049,-0.01679,-0.01456,0.00997,0.00662
28.94,-0.01595,-0.00367,0.00386,0.00511,-0.04079,-0.01774,-0.03552,0.03072,-0.08378,-0.24231,-0.08899,-0,0.28383,0.03285,0.27466,0.0827,-0.07099,0.02147,-0.04088,-0.33879,-0.09807,0.22093,0.10557,-0.16431,-0.02167,-0.02304,0.04884,-0.02519,-0.02379,0.02659,-0.00136,0.0042,0.00213,0.12793,-0.02777,0.06905,-0.01941,-0.0183,0.01297,0.00858
28.96,-0.01732,-0.00314,0.00246,0.01765,-0.05911,-0.02515,-0.04509,0.03345,-0.06965,-0.26937,-0.03214,-0,0.26748,-0.00346,0.25319,0.12053,-0.05862,0.0197,-0.03257,-0.29368,-0.09531,0.17383,0.17122,-0.16235,-0.02268,-0.01171,0.06478,-0.02417,-0.01324,0.02777,-0.0019,0.00319,0.00148,0.15217,-0.04256,0.09109,-0.02075,-0.02224,0.01624,0.01066
28.98,-0.01838,-0.00237,0.00074,0.03128,-0.0791,-0.03163,-0.05752,0.03545,-0.05735,-0.2918,0.03285,-0,0.25368,-0.03781,0.2304,0.15726,-0.03107,0.01559,-0.02356,-0.25177,-0.08979,0.12994,0.21883,-0.15587,-0.02197,-0.00351,0.08232,-0.02223,0.00057,0.02839,-0.00248,0.00178,0.00063,0.17433,-0.05774,0.11518,-0.02049,-0.02598,0.01944,0.01268
29,-0.01896,-0.0013,-0.00125,0.04481,-0.09985,-0.03689,-0.07277,0.03663,-0.04633,-0.30976,0.09774,-0,0.24292,-0.06904,0.207,0.19107,0.00926,0.00951,-0.01385,-0.21467,-0.08197,0.0928,0.25137,-0.14547,-0.02029,0.00266,0.1005,-0.01924,0.01666,0.02837,-0.00307,0.00015,-0.00034,0.19265,-0.0717,0.13894,-0.01837,-0.02898,0.02215,0.01434
29.02,-0.01887,9e-05,-0.00345,0.05684,-0.1203,-0.04058,-0.09065,0.03692,-0.0359,-0.32344,0.15306,-0,0.2357,-0.09596,0.18387,0.21989,0.0572,0.00205,-0.00392,-0.1839,-0.07248,0.06571,0.27196,-0.13231,-0.01837,0.00797,0.11824,-0.0152,0.03373,0.02763,-0.00359,-0.00153,-0.00133,0.20537,-0.0827,0.15957,-0.01426,-0.03064,0.02387,0.01534
29.04,-0.01799,0.00182,-0.0058,0.06624,-0.13961,-0.04252,-0.1109,0.0362,-0.02539,-0.33322,0.19127,-0,0.23224,-0.11778,0.16161,0.2422,0.10723,-0.00633,0.00559,-0.16037,-0.06192,0.051,0.28388,-0.11769,-0.01696,0.01353,0.13472,-0.01031,0.05042,0.02611,-0.00399,-0.00307,-0.00224,0.21147,-0.08943,0.17466,-0.00826,-0.03053,0.02424,0.01546
29.06,-0.01629,0.00387,-0.0082,0.07242,-0.15743,-0.04272,-0.13325,0.03436,-0.01423,-0.33968,0.20872,-0,0.2323,-0.13442,0.14038,0.25754,0.15501,-0.01542,0.01399,-0.14412,-0.05071,0.04951,0.29069,-0.10278,-0.01673,0.02023,0.14959,-0.00504,0.06551,0.02383,-0.00424,-0.00436,-0.003,0.21124,-0.09136,0.18272,-0.00073,-0.02852,0.0231,0.0146
29.08,-0.01389,0.00613,-0.01049,0.07528,-0.1738,-0.0414,-0.15724,0.03127,-0.00211,-0.34354,0.20604,-0,0.23515,-0.14641,0.11993,0.26648,0.1974,-0.02525,0.02056,-0.13433,-0.03923,0.0605,0.2961,-0.08868,-0.01834,0.02866,0.16302,-0.00025,0.07778,0.02089,-0.00434,-0.0053,-0.00356,0.20634,-0.08879,0.18322,0.00759,-0.02481,0.02055,0.01283
29.1,-0.01102,0.00848,-0.01249,0.07516,-0.18901,-0.03897,-0.18213,0.02678,0.01099,-0.34563,0.18743,-0,0.23963,-0.15471,0.09985,0.27042,0.23214,-0.03604,0.02446,-0.12961,-0.02781,0.08187,0.30387,-0.07651,-0.0224,0.03911,0.17542,0.00288,0.08596,0.01749,-0.00427,-0.00585,-0.00387,0.19961,-0.08272,0.17646,0.01562,-0.0199,0.01689,0.01038
29.12,-0.00798,0.01073,-0.01399,0.0726,-0.20345,-0.03592,-0.20704,0.02079,0.0249,-0.34674,0.15895,-0,0.24439,-0.16045,0.07971,0.27129,0.25792,-0.04813,0.02476,-0.12837,-0.01668,0.11071,0.31765,-0.06745,-0.02954,0.05176,0.18742,0.00316,0.08888,0.01385,-0.00407,-0.00599,-0.00391,0.19438,-0.07454,0.16327,0.02217,-0.01446,0.01259,0.00755
29.14,-0.00501,0.01273,-0.0148,0.06809,-0.21762,-0.0327,-0.23132,0.01326,0.03949,-0.34754,0.12619,-0,0.24817,-0.16472,0.05915,0.27122,0.27481,-0.06191,0.02053,-0.12919,-0.00583,0.14404,0.34062,-0.06257,-0.04036,0.06695,0.19968,-0.00021,0.08577,0.01018,-0.00376,-0.00572,-0.00367,0.19346,-0.06555,0.14465,0.02632,-0.0091,0.00806,0.00464
29.16,-0.00228,0.01439,-0.01485,0.06194,-0.23199,-0.02966,-0.25473,0.00428,0.05471,-0.34851,0.09274,-0,0.25007,-0.16834,0.038,0.27234,0.28454,-0.07776,0.01089,-0.13115,0.00507,0.17923,0.37529,-0.06283,-0.05545,0.08531,0.21282,-0.00729,0.07656,0.0066,-0.00335,-0.00507,-0.00317,0.19843,-0.05664,0.12167,0.02768,-0.00423,0.00366,0.00186
29.18,0.00015,0.01566,-0.01414,0.05424,-0.24689,-0.02701,-0.27726,-0.00587,0.07057,-0.3499,0.06011,-0,0.24953,-0.17181,0.0165,0.27672,0.29042,-0.09592,-0.00484,-0.13388,0.0166,0.21381,0.42314,-0.06907,-0.0752,0.10773,0.22724,-0.01725,0.06192,0.0032,-0.0029,-0.00408,-0.00244,0.20948,-0.04834,0.09556,0.02647,-7e-05,-0.00033,-0.00062
29.2,0.00228,0.01654,-0.01274,0.04497,-0.26245,-0.02489,-0.29896,-0.0167,0.08699,-0.35177,0.02816,-0,0.24632,-0.17533,-0.00462,0.28632,0.29713,-0.11639,-0.02718,-0.13749,0.02951,0.24526,0.48459,-0.08205,-0.09981,0.13512,0.2431,-0.02846,0.04326,2e-05,-0.00242,-0.00283,-0.00155,0.22551,-0.04088,0.0678,0.02338,0.00328,-0.00367,-0.00266
29.22,0.00415,0.01707,-0.01081,0.03402,-0.27863,-0.02337,-0.31988,-0.02759,0.10378,-0.3541,-0.00395,-0,0.24041,-0.17888,-0.0244,0.3028,0.31002,-0.13892,-0.0563,-0.1424,0.04446,0.27114,0.55942,-0.10263,-0.12914,0.16828,0.26034,-0.03891,0.0224,-0.00291,-0.00196,-0.00142,-0.00058,0.24467,-0.03424,0.04,0.01938,0.00583,-0.00618,-0.00417
29.24,0.00583,0.01733,-0.00851,0.02134,-0.29546,-0.0225,-0.34005,-0.03808,0.12081,-0.35695,-0.03663,-0,0.23184,-0.18239,-0.04216,0.32718,0.33427,-0.16317,-0.09204,-0.14909,0.0619,0.28947,0.64758,-0.13198,-0.16279,0.20774,0.27887,-0.04685,0.00101,-0.00554,-0.00155,7e-05,0.00039,0.2652,-0.02826,0.01351,0.01536,0.00767,-0.00778,-0.00512
29.26,0.00742,0.01741,-0.00602,0.00699,-0.31306,-0.02229,-0.35945,-0.04793,0.1379,-0.36057,-0.06894,-0,0.22066,-0.18584,-0.05775,0.35962,0.37413,-0.18867,-0.13363,-0.15786,0.08182,0.29895,0.74941,-0.17162,-0.19994,0.25349,0.29855,-0.05114,-0.01967,-0.00786,-0.00119,0.00154,0.00131,0.28585,-0.02263,-0.01072,0.01195,0.00891,-0.00848,-0.00554
29.28,0.00902,0.0175,-0.00359,-0.00868,-0.33155,-0.02276,-0.37785,-0.0571,0.15477,-0.3654,-0.09813,-0,0.20704,-0.1893,-0.07153,0.39905,0.43255,-0.21462,-0.17942,-0.16876,0.10354,0.29893,0.86498,-0.22314,-0.23907,0.30458,0.31911,-0.0514,-0.0387,-0.00982,-0.00085,0.00291,0.00212,0.30592,-0.017,-0.03199,0.00944,0.0097,-0.00841,-0.00552
29.3,0.01071,0.01776,-0.00146,-0.02501,-0.35095,-0.0239,-0.39468,-0.06567,0.1709,-0.37199,-0.11971,-0,0.1913,-0.19284,-0.08413,0.44309,0.51078,-0.23977,-0.22665,-0.18142,0.12571,0.28914,0.99335,-0.2879,-0.27778,0.35891,0.34001,-0.04784,-0.05536,-0.01134,-0.00051,0.00409,0.00277,0.32499,-0.01102,-0.04966,0.00791,0.0102,-0.00781,-0.00519
29.32,0.01255,0.01844,8e-05,-0.04118,-0.37126,-0.02571,-0.40918,-0.07375,0.1856,-0.38073,-0.12875,-0,0.17417,-0.19656,-0.09616,0.48847,0.60794,-0.26256,-0.27211,-0.19479,0.1466,0.26934,1.13247,-0.36687,-0.31322,0.41356,0.36061,-0.04102,-0.06909,-0.01222,-0.00012,0.00498,0.00323,0.34293,-0.00441,-0.06323,0.00732,0.01054,-0.00694,-0.00472
29.34,0.01458,0.01976,0.00084,-0.05656,-0.39267,-0.0282,-0.42075,-0.08149,0.19818,-0.39157,-0.12189,-0,0.15697,-0.20055,-0.1078,0.53169,0.72054,-0.28152,-0.31306,-0.20665,0.16466,0.23872,1.27948,-0.46039,-0.34288,0.46555,0.3804,-0.03155,-0.07964,-0.01213,0.00035,0.0055,0.00345,0.35989,0.00294,-0.07251,0.00773,0.01084,-0.00602,-0.00424
29.36,0.0168,0.02194,0.00073,-0.07089,-0.41559,-0.03138,-0.4291,-0.08894,0.2081,-0.40366,-0.09881,-0,0.1418,-0.20487,-0.11852,0.56944,0.84166,-0.29547,-0.34785,-0.21334,0.17893,0.19575,1.4304,-0.5678,-0.36502,0.51209,0.39923,-0.01995,-0.08712,-0.01055,0.00093,0.00562,0.00343,0.3762,0.01095,-0.07776,0.00939,0.01113,-0.0052,-0.00383
29.38,0.01916,0.02518,-0.00023,-0.08416,-0.44059,-0.03522,-0.43424,-0.0961,0.21481,-0.41527,-0.06275,-0,0.13175,-0.20952,-0.12689,0.59832,0.95984,-0.3034,-0.37573,-0.20961,0.18891,0.1383,1.5789,-0.68649,-0.3786,0.55039,0.41711,-0.0066,-0.09196,-0.00678,0.00163,0.00531,0.00318,0.39229,0.01919,-0.07963,0.0128,0.01137,-0.00455,-0.00352
29.4,0.02153,0.02963,-0.00189,-0.09654,-0.46811,-0.03967,-0.4364,-0.10275,0.21776,-0.42379,-0.02016,-0,0.13078,-0.21436,-0.13069,0.61465,1.05913,-0.30445,-0.39658,-0.18877,0.19445,0.06415,1.71555,-0.81144,-0.38309,0.57732,0.43407,0.0081,-0.09479,7e-05,0.00245,0.0046,0.0027,0.4085,0.02696,-0.07911,0.01866,0.0115,-0.00406,-0.0033
29.42,0.02376,0.03548,-0.00407,-0.10825,-0.49849,-0.04468,-0.43586,-0.10858,0.2164,-0.4262,0.02101,-0,0.14298,-0.21899,-0.12753,0.61472,1.12241,-0.29807,-0.41064,-0.14394,0.19534,-0.02848,1.82907,-0.93622,-0.37833,0.58992,0.45,0.02382,-0.09636,0.01099,0.00336,0.00351,0.00204,0.42495,0.03338,-0.0773,0.02784,0.01139,-0.00365,-0.00311
29.44,0.02575,0.04294,-0.00663,-0.1195,-0.53191,-0.05028,-0.4329,-0.1132,0.21022,-0.41984,0.05385,-0,0.1713,-0.22255,-0.11587,0.59543,1.137,-0.28436,-0.4184,-0.06969,0.19099,-0.14021,1.90897,-1.0548,-0.3646,0.58636,0.46443,0.04042,-0.09737,0.02709,0.00433,0.00209,0.00122,0.44143,0.03775,-0.0752,0.04133,0.01097,-0.00329,-0.0029
29.46,0.02744,0.0523,-0.00951,-0.13042,-0.56832,-0.05659,-0.42772,-0.11622,0.19893,-0.40299,0.07416,-0,0.21655,-0.22361,-0.09575,0.55482,1.09852,-0.26439,-0.42053,0.03634,0.18014,-0.26961,1.94715,-1.16259,-0.34267,0.56661,0.47644,0.05791,-0.09845,0.04944,0.00535,0.00034,0.00025,0.45725,0.03974,-0.07352,0.06012,0.0102,-0.00291,-0.00264
29.48,0.02887,0.06386,-0.01274,-0.14095,-0.60709,-0.06382,-0.42043,-0.11721,0.18249,-0.37507,0.08064,-0,0.27689,-0.22009,-0.06913,0.49248,1.01202,-0.24041,-0.41784,0.1724,0.1609,-0.41202,1.93793,-1.25572,-0.314,0.53277,0.48446,0.07637,-0.10006,0.07891,0.00638,-0.00169,-0.00085,0.47105,0.03939,-0.07269,0.08504,0.00916,-0.00249,-0.00233
29.5,0.0301,0.07784,-0.01637,-0.15077,-0.6469,-0.07215,-0.41113,-0.11572,0.1612,-0.33668,0.0745,-0,0.34782,-0.20936,-0.03974,0.4096,0.89096,-0.2158,-0.41116,0.3324,0.13089,-0.55914,1.87746,-1.33046,-0.28083,0.48886,0.48632,0.09578,-0.10255,0.11604,0.0074,-0.00398,-0.00205,0.48084,0.03707,-0.07288,0.11669,0.00797,-0.00205,-0.00197
29.52,0.03122,0.09442,-0.02052,-0.15946,-0.68598,-0.08174,-0.39978,-0.11131,0.13556,-0.28915,0.05852,-0,0.4233,-0.18871,-0.01219,0.30855,0.75317,-0.19433,-0.40123,0.50745,0.0878,-0.70077,1.76348,-1.38392,-0.24626,0.43987,0.47959,0.11595,-0.10619,0.16113,0.00833,-0.00645,-0.00332,0.48425,0.03332,-0.07406,0.15548,0.0068,-0.0016,-0.00159
29.54,0.03233,0.11373,-0.02527,-0.16663,-0.72269,-0.0926,-0.38615,-0.10373,0.10617,-0.23401,0.03586,-0,0.49753,-0.15597,0.00945,0.19204,0.6148,-0.17901,-0.3885,0.68865,0.03008,-0.828,1.59532,-1.41575,-0.21422,0.39032,0.46218,0.13653,-0.11127,0.21435,0.00915,-0.00901,-0.00462,0.47914,0.0286,-0.07607,0.20175,0.0058,-0.00118,-0.00121
29.56,0.03349,0.13579,-0.03068,-0.1721,-0.75585,-0.10453,-0.36979,-0.09299,0.07369,-0.17276,0.00937,-0,0.56593,-0.11017,0.02259,0.06307,0.48676,-0.17134,-0.37306,0.86832,-0.04227,-0.93494,1.37459,-1.42924,-0.18953,0.34345,0.4329,0.15687,-0.1181,0.2757,0.0098,-0.01154,-0.00589,0.46399,0.02321,-0.0787,0.25569,0.00509,-0.00078,-0.00086
29.58,0.03475,0.16038,-0.03674,-0.1759,-0.78453,-0.11702,-0.35014,-0.0795,0.0391,-0.10726,-0.01843,-0,0.62485,-0.05193,0.02619,-0.07423,0.37473,-0.17123,-0.35472,1.03895,-0.12707,-1.01834,1.10687,-1.43147,-0.17818,0.30135,0.39171,0.17586,-0.12704,0.34452,0.01025,-0.01385,-0.00703,0.43811,0.01726,-0.08165,0.31699,0.00472,-0.00042,-0.00054
29.6,0.03611,0.18687,-0.04331,-0.17812,-0.80779,-0.12921,-0.32666,-0.06407,0.00386,-0.04009,-0.04518,-0,0.67104,0.01633,0.02053,-0.21385,0.28052,-0.17718,-0.33315,1.19203,-0.21973,-1.07657,0.80259,-1.4324,-0.18707,0.26536,0.33981,0.19191,-0.13835,0.4192,0.01044,-0.01569,-0.00792,0.40164,0.01072,-0.08453,0.38448,0.00469,-0.0001,-0.00024
29.62,0.03751,0.21444,-0.05019,-0.17895,-0.82476,-0.14004,-0.29888,-0.04771,-0.03037,0.02585,-0.06881,-0,0.70165,0.09104,0.00685,-0.34873,0.20345,-0.18686,-0.30804,1.31889,-0.31433,-1.10896,0.47506,-1.4421,-0.22232,0.23616,0.27914,0.20327,-0.15215,0.4976,0.01033,-0.01681,-0.00843,0.35527,0.00354,-0.0869,0.45653,0.00497,0.0002,2e-05
29.64,0.03891,0.24234,-0.0572,-0.17851,-0.83484,-0.14861,-0.26646,-0.03126,-0.06225,0.08818,-0.08785,-0,0.71473,0.16848,-0.01318,-0.47259,0.14148,-0.19784,-0.27923,1.41276,-0.40547,-1.11565,0.13658,-1.46674,-0.28654,0.21365,0.21157,0.20874,-0.16826,0.57798,0.00987,-0.01703,-0.00848,0.29984,-0.00425,-0.08825,0.53181,0.00548,0.00048,0.00027
29.66,0.04023,0.27009,-0.06421,-0.17687,-0.83791,-0.15437,-0.22936,-0.01525,-0.09099,0.14539,-0.10161,-0,0.70946,0.24519,-0.03761,-0.58078,0.09227,-0.20802,-0.24693,1.46996,-0.4893,-1.09741,-0.203,-1.50582,-0.37676,0.19695,0.13865,0.2081,-0.18607,0.65937,0.00902,-0.0163,-0.00806,0.23628,-0.01249,-0.08806,0.60946,0.00609,0.00074,0.0005
29.68,0.04138,0.29722,-0.07111,-0.17404,-0.8343,-0.15709,-0.18807,4e-05,-0.11626,0.19653,-0.1101,-0,0.68623,0.31754,-0.06421,-0.66961,0.05384,-0.21566,-0.21199,1.48966,-0.56307,-1.05571,-0.53409,-1.55108,-0.48317,0.18451,0.062,0.20221,-0.20436,0.741,0.00776,-0.01475,-0.00722,0.16601,-0.02076,-0.08581,0.68866,0.00664,0.00099,0.00072
29.7,0.04225,0.32315,-0.07775,-0.16996,-0.82471,-0.15682,-0.14385,0.01446,-0.13788,0.24072,-0.11382,-0,0.64651,0.38127,-0.0903,-0.73557,0.02498,-0.21937,-0.17604,1.47315,-0.62448,-0.99267,-0.84517,-1.58745,-0.58966,0.17437,-0.01619,0.19288,-0.22124,0.8218,0.00609,-0.01263,-0.00611,0.09129,-0.02839,-0.08098,0.76808,0.0069,0.00121,0.00091
29.72,0.0427,0.34723,-0.08394,-0.16453,-0.81003,-0.15379,-0.09838,0.02792,-0.15581,0.27723,-0.1137,-0,0.59245,0.43204,-0.11318,-0.77547,0.00525,-0.21813,-0.14108,1.42311,-0.67149,-0.91086,-1.12394,-1.59721,-0.67762,0.1645,-0.09345,0.18253,-0.23444,0.90052,0.00399,-0.01029,-0.00494,0.01485,-0.03465,-0.07313,0.84616,0.00664,0.00141,0.00108
29.74,0.04259,0.36902,-0.08956,-0.15769,-0.79122,-0.1483,-0.0531,0.04043,-0.17022,0.30578,-0.11087,-0,0.52636,0.46666,-0.13077,-0.7874,-0.00525,-0.21153,-0.10875,1.34304,-0.7026,-0.81291,-1.3608,-1.56636,-0.73205,0.15334,-0.16781,0.17357,-0.24175,0.97648,0.00147,-0.00808,-0.00388,-0.06103,-0.03909,-0.06211,0.92183,0.00567,0.00156,0.00122
29.76,0.04183,0.38836,-0.09453,-0.14939,-0.76917,-0.14073,-0.00898,0.05205,-0.18148,0.32678,-0.10666,-0,0.45066,0.4838,-0.14203,-0.77137,-0.00608,-0.19991,-0.0799,1.23723,-0.71697,-0.7017,-1.55054,-1.48911,-0.74559,0.14003,-0.23801,0.1681,-0.24136,1.04969,-0.00153,-0.00634,-0.00312,-0.13481,-0.04173,-0.04816,0.99481,0.0039,0.00167,0.00133
29.78,0.04035,0.40525,-0.09885,-0.13974,-0.74496,-0.13154,0.03326,0.06279,-0.19011,0.34115,-0.10255,-0,0.36832,0.48403,-0.14694,-0.72953,0.00353,-0.18445,-0.05474,1.11142,-0.71424,-0.58114,-1.69116,-1.36959,-0.71932,0.1247,-0.3031,0.16788,-0.23192,1.12042,-0.00504,-0.00532,-0.0028,-0.20525,-0.04312,-0.03207,1.0651,0.00132,0.00174,0.00142
29.8,0.03812,0.41973,-0.10246,-0.12901,-0.71985,-0.12132,0.07285,0.07255,-0.19664,0.35007,-0.10022,-0,0.28326,0.46945,-0.14632,-0.66587,0.02477,-0.16719,-0.03309,0.97321,-0.69438,-0.45677,-1.78213,-1.221,-0.66167,0.10838,-0.36192,0.17427,-0.21251,1.18862,-0.00908,-0.00527,-0.00304,-0.27091,-0.04424,-0.01518,1.13245,-0.00193,0.00178,0.0015
29.82,0.03515,0.43181,-0.10534,-0.11757,-0.69514,-0.11066,0.10899,0.08111,-0.2015,0.35476,-0.10141,-0,0.19965,0.4431,-0.14139,-0.58515,0.05921,-0.15064,-0.01446,0.83064,-0.65766,-0.33463,-1.82372,-1.06144,-0.58526,0.09261,-0.41329,0.18806,-0.18291,1.25402,-0.01365,-0.00635,-0.00393,-0.33033,-0.04622,0.00091,1.19645,-0.00568,0.0018,0.00156
29.84,0.03149,0.4416,-0.1075,-0.10578,-0.67177,-0.1,0.14122,0.08826,-0.20494,0.35625,-0.10765,-0,0.12053,0.40825,-0.13327,-0.49136,0.10885,-0.13718,0.00194,0.68984,-0.60471,-0.21935,-1.81726,-0.90742,-0.50244,0.07873,-0.4568,0.20901,-0.14386,1.31658,-0.01874,-0.00858,-0.00547,-0.38272,-0.05006,0.01486,1.25696,-0.00978,0.00181,0.00164
29.86,0.02726,0.44929,-0.10901,-0.09394,-0.65007,-0.08948,0.16953,0.09379,-0.20697,0.35528,-0.1202,-0,0.04714,0.36805,-0.12268,-0.387,0.17583,-0.12874,0.01717,0.55382,-0.53685,-0.11313,-1.76539,-0.76997,-0.42261,0.06746,-0.49305,0.2355,-0.09743,1.37666,-0.02429,-0.01173,-0.00753,-0.42829,-0.05632,0.02594,1.31426,-0.01415,0.00184,0.00174
29.88,0.02266,0.45514,-0.11,-0.08238,-0.62993,-0.07906,0.1942,0.09751,-0.20734,0.35219,-0.1398,-0,-0.02068,0.32572,-0.10994,-0.27363,0.26198,-0.12676,0.03244,0.4232,-0.45655,-0.01627,-1.67238,-0.65471,-0.3521,0.05891,-0.52353,0.26428,-0.04749,1.43458,-0.03021,-0.01537,-0.00986,-0.46798,-0.06504,0.03394,1.36868,-0.01873,0.00192,0.0019
29.9,0.01803,0.45939,-0.11062,-0.0715,-0.61097,-0.06858,0.21551,0.09918,-0.20552,0.34703,-0.16669,-0,-0.08382,0.28475,-0.09502,-0.15268,0.3682,-0.13225,0.0489,0.29737,-0.36782,0.07191,-1.54412,-0.5632,-0.29485,0.05266,-0.55019,0.29054,0.00038,1.49017,-0.03629,-0.01879,-0.01207,-0.50299,-0.07574,0.03913,1.42012,-0.02348,0.00208,0.00215
29.92,0.01373,0.46223,-0.11104,-0.06167,-0.59266,-0.05779,0.2338,0.09855,-0.20081,0.33965,-0.20048,-0,-0.14352,0.24867,-0.07758,-0.02565,0.49371,-0.14566,0.06732,0.17473,-0.27549,0.15291,-1.38693,-0.49361,-0.25258,0.04797,-0.57513,0.30915,0.04041,1.54297,-0.0423,-0.02128,-0.01377,-0.53467,-0.08755,0.04222,1.46825,-0.02835,0.00233,0.00248
29.94,0.01007,0.46383,-0.11147,-0.05302,-0.57433,-0.04645,0.24952,0.0955,-0.19254,0.32996,-0.24002,-0,-0.20119,0.22039,-0.05702,0.10603,0.63523,-0.16658,0.0877,0.05253,-0.18401,0.2294,-1.20598,-0.44107,-0.22459,0.04396,-0.60029,0.31656,0.06906,1.59273,-0.04811,-0.02239,-0.0147,-0.56446,-0.09948,0.04442,1.51293,-0.03326,0.00262,0.00289
29.96,0.00728,0.46433,-0.11209,-0.04533,-0.55531,-0.03432,0.26335,0.0901,-0.18019,0.31808,-0.28328,-0,-0.25806,0.20193,-0.03252,0.24071,0.78592,-0.19351,0.10888,-0.07298,-0.09697,0.30517,-1.00474,-0.39799,-0.20765,0.03966,-0.6272,0.31203,0.08655,1.6396,-0.05378,-0.02211,-0.01487,-0.59383,-0.11045,0.04742,1.55444,-0.03809,0.00283,0.00329
29.98,0.00544,0.46386,-0.11309,-0.03803,-0.53504,-0.0213,0.27603,0.08266,-0.16354,0.30447,-0.32687,-0,-0.31472,0.19446,-0.00326,0.37539,0.93397,-0.22354,0.1283,-0.20545,-0.0176,0.38457,-0.78634,-0.3545,-0.19617,0.03418,-0.65668,0.29802,0.09718,1.68384,-0.05948,-0.02096,-0.01457,-0.62399,-0.11934,0.05345,1.59317,-0.04264,0.00274,0.00353
30,0.00458,0.4625,-0.11466,-0.03032,-0.51321,-0.00751,0.2883,0.07375,-0.14269,0.28999,-0.366,-0,-0.37072,0.19854,0.03141,0.50493,1.06239,-0.25242,0.14217,-0.3476,0.05061,0.47178,-0.55491,-0.29922,-0.18275,0.02667,-0.68878,0.27969,0.1085,1.72547,-0.06548,-0.01988,-0.01434,-0.65575,-0.12487,0.06506,1.62933,-0.04661,0.00206,0.00342
30.02,0.0047,0.46031,-0.11696,-0.02135,-0.48967,0.0068,0.30084,0.06405,-0.11785,0.27571,-0.384,-0,-0.42494,0.2143,0.072,0.62262,1.15233,-0.27532,0.14646,-0.50102,0.1041,0.5702,-0.31524,-0.22105,-0.15969,0.01647,-0.72308,0.2632,0.12897,1.7643,-0.07205,-0.01995,-0.01477,-0.68958,-0.12594,0.08465,1.66295,-0.04966,0.00048,0.00275
30.04,0.00573,0.45727,-0.12019,-0.01043,-0.46416,0.02136,0.31428,0.05413,-0.08906,0.26258,-0.384,-0,-0.47623,0.24155,0.11888,0.72185,1.18879,-0.28806,0.13858,-0.6667,0.14004,0.68187,-0.07146,-0.11147,-0.12111,0.00319,-0.75935,0.25322,0.16464,1.80027,-0.07938,-0.02196,-0.01632,-0.72598,-0.12202,0.11374,1.69408,-0.05158,-0.00221,0.00136
30.06,0.00761,0.45337,-0.12448,0.00277,-0.43631,0.03591,0.32917,0.04435,-0.056,0.25128,-0.384,-0,-0.52381,0.27976,0.17224,0.79687,1.16454,-0.288,0.11862,-0.84466,0.15679,0.80671,0.17315,0.03337,-0.06453,-0.01313,-0.79787,0.25126,0.2167,1.8335,-0.0875,-0.02612,-0.01909,-0.76549,-0.11351,0.15228,1.72288,-0.05234,-0.00609,-0.00078
30.08,0.01023,0.44855,-0.12996,0.01807,-0.40573,0.05014,0.34588,0.03489,-0.01827,0.24225,-0.37918,-0,-0.56696,0.32777,0.23164,0.84235,1.08104,-0.27415,0.08971,-1.03266,0.1538,0.94139,0.41429,0.21118,0.00828,-0.03191,-0.83919,0.2552,0.28053,1.86411,-0.0962,-0.03194,-0.02279,-0.80848,-0.10184,0.19831,1.74938,-0.05213,-0.01104,-0.00359
30.1,0.01344,0.44279,-0.13665,0.03477,-0.37228,0.06356,0.3645,0.02586,0.0244,0.2358,-0.33214,-0,-0.60463,0.38364,0.29565,0.85285,0.9475,-0.24699,0.05777,-1.22512,0.13135,1.07883,0.64505,0.4132,0.09149,-0.05193,-0.88383,0.25989,0.3461,1.89193,-0.105,-0.03831,-0.02678,-0.85486,-0.08942,0.24788,1.77328,-0.05132,-0.01673,-0.00685
30.12,0.01708,0.43607,-0.14454,0.05195,-0.33593,0.07562,0.38489,0.01733,0.07212,0.23214,-0.26391,-0,-0.63559,0.44492,0.36192,0.82313,0.77707,-0.20783,0.02999,-1.41412,0.09043,1.20946,0.85671,0.62669,0.17705,-0.07166,-0.93221,0.25875,0.401,1.91645,-0.1133,-0.04384,-0.03024,-0.90421,-0.07902,0.29614,1.79398,-0.05036,-0.02274,-0.01028
30.14,0.02105,0.42829,-0.15359,0.06884,-0.29657,0.08581,0.40681,0.00937,0.12494,0.23137,-0.17571,-0,-0.65871,0.50925,0.42746,0.74919,0.58162,-0.15788,0.01256,-1.59169,0.03252,1.32377,1.04109,0.83908,0.2576,-0.08959,-0.98459,0.24629,0.43495,1.93697,-0.12058,-0.04737,-0.03252,-0.95614,-0.07292,0.33892,1.81079,-0.0496,-0.02872,-0.01363
30.16,0.02527,0.4193,-0.16371,0.08513,-0.25399,0.09385,0.42994,0.0021,0.18267,0.23344,-0.06968,-0,-0.6732,0.57448,0.48868,0.62941,0.36879,-0.09786,0.00914,-1.75077,-0.04012,1.41366,1.19167,1.04013,0.32822,-0.10455,-1.04099,0.21986,0.44288,1.9526,-0.12656,-0.04835,-0.03328,-1.01027,-0.07231,0.37374,1.82296,-0.04928,-0.03445,-0.01677
30.18,0.02972,0.40898,-0.1747,0.10091,-0.20814,0.09955,0.45374,-0.00426,0.24448,0.23817,0.05035,-0,-0.6785,0.63823,0.54087,0.46545,0.14279,-0.02831,0.02059,-1.88421,-0.12402,1.47201,1.3026,1.22091,0.38635,-0.11562,-1.10062,0.18023,0.42558,1.96215,-0.1312,-0.04688,-0.03261,-1.06591,-0.07718,0.39977,1.82969,-0.04944,-0.03986,-0.01968
30.2,0.03435,0.39725,-0.18623,0.11646,-0.15948,0.10279,0.4773,-0.00933,0.30855,0.24526,0.1784,-0,-0.67414,0.69755,0.57796,0.26268,-0.09367,0.04996,0.04519,-1.98382,-0.21412,1.49208,1.36765,1.37241,0.43104,-0.12202,-1.16168,0.13136,0.38886,1.96402,-0.1346,-0.04364,-0.03089,-1.12172,-0.08645,0.41743,1.82994,-0.04994,-0.04497,-0.02238
30.22,0.03913,0.38407,-0.19784,0.13216,-0.10873,0.1035,0.49951,-0.0127,0.37245,0.25438,0.30734,-0,-0.65966,0.74924,0.59336,0.02863,-0.33787,0.13584,0.07959,-2.04148,-0.30458,1.46817,1.38121,1.48608,0.46253,-0.12318,-1.22176,0.07896,0.34116,1.95647,-0.13689,-0.0396,-0.02868,-1.17593,-0.09844,0.42781,1.82257,-0.05057,-0.0498,-0.02493
30.24,0.04406,0.36942,-0.20914,0.14832,-0.05654,0.10163,0.51944,-0.01411,0.43392,0.26537,0.384,-0,-0.63463,0.79086,0.58156,-0.22967,-0.58594,0.22805,0.11995,-2.05173,-0.39013,1.39714,1.34047,1.55579,0.48195,-0.11894,-1.27874,0.02822,0.29008,1.93801,-0.13818,-0.03564,-0.0265,-1.22698,-0.11149,0.43216,1.80648,-0.05104,-0.05437,-0.02738
30.26,0.04915,0.35327,-0.2199,0.16508,-0.00337,0.09721,0.53651,-0.01359,0.49121,0.27824,0.384,-1e-05,-0.59882,0.82116,0.53928,-0.50644,-0.83114,0.32487,0.16262,-2.01365,-0.46675,1.27982,1.24728,1.57903,0.49114,-0.10972,-1.33123,-0.01748,0.24027,1.90776,-0.13848,-0.03226,-0.02463,-1.27379,-0.12434,0.43147,1.78081,-0.05109,-0.05864,-0.02974
30.28,0.05442,0.33573,-0.22991,0.18222,0.05018,0.09036,0.55041,-0.01149,0.54271,0.29316,0.384,-1e-05,-0.55242,0.83998,0.46606,-0.79544,-1.06159,0.42343,0.20396,-1.93144,-0.53126,1.12211,1.10921,1.55685,0.49247,-0.09659,-1.37824,-0.05662,0.19319,1.86583,-0.13765,-0.02959,-0.02314,-1.31546,-0.13617,0.42641,1.74518,-0.05044,-0.06249,-0.03195
30.3,0.05984,0.31709,-0.23898,0.19906,0.10299,0.08133,0.56096,-0.00845,0.58659,0.31028,0.384,-1e-05,-0.49634,0.84788,0.36413,-1.0881,-1.25945,0.5192,0.24016,-1.81392,-0.58078,0.93505,0.93922,1.49321,0.48861,-0.08125,-1.41884,-0.08899,0.14787,1.81329,-0.13541,-0.0274,-0.02189,-1.35095,-0.14645,0.41729,1.69979,-0.04885,-0.06565,-0.03385
30.32,0.06535,0.29782,-0.24688,0.21466,0.15367,0.0704,0.56807,-0.00528,0.621,0.32971,0.384,-1e-05,-0.43225,0.84571,0.23759,-1.37414,-1.40485,0.60694,0.26772,-1.67232,-0.61293,0.73246,0.75288,1.39386,0.48216,-0.06556,-1.45217,-0.11511,0.10202,1.75189,-0.13149,-0.02531,-0.02063,-1.37917,-0.15485,0.40415,1.64525,-0.04612,-0.06783,-0.03526
30.34,0.07093,0.27828,-0.25352,0.22803,0.20117,0.05784,0.57179,-0.00285,0.64468,0.3514,0.384,-1e-05,-0.36264,0.83417,0.09094,-1.64378,-1.48301,0.6825,0.28423,-1.51698,-0.62662,0.52702,0.5639,1.26486,0.47504,-0.0509,-1.47778,-0.13575,0.05352,1.68343,-0.12566,-0.02294,-0.01914,-1.39948,-0.16117,0.38687,1.5823,-0.04211,-0.06875,-0.03604
30.36,0.0766,0.25873,-0.25887,0.23833,0.24503,0.04386,0.57238,-0.00191,0.65737,0.37502,0.384,-0,-0.29107,0.81361,-0.07131,-1.88845,-1.48893,0.74384,0.28902,-1.35568,-0.62262,0.32836,0.38178,1.1122,0.46822,-0.03774,-1.49583,-0.15142,0.0016,1.60956,-0.11793,-0.02011,-0.01732,-1.41192,-0.1653,0.36531,1.51188,-0.03681,-0.06829,-0.03609
30.38,0.08238,0.2394,-0.26303,0.24482,0.28511,0.02874,0.57029,-0.00317,0.65975,0.39975,0.384,-0,-0.22276,0.7841,-0.24359,-2.09898,-1.42838,0.79083,0.28319,-1.19437,-0.60365,0.144,0.21255,0.94274,0.46163,-0.02567,-1.50697,-0.16218,-0.05249,1.53232,-0.10857,-0.01684,-0.01517,-1.41717,-0.16715,0.3395,1.43556,-0.03036,-0.06645,-0.03541
30.4,0.08827,0.22064,-0.26611,0.24676,0.32124,0.0129,0.56611,-0.00726,0.6532,0.42417,0.384,-0,-0.1648,0.74558,-0.41829,-2.26409,-1.3164,0.82451,0.26936,-1.03843,-0.57403,-0.01909,0.06045,0.76495,0.45434,-0.01365,-1.51208,-0.16751,-0.1054,1.45449,-0.09814,-0.01339,-0.01287,-1.41637,-0.1666,0.30978,1.35598,-0.02309,-0.06337,-0.03407
30.42,0.09423,0.20287,-0.26823,0.24347,0.3532,-0.00319,0.56054,-0.01464,0.63933,0.44641,0.384,-0,-0.12484,0.6981,-0.58658,-2.37208,-1.17284,0.84648,0.25094,-0.8928,-0.53864,-0.15482,-0.07132,0.58785,0.44501,-0.00048,-1.51206,-0.16664,-0.15267,1.37906,-0.08736,-0.01012,-0.01065,-1.41078,-0.16356,0.27663,1.27625,-0.01544,-0.05925,-0.03217
30.44,0.10025,0.18639,-0.2695,0.23446,0.38091,-0.01914,0.55432,-0.02558,0.61945,0.46457,0.384,-0,-0.10883,0.64209,-0.74036,-2.41446,-1.0162,0.85834,0.23118,-0.76132,-0.50123,-0.25932,-0.1802,0.41864,0.43247,0.01447,-1.50752,-0.15897,-0.19054,1.30812,-0.07683,-0.00734,-0.00869,-1.40151,-0.15797,0.24052,1.19893,-0.00778,-0.05428,-0.02979
30.46,0.10633,0.17127,-0.27003,0.21953,0.40447,-0.03473,0.54816,-0.04001,0.59431,0.47686,0.384,-0,-0.11945,0.57872,-0.87304,-2.38867,-0.85994,0.86125,0.21255,-0.64678,-0.46359,-0.33165,-0.26391,0.26173,0.41623,0.03068,-1.49868,-0.14448,-0.21702,1.2423,-0.06693,-0.00519,-0.00711,-1.38934,-0.1499,0.20178,1.12546,-0.0004,-0.04856,-0.027
30.48,0.11245,0.15752,-0.26991,0.19893,0.42402,-0.0498,0.54284,-0.05738,0.56412,0.48159,0.384,-0,-0.15572,0.51046,-0.97872,-2.29862,-0.71271,0.85578,0.19676,-0.5518,-0.42549,-0.37331,-0.31946,0.11964,0.39664,0.04632,-1.48531,-0.12388,-0.23197,1.18113,-0.05783,-0.00364,-0.00589,-1.37471,-0.13962,0.16097,1.05665,0.0065,-0.04219,-0.02382
30.5,0.1185,0.14513,-0.26919,0.17339,0.4395,-0.06411,0.53919,-0.07667,0.52882,0.47706,0.384,-0,-0.21341,0.44131,-1.05124,-2.15381,-0.57979,0.84192,0.18488,-0.47968,-0.38515,-0.3874,-0.34265,-0.0055,0.375,0.05826,-1.46686,-0.09863,-0.23665,1.1236,-0.04961,-0.00254,-0.00494,-1.35784,-0.12757,0.11908,0.9932,0.01271,-0.03526,-0.02029
30.52,0.12436,0.1341,-0.26789,0.14388,0.45075,-0.07744,0.53797,-0.09651,0.4882,0.46169,0.384,-0,-0.28662,0.37581,-1.08464,-1.96618,-0.46389,0.8193,0.17749,-0.43406,-0.3398,-0.37798,-0.32833,-0.11114,0.35331,0.06286,-1.44244,-0.07054,-0.23302,1.06822,-0.04224,-0.00163,-0.00413,-1.3387,-0.11421,0.07775,0.93565,0.01809,-0.02795,-0.01649
30.54,0.12986,0.12439,-0.26598,0.11122,0.45763,-0.08963,0.53966,-0.1156,0.44206,0.43426,0.384,0,-0.36997,0.31734,-1.07469,-1.74551,-0.3656,0.78752,0.17459,-0.41782,-0.28631,-0.34954,-0.27151,-0.19387,0.33389,0.05727,-1.41082,-0.04124,-0.22286,1.01289,-0.03565,-0.0007,-0.00333,-1.31696,-0.0997,0.03917,0.88389,0.02255,-0.02046,-0.0125
30.56,0.13488,0.11583,-0.2634,0.07594,0.46014,-0.10072,0.54431,-0.1328,0.3904,0.39426,0.384,0,-0.45977,0.26717,-1.02002,-1.49723,-0.28394,0.74654,0.1757,-0.43224,-0.22183,-0.30684,-0.16838,-0.24891,0.31921,0.04025,-1.37057,-0.01182,-0.20726,0.95491,-0.0297,0.0004,-0.00245,-1.29202,-0.08373,0.00625,0.83699,0.02613,-0.01313,-0.00851
30.58,0.13925,0.1082,-0.26007,0.03854,0.45844,-0.11082,0.55146,-0.1471,0.33391,0.34217,0.384,0,-0.55373,0.22459,-0.92272,-1.22355,-0.21716,0.69707,0.17979,-0.47683,-0.14439,-0.2551,-0.01716,-0.26944,0.31193,0.01252,-1.32035,0.01696,-0.18658,0.89145,-0.02427,0.00171,-0.00146,-1.26321,-0.06563,-0.01711,0.79351,0.02897,-0.00648,-0.00482
30.6,0.14276,0.10133,-0.2559,-0.00034,0.4528,-0.12,0.56015,-0.15746,0.2742,0.27966,0.384,0,-0.6502,0.1875,-0.78823,-0.92545,-0.16352,0.6407,0.18536,-0.54943,-0.05331,-0.20013,0.18133,-0.24681,0.31485,-0.02334,-1.25921,0.04451,-0.16062,0.82002,-0.01924,0.0032,-0.00038,-1.22996,-0.04453,-0.02608,0.75198,0.03125,-0.00118,-0.0018
30.62,0.14518,0.09508,-0.2508,-0.03989,0.44353,-0.12831,0.56913,-0.16296,0.21336,0.20912,0.384,0,-0.74793,0.1531,-0.62418,-0.60353,-0.12137,0.57957,0.19067,-0.64664,0.05085,-0.14742,0.42383,-0.17315,0.33019,-0.06364,-1.18668,0.07026,-0.12904,0.73872,-0.01458,0.00474,0.00072,-1.19182,-0.01969,-0.01627,0.71098,0.03314,0.00208,0.00014
30.64,0.14635,0.08931,-0.24471,-0.07942,0.43101,-0.13573,0.57712,-0.16296,0.15305,0.13294,0.384,0,-0.84611,0.11857,-0.43858,-0.25811,-0.08902,0.51564,0.19398,-0.76437,0.16666,-0.10086,0.70517,-0.0456,0.35838,-0.10472,-1.10272,0.09381,-0.09187,0.64642,-0.0102,0.00619,0.00177,-1.1485,0.00907,0.01415,0.6693,0.03475,0.00297,0.00079
30.66,0.14626,0.08387,-0.23758,-0.11835,0.41567,-0.14217,0.58295,-0.15737,0.09415,0.05322,0.384,0,-0.9441,0.08174,-0.23926,0.10946,-0.06463,0.45042,0.19374,-0.89781,0.29168,-0.06188,1.01757,0.13009,0.39715,-0.1435,-1.00803,0.11488,-0.05001,0.54318,-0.00602,0.00744,0.00271,-1.09993,0.04103,0.06277,0.62599,0.03604,0.0017,0.00025
30.68,0.14501,0.07867,-0.22947,-0.15595,0.39818,-0.1474,0.58559,-0.14665,0.03705,-0.02768,0.384,0,-1.04058,0.04146,-0.0352,0.49377,-0.04643,0.38541,0.18867,-1.0404,0.42146,-0.02959,1.34821,0.33759,0.44098,-0.17743,-0.9048,0.13313,-0.00565,0.4311,-0.00194,0.00839,0.00349,-1.04665,0.07419,0.12217,0.58081,0.03688,-0.0009,-0.00103
30.7,0.14284,0.07369,-0.22053,-0.19107,0.37942,-0.151,0.58408,-0.1318,-0.01785,-0.10665,0.384,0,-1.13299,-0.00219,0.16244,0.88336,-0.03291,0.32249,0.17773,-1.18328,0.54902,-0.00136,1.6779,0.55034,0.48139,-0.20414,-0.79712,0.148,0.03758,0.31473,0.00211,0.0089,0.00404,-0.99011,0.1053,0.18048,0.53438,0.03696,-0.00345,-0.00231
30.72,0.14008,0.06894,-0.21101,-0.22244,0.36043,-0.15248,0.57761,-0.11409,-0.07014,-0.18032,0.384,0,-1.21806,-0.04827,0.3418,1.26319,-0.02292,0.26375,0.16021,-1.31659,0.66612,0.02632,1.98436,0.73772,0.50877,-0.2217,-0.69008,0.15882,0.07532,0.20001,0.00611,0.00889,0.00429,-0.93224,0.13058,0.22423,0.48792,0.03594,-0.00441,-0.00274
30.74,0.137,0.06445,-0.20111,-0.24923,0.34207,-0.15136,0.56561,-0.09476,-0.11952,-0.24603,0.384,0,-1.29308,-0.09555,0.49345,1.61999,-0.01557,0.21084,0.13587,-1.43207,0.76579,0.05671,2.24862,0.87472,0.51538,-0.22899,-0.58793,0.16505,0.10352,0.09212,0.01001,0.00822,0.0042,-0.87472,0.14708,0.24289,0.44243,0.03359,-0.00255,-0.00165
30.76,0.13386,0.06021,-0.19094,-0.27134,0.32491,-0.14727,0.54794,-0.0748,-0.16591,-0.30234,0.3824,0,-1.35659,-0.14288,0.61215,1.94487,-0.01021,0.16465,0.10519,-1.52446,0.84377,0.09194,2.45854,0.94815,0.49734,-0.22609,-0.49316,0.16641,0.11927,-0.00562,0.01365,0.00679,0.00368,-0.81865,0.15348,0.23194,0.39845,0.02983,0.00268,0.00126
30.78,0.13086,0.05618,-0.18058,-0.28931,0.30933,-0.14003,0.52503,-0.05507,-0.209,-0.34873,0.34715,0,-1.40802,-0.18884,0.69625,2.23136,-0.0065,0.1257,0.06955,-1.5911,0.89821,0.13257,2.608,0.95756,0.45523,-0.21428,-0.40708,0.16292,0.12075,-0.09122,0.01678,0.0045,0.00268,-0.7649,0.15026,0.19365,0.35622,0.02485,0.01103,0.00587
30.8,0.12821,0.05237,-0.17019,-0.30413,0.29565,-0.12962,0.49788,-0.03642,-0.24797,-0.38508,0.31361,0,-1.44711,-0.23151,0.74647,2.47293,-0.00438,0.09442,0.03137,-1.63095,0.92883,0.17744,2.69477,0.91324,0.3937,-0.19595,-0.33051,0.15483,0.10709,-0.16326,0.019,0.00128,0.00113,-0.71449,0.13938,0.13629,0.31607,0.01906,0.02151,0.01163
30.82,0.12606,0.04878,-0.15993,-0.31695,0.28411,-0.11613,0.46783,-0.01964,-0.2817,-0.4115,0.283,-0,-1.47377,-0.26875,0.76505,2.66339,-0.00401,0.07113,-0.00642,-1.64395,0.93641,0.22421,2.71942,0.83157,0.31983,-0.174,-0.26392,0.14259,0.07847,-0.22072,0.01979,-0.00294,-0.00103,-0.66846,0.12363,0.07126,0.27836,0.01299,0.03274,0.01782
30.84,0.12453,0.04541,-0.14988,-0.32901,0.27476,-0.09964,0.43613,-0.00526,-0.30928,-0.42839,0.25612,-0,-1.48819,-0.29896,0.75524,2.79904,-0.00561,0.05567,-0.04123,-1.63056,0.92247,0.27024,2.68495,0.72903,0.24074,-0.15106,-0.2071,0.12679,0.03636,-0.26332,0.0186,-0.00828,-0.00389,-0.62736,0.10558,0.00895,0.24322,0.00706,0.04347,0.02375
30.86,0.12369,0.04223,-0.14006,-0.34141,0.26742,-0.08022,0.40368,0.00658,-0.33027,-0.43647,0.23294,-0,-1.49089,-0.32146,0.7211,2.87999,-0.00929,0.04722,-0.07131,-1.59166,0.88914,0.31306,2.59682,0.61839,0.16225,-0.12905,-0.15904,0.10822,-0.01613,-0.29167,0.01489,-0.01484,-0.00758,-0.59111,0.08699,-0.04389,0.21048,0.00153,0.05291,0.02901
30.88,0.12353,0.03922,-0.13044,-0.35501,0.26172,-0.05804,0.37126,0.01601,-0.34466,-0.43671,0.21276,-0,-1.48272,-0.3364,0.66759,2.90964,-0.01504,0.04431,-0.09562,-1.52864,0.83931,0.35014,2.46346,0.50857,0.08914,-0.10919,-0.11835,0.08795,-0.07377,-0.30701,0.00814,-0.02273,-0.0122,-0.55914,0.06881,-0.0844,0.17987,-0.00354,0.06073,0.03344
30.9,0.12402,0.03637,-0.12102,-0.37039,0.25719,-0.03353,0.33976,0.02335,-0.35258,-0.43018,0.19445,-0,-1.46474,-0.34452,0.60056,2.89357,-0.02266,0.04502,-0.11357,-1.44358,0.77674,0.37866,2.29625,0.40564,0.02567,-0.09226,-0.08364,0.06747,-0.12927,-0.31091,-0.00208,-0.03196,-0.01786,-0.5308,0.05135,-0.11281,0.15132,-0.00821,0.06696,0.03707
30.92,0.12508,0.03368,-0.11184,-0.38788,0.25331,-0.00718,0.31004,0.02895,-0.35428,-0.41793,0.17673,-0,-1.43796,-0.34692,0.52607,2.83835,-0.03175,0.04733,-0.12496,-1.33898,0.70552,0.39592,2.1077,0.31338,-0.02453,-0.07859,-0.05366,0.04836,-0.17485,-0.3051,-0.01609,-0.04247,-0.02456,-0.50544,0.03453,-0.13122,0.12486,-0.0126,0.07182,0.04004
30.94,0.12668,0.03113,-0.1029,-0.40781,0.24965,0.02062,0.28266,0.03319,-0.35006,-0.40091,0.15848,-0,-1.40322,-0.34487,0.4493,2.75042,-0.04166,0.04962,-0.13009,-1.21731,0.62935,0.40013,1.9086,0.23365,-0.05917,-0.06812,-0.02721,0.03185,-0.20469,-0.29136,-0.0339,-0.05405,-0.03224,-0.4824,0.01812,-0.14197,0.10045,-0.01682,0.07561,0.0425
30.96,0.12882,0.02869,-0.0941,-0.43052,0.24588,0.04973,0.25774,0.03635,-0.34036,-0.37993,0.13896,-0,-1.3611,-0.33974,0.37411,2.63576,-0.05137,0.05098,-0.1298,-1.08119,0.55124,0.39105,1.7067,0.16684,-0.07763,-0.06039,-0.00314,0.01854,-0.21662,-0.27157,-0.05519,-0.06635,-0.04067,-0.4611,0.00194,-0.14663,0.07784,-0.02095,0.07853,0.04457
30.98,0.13151,0.02631,-0.08534,-0.45624,0.24186,0.07999,0.23513,0.03859,-0.32579,-0.35585,0.11804,-0,-1.31222,-0.333,0.3034,2.50052,-0.05948,0.05128,-0.12549,-0.93438,0.47401,0.37011,1.50793,0.11254,-0.08086,-0.05461,0.01942,0.00845,-0.2124,-0.2478,-0.07903,-0.07876,-0.04943,-0.44122,-0.01396,-0.14561,0.05677,-0.02497,0.08069,0.04626
31,0.13479,0.02395,-0.07659,-0.48494,0.23759,0.1111,0.21463,0.03994,-0.30715,-0.32966,0.09629,-0,-1.25752,-0.32616,0.23978,2.35161,-0.06413,0.05105,-0.119,-0.78252,0.40084,0.34029,1.31783,0.07013,-0.07105,-0.0498,0.04097,0.00119,-0.19706,-0.22245,-0.10386,-0.09035,-0.05784,-0.42282,-0.02921,-0.13829,0.03712,-0.02872,0.08206,0.0475
31.02,0.1387,0.02159,-0.06781,-0.51635,0.23317,0.14262,0.19604,0.04033,-0.28542,-0.30238,0.07466,-0,-1.19804,-0.32064,0.18543,2.19594,-0.06353,0.05117,-0.1122,-0.63223,0.33489,0.30535,1.14137,0.03898,-0.05103,-0.04497,0.06167,-0.00382,-0.17728,-0.19799,-0.12775,-0.10005,-0.06509,-0.40613,-0.04328,-0.1237,0.01884,-0.03203,0.08257,0.04819
31.04,0.14331,0.01919,-0.05891,-0.55016,0.22864,0.17427,0.17914,0.03969,-0.26161,-0.27484,0.05398,-0,-1.13454,-0.31742,0.14174,2.03891,-0.05649,0.05234,-0.10649,-0.48921,0.27842,0.26885,0.98165,0.01827,-0.02356,-0.03937,0.0817,-0.00712,-0.15888,-0.17662,-0.14893,-0.107,-0.07052,-0.39129,-0.05588,-0.10151,0.00177,-0.03484,0.08218,0.04827
31.06,0.14872,0.01671,-0.04974,-0.58597,0.22387,0.20592,0.1637,0.03803,-0.23679,-0.24755,0.03473,-0,-1.06741,-0.31691,0.10903,1.88381,-0.04298,0.05476,-0.10242,-0.35735,0.23241,0.23354,0.83952,0.00701,0.00905,-0.03268,0.10134,-0.00899,-0.14535,-0.1601,-0.16609,-0.1107,-0.07375,-0.37807,-0.0671,-0.07279,-0.01446,-0.03721,0.081,0.04778
31.08,0.15498,0.01414,-0.0401,-0.62307,0.21858,0.23739,0.14962,0.03543,-0.21231,-0.22092,0.01706,-0,-0.99715,-0.31886,0.08686,1.7329,-0.02433,0.05804,-0.0996,-0.23955,0.19676,0.20146,0.71459,0.00412,0.0448,-0.02512,0.12086,-0.00942,-0.13748,-0.14978,-0.17828,-0.11108,-0.07467,-0.36595,-0.07741,-0.04048,-0.03029,-0.03942,0.07931,0.04691
31.1,0.16212,0.01147,-0.02986,-0.66019,0.2124,0.26824,0.13704,0.03206,-0.18986,-0.19545,0.001,-0,-0.92483,-0.32244,0.07432,1.58855,-0.00308,0.06121,-0.09691,-0.1387,0.17077,0.17425,0.60639,0.00853,0.08172,-0.01742,0.14038,-0.0081,-0.13386,-0.1468,-0.18476,-0.10836,-0.07339,-0.35427,-0.08745,-0.0092,-0.04614,-0.04185,0.07753,0.04593
31.12,0.17012,0.00877,-0.01891,-0.69569,0.20487,0.29781,0.12633,0.02821,-0.17139,-0.17168,-0.01355,-0,-0.85188,-0.32652,0.07014,1.45307,0.01761,0.063,-0.09284,-0.05744,0.15324,0.15308,0.51448,0.01912,0.11785,-0.01065,0.15982,-0.00465,-0.13205,-0.15194,-0.18492,-0.10298,-0.07016,-0.34233,-0.09784,0.01596,-0.06235,-0.0449,0.07611,0.04514
31.14,0.17902,0.00613,-0.00713,-0.728,0.19547,0.32542,0.11798,0.02424,-0.1587,-0.15003,-0.02684,-0,-0.77959,-0.32995,0.07269,1.32777,0.03497,0.06219,-0.08605,0.00297,0.14243,0.13841,0.43787,0.03453,0.15116,-0.00588,0.17889,0.00113,-0.13028,-0.16543,-0.17823,-0.09538,-0.06524,-0.32944,-0.10876,0.03131,-0.07919,-0.04885,0.07534,0.04476
31.16,0.18889,0.00367,0.00564,-0.75582,0.18362,0.35046,0.11257,0.02065,-0.1532,-0.13067,-0.03927,-0,-0.70888,-0.3318,0.07989,1.21269,0.04731,0.05787,-0.07582,0.04321,0.13603,0.12983,0.37476,0.05294,0.17954,-0.00398,0.19704,0.00904,-0.12862,-0.18668,-0.16427,-0.08591,-0.05882,-0.31506,-0.11977,0.03584,-0.09683,-0.05373,0.07528,0.04485
31.18,0.19976,0.00159,0.01948,-0.77793,0.16884,0.3722,0.11077,0.01807,-0.15598,-0.11371,-0.05132,-0,-0.64087,-0.33139,0.08922,1.1074,0.054,0.04954,-0.06216,0.06566,0.13121,0.12618,0.32307,0.07195,0.20048,-0.0056,0.21337,0.0184,-0.12925,-0.2141,-0.14283,-0.07493,-0.05111,-0.29891,-0.1296,0.03154,-0.11518,-0.05928,0.07567,0.04528
31.2,0.21159,0.00015,0.03433,-0.79302,0.15075,0.38963,0.1134,0.01726,-0.16781,-0.09929,-0.0634,-0,-0.57732,-0.32828,0.09773,1.01192,0.05532,0.03711,-0.04585,0.07395,0.1248,0.1256,0.28095,0.08854,0.21102,-0.0112,0.22646,0.02801,-0.13616,-0.24512,-0.11396,-0.06279,-0.04231,-0.28102,-0.1362,0.02292,-0.13389,-0.06491,0.07605,0.04574
31.22,0.22426,-0.00033,0.05003,-0.79984,0.12916,0.40172,0.12123,0.01894,-0.18912,-0.08762,-0.0759,-0,-0.52028,-0.32214,0.10242,0.92663,0.0521,0.02089,-0.02805,0.07234,0.11385,0.12591,0.2469,0.09965,0.20847,-0.02104,0.23474,0.03661,-0.1537,-0.27662,-0.07809,-0.0499,-0.03268,-0.26156,-0.13718,0.0157,-0.15261,-0.06995,0.07581,0.04589
31.24,0.23765,0.00039,0.06656,-0.79759,0.104,0.40781,0.13477,0.0235,-0.21985,-0.0787,-0.08923,-0,-0.47134,-0.31275,0.10079,0.85164,0.04535,0.00155,-0.00985,0.06527,0.09631,0.12487,0.21965,0.10308,0.1915,-0.03525,0.23697,0.04338,-0.18447,-0.30578,-0.03604,-0.03661,-0.02247,-0.24051,-0.13048,0.01498,-0.17162,-0.07384,0.07444,0.0454
31.26,0.25166,0.00247,0.08399,-0.78627,0.07544,0.40794,0.15395,0.03084,-0.25924,-0.07231,-0.1038,-0,-0.43119,-0.29998,0.09128,0.78646,0.03603,-0.01976,0.00807,0.05701,0.0716,0.12046,0.19802,0.09817,0.16107,-0.0537,0.23258,0.04835,-0.22778,-0.3305,0.01077,-0.02325,-0.01193,-0.21748,-0.11493,0.02389,-0.19208,-0.07635,0.07166,0.0441
31.28,0.26605,0.00594,0.10247,-0.76676,0.04407,0.40293,0.178,0.04022,-0.30549,-0.06801,-0.11994,-0,-0.39984,-0.28383,0.07339,0.73056,0.02499,-0.04131,0.02532,0.05165,0.04094,0.11093,0.18118,0.0859,0.12081,-0.07588,0.22181,0.05243,-0.27894,-0.34931,0.05995,-0.01023,-0.00146,-0.19185,-0.09042,0.04329,-0.21603,-0.0776,0.06747,0.042
31.3,0.28042,0.01072,0.12201,-0.74081,0.01109,0.39423,0.20535,0.05029,-0.35564,-0.06521,-0.1378,-0,-0.37699,-0.2645,0.04762,0.68376,0.01311,-0.0607,0.04177,0.0531,0.00727,0.09486,0.16873,0.06884,0.07688,-0.10089,0.2056,0.05728,-0.32949,-0.36116,0.10796,0.00189,0.00841,-0.16294,-0.05791,0.07187,-0.2462,-0.07799,0.06216,0.03925
31.32,0.29425,0.0166,0.14258,-0.7108,-0.0219,0.38367,0.23389,0.05943,-0.40595,-0.06331,-0.15742,-0,-0.36213,-0.2423,0.01505,0.64619,0.00109,-0.07529,0.05772,0.0649,-0.02566,0.07118,0.16056,0.05073,0.0364,-0.12756,0.18524,0.06489,-0.36913,-0.36539,0.1508,0.01248,0.01708,-0.12988,-0.01901,0.10699,-0.28594,-0.07808,0.05614,0.03611
31.34,0.30706,0.02334,0.16413,-0.67923,-0.05334,0.37302,0.26144,0.06617,-0.45271,-0.06181,-0.17892,-0,-0.35443,-0.21737,-0.02322,0.61769,-0.01064,-0.08291,0.07422,0.0898,-0.05468,0.03925,0.15654,0.03587,0.00522,-0.15491,0.16186,0.07706,-0.38878,-0.36184,0.18525,0.02104,0.02405,-0.09148,0.02464,0.14574,-0.33926,-0.07842,0.04985,0.03284
31.36,0.31847,0.03064,0.1866,-0.64859,-0.08186,0.36375,0.2859,0.06953,-0.49263,-0.06036,-0.20252,-0,-0.35265,-0.18962,-0.06637,0.59753,-0.02202,-0.08234,0.09331,0.12945,-0.07807,-0.00094,0.15625,0.02883,-0.01355,-0.18228,0.13617,0.09495,-0.38264,-0.35092,0.20959,0.02733,0.02908,-0.04615,0.07168,0.18559,-0.41059,-0.07945,0.04359,0.02963
31.38,0.32818,0.03811,0.20979,-0.62153,-0.10612,0.35702,0.30514,0.069,-0.52257,-0.05887,-0.22842,-0,-0.35523,-0.15895,-0.11365,0.58452,-0.03334,-0.0734,0.11793,0.18402,-0.09559,-0.0485,0.15894,0.03436,-0.01979,-0.2092,0.10858,0.11888,-0.34865,-0.33374,0.2236,0.0313,0.03214,0.0077,0.12072,0.22428,-0.50431,-0.08146,0.0376,0.0266
31.4,0.33582,0.04523,0.23315,-0.60104,-0.12465,0.35377,0.31688,0.06455,-0.53935,-0.05741,-0.25658,-0,-0.36028,-0.12541,-0.16397,0.57719,-0.04502,-0.05676,0.15153,0.25202,-0.10817,-0.10143,0.16362,0.05752,-0.01587,-0.23512,0.07936,0.14827,-0.28827,-0.31204,0.22822,0.03307,0.03337,0.0714,0.17004,0.2595,-0.62411,-0.08454,0.03207,0.02386
31.42,0.34103,0.05142,0.25595,-0.59022,-0.13594,0.35463,0.31888,0.05654,-0.54,-0.05619,-0.28678,-0,-0.36571,-0.08941,-0.21583,0.57388,-0.05736,-0.03329,0.19713,0.3306,-0.1175,-0.15696,0.16927,0.10356,-0.00578,-0.25943,0.04861,0.18187,-0.20578,-0.28777,0.22514,0.03287,0.03301,0.14585,0.21785,0.28908,-0.77249,-0.08858,0.02712,0.02147
31.44,0.34355,0.05623,0.27744,-0.59179,-0.13893,0.35969,0.3094,0.04571,-0.52242,-0.05539,-0.31871,-0,-0.36933,-0.05172,-0.26723,0.57273,-0.07015,-0.00313,0.25603,0.41604,-0.1255,-0.21229,0.17518,0.17768,0.00619,-0.28143,0.01608,0.21824,-0.10737,-0.26251,0.21637,0.03112,0.03144,0.23157,0.26271,0.31139,-0.95035,-0.09311,0.02274,0.01937
31.46,0.34332,0.05941,0.29702,-0.60769,-0.13323,0.36837,0.28762,0.03317,-0.48594,-0.05509,-0.35195,-0,-0.36896,-0.01372,-0.31559,0.57167,-0.08242,0.03482,0.32668,0.50379,-0.13395,-0.26482,0.18112,0.28459,0.01614,-0.30035,-0.01882,0.25588,-0.00089,-0.23714,0.20402,0.0284,0.02911,0.32835,0.30377,0.32556,-1.15587,-0.0973,0.01871,0.01739
31.48,0.34046,0.06089,0.31404,-0.63895,-0.11924,0.37932,0.25382,0.02054,-0.43167,-0.05527,-0.384,-0,-0.36239,0.02235,-0.3572,0.5684,-0.09219,0.0828,0.40387,0.58783,-0.14439,-0.31186,0.18741,0.4277,0.02077,-0.31517,-0.05682,0.29302,0.10345,-0.21191,0.1903,0.0255,0.02661,0.43454,0.3405,0.33139,-1.38292,-0.09981,0.01467,0.01525
31.5,0.33529,0.06078,0.32774,-0.68567,-0.09809,0.39052,0.20944,0.00987,-0.36251,-0.05576,-0.384,-0,-0.34746,0.05319,-0.38718,0.5605,-0.09655,0.14364,0.47872,0.66032,-0.15797,-0.35025,0.19471,0.60807,0.01734,-0.32454,-0.09843,0.32735,0.19289,-0.18674,0.17755,0.02339,0.02462,0.54653,0.37232,0.32914,-1.61999,-0.09892,0.01013,0.01259
31.52,0.32823,0.05932,0.33732,-0.74719,-0.07152,0.39979,0.15676,0.00322,-0.28227,-0.05639,-0.384,-0,-0.3224,0.07515,-0.4003,0.54572,-0.09201,0.21979,0.54038,0.71272,-0.17528,-0.37677,0.20377,0.82315,0.00405,-0.327,-0.14378,0.3563,0.25453,-0.16133,0.16787,0.02307,0.02384,0.65964,0.39826,0.31908,-1.85193,-0.09286,0.00455,0.00899
31.54,0.31976,0.05682,0.34221,-0.8224,-0.04163,0.40568,0.09846,0.00187,-0.19435,-0.05701,-0.384,-0,-0.28633,0.08538,-0.39253,0.52237,-0.07509,0.31203,0.57887,0.73796,-0.19615,-0.38879,0.21501,1.06523,-0.01929,-0.32141,-0.19249,0.37755,0.27934,-0.1354,0.1627,0.0254,0.02482,0.76977,0.41684,0.30104,-2.06336,-0.08029,-0.0026,0.00409
31.56,0.3104,0.05371,0.34228,-0.90969,-0.01087,0.408,0.03741,0.00585,-0.10118,-0.05758,-0.384,-0,-0.23973,0.08258,-0.36221,0.48975,-0.0429,0.41819,0.58698,0.73182,-0.21939,-0.38488,0.22815,1.31944,-0.05076,-0.30735,-0.2434,0.3893,0.2649,-0.10882,0.16242,0.03088,0.02789,0.87419,0.42588,0.27412,-2.24039,-0.06073,-0.0118,-0.0024
31.58,0.30079,0.05049,0.33785,-1.00624,0.01777,0.40794,-0.02283,0.01375,-0.00467,-0.05816,-0.384,-0,-0.1849,0.06721,-0.31045,0.44844,0.0066,0.53208,0.56051,0.69327,-0.24257,-0.36484,0.24205,1.56136,-0.08597,-0.28523,-0.29417,0.39024,0.21614,-0.08188,0.16633,0.03964,0.03307,0.97098,0.42236,0.23681,-2.36952,-0.03483,-0.02334,-0.01061
31.6,0.2917,0.04779,0.32964,-1.10769,0.04067,0.40782,-0.07779,0.02293,0.09304,-0.05893,-0.384,-0,-0.12606,0.04131,-0.24106,0.40038,0.0743,0.64333,0.49814,0.6242,-0.26203,-0.32964,0.25478,1.75714,-0.11826,-0.25633,-0.34106,0.37947,0.14444,-0.05543,0.17272,0.05137,0.04013,1.05813,0.40253,0.18729,-2.43661,-0.00433,-0.03732,-0.02047
31.62,0.28396,0.04621,0.31858,-1.20883,0.0542,0.41036,-0.12283,0.03028,0.18972,-0.06014,-0.384,-0,-0.06839,0.00787,-0.15946,0.34831,0.15944,0.73959,0.40128,0.52863,-0.2735,-0.28105,0.26415,1.87092,-0.14032,-0.22245,-0.37987,0.3566,0.06451,-0.03065,0.17945,0.0655,0.04862,1.13361,0.36281,0.12404,-2.42818,0.02827,-0.05357,-0.03174
31.64,0.27824,0.04619,0.30561,-1.30514,0.05574,0.41753,-0.15448,0.03328,0.2836,-0.06213,-0.384,-0,-0.01653,-0.02999,-0.07119,0.29478,0.25907,0.81023,0.27413,0.41172,-0.27319,-0.22126,0.26863,1.87707,-0.14676,-0.18549,-0.40744,0.32206,-0.01014,-0.00857,0.18452,0.08134,0.05807,1.19581,0.30124,0.04654,-2.33449,0.06043,-0.07167,-0.04403
31.66,0.27496,0.04782,0.29159,-1.39352,0.04447,0.42977,-0.17136,0.03079,0.37344,-0.0653,-0.384,-0,0.02626,-0.06946,0.0189,0.24172,0.36726,0.84877,0.12423,0.27951,-0.2585,-0.15277,0.26794,1.76892,-0.13579,-0.14725,-0.42266,0.27738,-0.07006,0.01015,0.18655,0.09819,0.06796,1.24372,0.21868,-0.0439,-2.15225,0.08982,-0.09089,-0.05679
31.68,0.27427,0.05089,0.27732,-1.47175,0.02159,0.44568,-0.17421,0.02324,0.45786,-0.07007,-0.384,-0,0.05806,-0.10783,0.10614,0.19072,0.4741,0.85299,-0.03632,0.13984,-0.22831,-0.07891,0.2632,1.56136,-0.10972,-0.10964,-0.42656,0.22567,-0.1101,0.02517,0.18492,0.11516,0.07776,1.27661,0.11967,-0.14327,-1.88631,0.11423,-0.10998,-0.06918
31.7,0.2761,0.05484,0.26369,-1.53777,-0.00988,0.4622,-0.16547,0.01244,0.53473,-0.07688,-0.384,-0,0.07779,-0.14233,0.18547,0.14334,0.56569,0.82435,-0.19075,0.00292,-0.18295,-0.00416,0.2567,1.28874,-0.07455,-0.07491,-0.42192,0.17159,-0.12862,0.03627,0.1796,0.13116,0.08682,1.2936,0.01252,-0.2446,-1.54981,0.13137,-0.12721,-0.0801
31.72,0.2803,0.05896,0.25156,-1.58955,-0.04594,0.47538,-0.14849,0.00099,0.60139,-0.08612,-0.384,-0,0.08511,-0.17038,0.25204,0.10099,0.62707,0.76674,-0.32083,-0.1199,-0.12389,0.06646,0.2512,0.9953,-0.03806,-0.04538,-0.41246,0.12047,-0.12656,0.04335,0.17101,0.14501,0.09443,1.29377,-0.09265,-0.33925,-1.16061,0.13914,-0.14063,-0.08832
31.74,0.28665,0.06258,0.24156,-1.62535,-0.08283,0.48161,-0.12645,-0.00865,0.65553,-0.09806,-0.384,-0,0.0804,-0.19028,0.30237,0.06436,0.64702,0.68528,-0.41244,-0.21858,-0.05339,0.12849,0.24879,0.72103,-0.00727,-0.02283,-0.40178,0.07674,-0.10642,0.04642,0.15976,0.15578,0.10003,1.27662,-0.18707,-0.41925,-0.73559,0.13617,-0.14873,-0.09292
31.76,0.29496,0.06524,0.23405,-1.64382,-0.11775,0.47841,-0.10171,-0.01475,0.69559,-0.11278,-0.384,-0,0.06481,-0.20158,0.33508,0.03314,0.62146,0.58577,-0.45919,-0.28585,0.02558,0.17869,0.25018,0.49296,0.01336,-0.00816,-0.39265,0.04302,-0.07174,0.04567,0.14649,0.16291,0.10331,1.24247,-0.26511,-0.47868,-0.2883,0.12218,-0.15088,-0.09351
31.78,0.305,0.06667,0.22909,-1.64382,-0.14881,0.46472,-0.07582,-0.01638,0.7205,-0.13004,-0.384,-0,0.04035,-0.20507,0.35079,0.00625,0.55432,0.47518,-0.46279,-0.3169,0.10873,0.21473,0.25451,0.32466,0.02213,-0.00144,-0.38686,0.02015,-0.02709,0.04146,0.13192,0.16626,0.10416,1.19279,-0.3242,-0.51346,0.16838,0.09823,-0.14731,-0.09028
31.8,0.31648,0.06678,0.22657,-1.62428,-0.17468,0.44069,-0.04976,-0.01333,0.72941,-0.14917,-0.384,-0,0.00987,-0.20254,0.3516,-0.01786,0.4567,0.36208,-0.43173,-0.30872,0.19015,0.2348,0.25952,0.21902,0.01972,-0.00206,-0.38544,0.00761,0.02185,0.03429,0.11696,0.16595,0.10264,1.13024,-0.36397,-0.52084,0.61932,0.06656,-0.13906,-0.08394
31.82,0.32909,0.06557,0.22627,-1.58431,-0.19458,0.40728,-0.02402,-0.00586,0.72172,-0.16917,-0.384,-0,-0.02339,-0.19619,0.34048,-0.04086,0.34357,0.25539,-0.37821,-0.25989,0.26337,0.23761,0.26222,0.171,0.00839,-0.00889,-0.38881,0.00406,0.06908,0.02477,0.10254,0.16232,0.09894,1.05811,-0.38554,-0.4994,1.04837,0.03008,-0.12751,-0.0754
31.84,0.34263,0.06313,0.22797,-1.52363,-0.20828,0.36567,0.00136,0.00554,0.69757,-0.18886,-0.384,-0,-0.05655,-0.18789,0.32048,-0.0643,0.229,0.16216,-0.31403,-0.17069,0.32319,0.22267,0.25981,0.17046,-0.009,-0.02039,-0.39707,0.00791,0.10951,0.01347,0.0894,0.15574,0.09332,0.97952,-0.39103,-0.44943,1.44242,-0.00852,-0.11379,-0.06547
31.86,0.35709,0.05956,0.23146,-1.44305,-0.21619,0.31703,0.02665,0.02026,0.65826,-0.20692,-0.384,-0,-0.08743,-0.17873,0.29436,-0.08926,0.12331,0.0863,-0.24806,-0.04368,0.36681,0.19063,0.25041,0.20387,-0.02956,-0.03454,-0.41009,0.01763,0.1397,0.00097,0.07795,0.14663,0.08606,0.89703,-0.38319,-0.37351,1.79293,-0.04722,-0.09851,-0.05458
31.88,0.3725,0.055,0.23653,-1.34514,-0.21922,0.26277,0.0522,0.03756,0.60654,-0.22173,-0.384,-0,-0.1144,-0.16895,0.26468,-0.11616,0.03308,0.02891,-0.18603,0.11541,0.39372,0.14352,0.23324,0.25465,-0.05047,-0.04884,-0.42754,0.03182,0.15774,-0.01206,0.06835,0.13549,0.07757,0.81323,-0.36536,-0.27704,2.09355,-0.08446,-0.08174,-0.04287
31.9,0.38889,0.04967,0.24298,-1.23457,-0.2187,0.20483,0.07829,0.05643,0.54674,-0.23136,-0.384,-0,-0.13615,-0.15806,0.23387,-0.14462,-0.03765,-0.01085,-0.13121,0.29722,0.40514,0.08481,0.20856,0.30383,-0.06881,-0.0603,-0.44877,0.04913,0.16293,-0.02486,0.06062,0.12293,0.06836,0.73117,-0.34134,-0.16839,2.33734,-0.11888,-0.06317,-0.03025
31.92,0.40624,0.04384,0.25064,-1.11709,-0.21602,0.14548,0.10504,0.07571,0.48395,-0.23383,-0.384,-0,-0.15168,-0.14515,0.20414,-0.1737,-0.08642,-0.03493,-0.08494,0.49038,0.40339,0.01867,0.17738,0.33306,-0.08196,-0.06598,-0.47299,0.0682,0.15536,-0.03679,0.05461,0.10964,0.05901,0.65387,-0.3148,-0.05732,2.51703,-0.1492,-0.04239,-0.01656
31.94,0.42464,0.03778,0.25939,-0.99788,-0.21234,0.08671,0.13249,0.09424,0.42288,-0.22762,-0.384,-0,-0.1605,-0.12925,0.17708,-0.20247,-0.11138,-0.04555,-0.04712,0.68433,0.39122,-0.05098,0.14082,0.32932,-0.08814,-0.06394,-0.49955,0.08756,0.13547,-0.04778,0.05004,0.0963,0.05007,0.58312,-0.2886,0.04756,2.62723,-0.17439,-0.01919,-0.00176
31.96,0.44425,0.0318,0.26922,-0.88075,-0.20831,0.03014,0.1605,0.11092,0.36716,-0.21215,-0.384,-0,-0.16269,-0.1096,0.15354,-0.23016,-0.11068,-0.04464,-0.01662,0.87055,0.37142,-0.12101,0.09997,0.28808,-0.08681,-0.05381,-0.52798,0.10557,0.10395,-0.05854,0.04644,0.08353,0.04193,0.51894,-0.26423,0.14021,2.66583,-0.1936,0.00616,0.01395
31.98,0.46517,0.02625,0.28009,-0.76886,-0.20408,-0.02265,0.1886,0.12462,0.31967,-0.18788,-0.384,-0,-0.15892,-0.08592,0.13376,-0.25608,-0.08218,-0.03368,0.00835,1.04152,0.34688,-0.18863,0.05608,0.21438,-0.07877,-0.03704,-0.55785,0.12019,0.06184,-0.07055,0.04323,0.07199,0.03496,0.45992,-0.24198,0.21676,2.63378,-0.20606,0.03266,0.02995
32,0.48732,0.02158,0.29192,-0.66548,-0.19933,-0.06974,0.21579,0.13402,0.28288,-0.15639,-0.384,-0,-0.15033,-0.05847,0.11758,-0.27941,-0.02344,-0.01368,0.02994,1.18943,0.3206,-0.25093,0.01081,0.12181,-0.06595,-0.01671,-0.58848,0.12897,0.01074,-0.08601,0.0397,0.06248,0.02952,0.4038,-0.22118,0.27476,2.53438,-0.2109,0.05846,0.04515
32.02,0.51049,0.01827,0.30459,-0.57357,-0.1934,-0.10911,0.24074,0.13782,0.2586,-0.11996,-0.384,-0,-0.13834,-0.02789,0.10461,-0.2992,0.06819,0.01479,0.05042,1.30696,0.29551,-0.30504,-0.03402,0.02821,-0.05086,0.00336,-0.61875,0.1293,-0.04722,-0.10794,0.03508,0.05577,0.02591,0.34782,-0.20073,0.31332,2.37261,-0.2073,0.08126,0.0582
32.04,0.5345,0.01676,0.31794,-0.49449,-0.18539,-0.13932,0.2623,0.13498,0.24728,-0.08104,-0.384,-0,-0.12433,0.00502,0.09418,-0.31457,0.19517,0.05151,0.07197,1.38939,0.27406,-0.34871,-0.07686,-0.05084,-0.03574,0.01985,-0.64698,0.11893,-0.10953,-0.14036,0.02854,0.05245,0.02432,0.28889,-0.17964,0.33364,2.15471,-0.19485,0.09902,0.0679
32.06,0.55927,0.01735,0.33184,-0.42747,-0.17434,-0.15989,0.27968,0.12497,0.24756,-0.04201,-0.384,-0,-0.10954,0.03945,0.08552,-0.32481,0.35904,0.09637,0.09653,1.43588,0.25794,-0.38059,-0.11669,-0.10614,-0.02201,0.0308,-0.67067,0.09644,-0.17317,-0.18828,0.01924,0.0527,0.02473,0.22386,-0.1575,0.33949,1.88876,-0.17378,0.1103,0.07344
32.08,0.58461,0.02019,0.34602,-0.36988,-0.15928,-0.17118,0.29241,0.10789,0.25614,-0.00544,-0.38267,-0,-0.09511,0.07427,0.07773,-0.32932,0.55917,0.14905,0.12557,1.44927,0.24826,-0.40004,-0.15276,-0.13553,-0.01028,0.03576,-0.68633,0.06139,-0.2341,-0.2574,0.00639,0.05629,0.02689,0.1501,-0.13476,0.33722,1.58664,-0.14523,0.11432,0.07441
32.1,0.61008,0.02532,0.36001,-0.31804,-0.13933,-0.17417,0.30017,0.08444,0.26809,0.0258,-0.36239,-0,-0.08215,0.10789,0.06996,-0.32746,0.79132,0.20859,0.15979,1.43542,0.24563,-0.40687,-0.18432,-0.14277,-0.00048,0.03549,-0.68934,0.01441,-0.28707,-0.35367,-0.01068,0.06265,0.0304,0.06592,-0.1128,0.33514,1.26519,-0.1112,0.11078,0.0707
32.12,0.63505,0.03266,0.3732,-0.26775,-0.11372,-0.1702,0.30259,0.05577,0.27773,0.04896,-0.33972,-0,-0.07153,0.13829,0.06156,-0.31871,1.04642,0.27308,0.19883,1.40241,0.2504,-0.40141,-0.21107,-0.13549,0.00798,0.03156,-0.67442,-0.04325,-0.32649,-0.48275,-0.03248,0.07097,0.03472,-0.02959,-0.09358,0.34174,0.94355,-0.07408,0.09985,0.06251
32.14,0.65886,0.04208,0.38496,-0.21486,-0.08173,-0.1608,0.29922,0.02322,0.2799,0.06236,-0.31508,-0,-0.06347,0.16334,0.0523,-0.3027,1.30949,0.33929,0.24085,1.35968,0.26268,-0.38487,-0.23388,-0.12259,0.01604,0.02577,-0.63643,-0.11043,-0.3482,-0.64931,-0.05943,0.08038,0.03932,-0.13697,-0.07907,0.36298,0.63809,-0.03591,0.0821,0.05025
32.16,0.68096,0.05342,0.39474,-0.15579,-0.04283,-0.14758,0.28944,-0.01179,0.27082,0.06598,-0.28895,-0,-0.05735,0.18098,0.04249,-0.27947,1.55796,0.40232,0.28206,1.31767,0.2824,-0.35969,-0.25525,-0.11245,0.02492,0.0197,-0.57112,-0.18619,-0.35059,-0.85593,-0.09167,0.09004,0.04375,-0.25632,-0.07081,0.40044,0.36,0.00209,0.05859,0.03457
32.18,0.70067,0.06636,0.40197,-0.08807,0.00306,-0.13227,0.27252,-0.04746,0.2484,0.06156,-0.26204,-0,-0.05166,0.18906,0.03317,-0.24965,1.75917,0.45489,0.31634,1.28806,0.30918,-0.32972,-0.27926,-0.11261,0.03593,0.01474,-0.47571,-0.26939,-0.33483,-1.10142,-0.12889,0.09912,0.0476,-0.38647,-0.06994,0.45052,0.11679,0.03928,0.03105,0.01653
32.2,0.7171,0.08038,0.40602,-0.01073,0.0553,-0.11682,0.24775,-0.08148,0.21207,0.05232,-0.23543,-0,-0.04419,0.18532,0.02598,-0.2145,1.87131,0.4876,0.33546,1.28364,0.34221,-0.30025,-0.31114,-0.12972,0.05045,0.01207,-0.34926,-0.35815,-0.30446,-1.3795,-0.17005,0.10668,0.05045,-0.52428,-0.07724,0.5049,-0.08543,0.07529,0.00191,-0.00241
32.22,0.72927,0.0949,0.40629,0.07611,0.11264,-0.10325,0.21462,-0.11125,0.1623,0.04224,-0.21033,-0,-0.03271,0.16795,0.02262,-0.17564,1.85395,0.49148,0.33115,1.31657,0.38026,-0.27724,-0.35618,-0.16897,0.06972,0.01261,-0.19281,-0.44982,-0.2645,-1.67926,-0.21335,0.11172,0.0519,-0.66546,-0.09298,0.55275,-0.24176,0.10981,-0.02619,-0.02069
32.24,0.73644,0.10942,0.40235,0.17193,0.17361,-0.09346,0.17317,-0.13442,0.09992,0.03495,-0.1876,-0,-0.01574,0.1365,0.02397,-0.13457,1.685,0.4622,0.29841,1.3956,0.42181,-0.26607,-0.41816,-0.23321,0.09465,0.01682,-0.0093,-0.54136,-0.21996,-1.98654,-0.25636,0.11331,0.05158,-0.80622,-0.11669,0.58427,-0.34974,0.14255,-0.05118,-0.03703
32.26,0.73832,0.12362,0.39416,0.27599,0.23646,-0.08906,0.12436,-0.14922,0.02583,0.03308,-0.1675,-0,0.00671,0.09268,0.0295,-0.09243,1.37327,0.40312,0.23798,1.52377,0.46494,-0.2708,-0.49812,-0.32199,0.12556,0.02463,0.19579,-0.62926,-0.1752,-2.2839,-0.29588,0.11057,0.04913,-0.94396,-0.14681,0.59297,-0.40998,0.17302,-0.072,-0.05078
32.28,0.73508,0.13729,0.38208,0.3866,0.29873,-0.09145,0.07053,-0.15439,-0.05854,0.03807,-0.14981,-0,0.03288,0.04082,0.03705,-0.05028,0.96375,0.32639,0.15734,1.697,0.50698,-0.29392,-0.59346,-0.43082,0.16192,0.03532,0.41276,-0.70882,-0.13395,-2.54831,-0.32762,0.10278,0.04424,-1.07641,-0.18044,0.57614,-0.42569,0.20031,-0.08861,-0.06183
32.3,0.72729,0.1502,0.36689,0.50059,0.35693,-0.10178,0.01549,-0.14904,-0.15079,0.05027,-0.13399,-0,0.05933,-0.01223,0.04305,-0.00938,0.53376,0.25194,0.07005,1.90411,0.54434,-0.33645,-0.69791,-0.55116,0.20218,0.04766,0.62698,-0.7738,-0.09965,-2.75007,-0.34619,0.08933,0.0367,-1.20061,-0.21335,0.53437,-0.40186,0.22289,-0.10167,-0.07047
32.32,0.71572,0.16209,0.34964,0.61406,0.40718,-0.12085,-0.03622,-0.13271,-0.24795,0.06932,-0.11939,-0,0.08183,-0.05875,0.04349,0.02906,0.17183,0.20203,-0.00805,2.12954,0.57282,-0.39817,-0.80355,-0.67301,0.24392,0.06052,0.82158,-0.81738,-0.07498,-2.85741,-0.34618,0.06996,0.02642,-1.3132,-0.24078,0.47039,-0.34459,0.239,-0.11222,-0.0772
32.34,0.70119,0.17275,0.33125,0.72394,0.44633,-0.14894,-0.08078,-0.10562,-0.34733,0.09446,-0.10538,-0,0.09684,-0.09259,0.03528,0.06433,-0.05444,0.19321,-0.06456,2.35802,0.5884,-0.47784,-0.90399,-0.78885,0.28416,0.07378,0.98238,-0.83415,-0.06111,-2.84494,-0.324,0.0449,0.01358,-1.41141,-0.25877,0.3875,-0.26054,0.24728,-0.12128,-0.08254
32.36,0.68443,0.18195,0.31244,0.82876,0.47276,-0.18546,-0.11586,-0.06891,-0.44676,0.12478,-0.0915,-0,0.10244,-0.11089,0.01726,0.09646,-0.11988,0.23066,-0.09437,2.57683,0.5878,-0.57305,-0.99633,-0.89607,0.31951,0.08899,1.1008,-0.82148,-0.05712,-2.69976,-0.27931,0.01514,-0.0013,-1.49355,-0.26502,0.28882,-0.15694,0.24729,-0.1296,-0.08691
32.38,0.6662,0.18947,0.29379,0.92802,0.48628,-0.22869,-0.14055,-0.02493,-0.54393,0.15901,-0.07758,-0,0.0985,-0.11427,-0.00944,0.12607,-0.04648,0.30661,-0.10032,2.77477,0.56846,-0.67953,-1.08087,-0.99673,0.34587,0.10935,1.17362,-0.77984,-0.05994,-2.42365,-0.21558,-0.01726,-0.01718,-1.55837,-0.25903,0.1778,-0.04232,0.23952,-0.13745,-0.09052
32.4,0.64736,0.19495,0.27589,1.02132,0.48778,-0.27565,-0.155,0.02266,-0.63568,0.19538,-0.06384,-0,0.08644,-0.10626,-0.04152,0.15399,0.10345,0.4017,-0.0919,2.94063,0.52859,-0.79075,-1.16005,-1.09613,0.35837,0.13931,1.20152,-0.71253,-0.06464,-2.0323,-0.1399,-0.04919,-0.03247,-1.60449,-0.24185,0.05881,0.07319,0.22533,-0.14467,-0.09338
32.42,0.62882,0.19799,0.25928,1.10814,0.47877,-0.32268,-0.15999,0.0696,-0.7184,0.2319,-0.05074,-0,0.06853,-0.09183,-0.07452,0.18083,0.24868,0.49048,-0.08165,3.06387,0.46731,-0.89882,-1.23698,-1.20034,0.3522,0.18319,1.18784,-0.6246,-0.06537,-1.55028,-0.06125,-0.07702,-0.0454,-1.63058,-0.21548,-0.06309,0.17923,0.20653,-0.15083,-0.09538
32.44,0.61126,0.19832,0.24431,1.1881,0.46097,-0.36642,-0.15674,0.11215,-0.78892,0.26687,-0.03869,-0,0.04695,-0.07531,-0.10427,0.20664,0.31947,0.54955,-0.07998,3.13684,0.38496,-0.99633,-1.31392,-1.31327,0.32404,0.24329,1.13741,-0.52136,-0.0566,-1.00339,0.01232,-0.09772,-0.05446,-1.63613,-0.18204,-0.18306,0.26778,0.18484,-0.15552,-0.09643
32.46,0.59505,0.19584,0.2311,1.26085,0.43606,-0.40429,-0.14664,0.14779,-0.84505,0.29907,-0.02794,-0,0.02326,-0.0591,-0.12776,0.23054,0.27831,0.56295,-0.09175,3.15617,0.28362,-1.07725,-1.39088,-1.43424,0.27321,0.31831,1.05605,-0.40778,-0.03407,-0.4156,0.07527,-0.10942,-0.05879,-1.622,-0.14337,-0.29661,0.33464,0.16164,-0.15863,-0.09655
32.48,0.5804,0.1907,0.2196,1.32546,0.4058,-0.43436,-0.13135,0.17507,-0.88514,0.32764,-0.01859,-0,-0.00159,-0.04346,-0.14321,0.25038,0.12532,0.52331,-0.11527,3.12278,0.168,-1.13653,-1.46469,-1.55644,0.20222,0.40244,0.95099,-0.2891,0.00481,0.18756,0.12447,-0.11156,-0.05819,-1.59061,-0.10119,-0.39876,0.37924,0.13804,-0.16028,-0.09588
32.5,0.56741,0.18329,0.20973,1.38001,0.3721,-0.45506,-0.1127,0.19327,-0.90772,0.35178,-0.0107,-0,-0.02704,-0.02684,-0.14983,0.26285,-0.10548,0.43121,-0.14298,3.04118,0.0457,-1.1695,-1.52889,-1.66689,0.11677,0.48551,0.83104,-0.17151,0.06102,0.77558,0.15863,-0.10461,-0.05303,-1.54576,-0.05736,-0.48347,0.40375,0.11508,-0.16084,-0.09469
32.52,0.55617,0.17409,0.20139,1.42199,0.33679,-0.46515,-0.09249,0.20224,-0.91154,0.37076,-0.00432,-0,-0.0527,-0.00675,-0.14766,0.26437,-0.35946,0.2938,-0.16423,2.91805,-0.07429,-1.17229,-1.57546,-1.74979,0.02445,0.55545,0.70555,-0.06135,0.13421,1.31643,0.17775,-0.08973,-0.04405,-1.4918,-0.01368,-0.54471,0.41197,0.09365,-0.16074,-0.09327
32.54,0.54665,0.16359,0.19442,1.44946,0.30115,-0.46404,-0.07201,0.20234,-0.89607,0.38415,0.00054,-0,-0.07818,0.01897,-0.13755,0.25254,-0.58051,0.12305,-0.16924,2.76053,-0.18425,-1.14294,-1.59773,-1.79189,-0.06735,0.60234,0.58252,0.0365,0.22324,1.78442,0.18283,-0.06846,-0.03211,-1.43243,0.02843,-0.57863,0.40809,0.07434,-0.16029,-0.09182
32.56,0.53874,0.15219,0.18861,1.46166,0.26569,-0.45199,-0.05186,0.19443,-0.86198,0.39194,0.00394,-0,-0.10288,0.05132,-0.12121,0.22721,-0.72352,-0.06465,-0.15191,2.57568,-0.27915,-1.08231,-1.5924,-1.78616,-0.15253,0.621,0.46772,0.11941,0.32625,2.16423,0.17567,-0.04246,-0.01811,-1.37005,0.06806,-0.58502,0.39592,0.05742,-0.15959,-0.09041
32.58,0.53226,0.14025,0.18376,1.45908,0.23038,-0.43021,-0.03201,0.17995,-0.81141,0.39441,0.00596,-0,-0.12577,0.08958,-0.10128,0.19094,-0.75623,-0.2473,-0.11056,2.37163,-0.35632,-0.99469,-1.55996,-1.73261,-0.22587,0.61144,0.36536,0.18661,0.43989,2.44876,0.15884,-0.0137,-0.003,-1.30613,0.10457,-0.56757,0.37874,0.04292,-0.15845,-0.08893
32.6,0.52706,0.12822,0.17968,1.44319,0.19495,-0.40081,-0.01202,0.16079,-0.748,0.39209,0.00667,-0,-0.14522,0.13134,-0.08124,0.14877,-0.6581,-0.39739,-0.04768,2.15844,-0.41454,-0.88768,-1.50426,-1.63753,-0.28254,0.57813,0.27892,0.23836,0.55881,2.63559,0.13556,0.01545,0.01211,-1.24164,0.13727,-0.5333,0.35934,0.03082,-0.15648,-0.08713
32.62,0.52304,0.11655,0.17625,1.41607,0.15913,-0.36637,0.00865,0.13909,-0.67615,0.38562,0.00615,-0,-0.15938,0.17313,-0.06465,0.10683,-0.42168,-0.48756,0.03125,1.94676,-0.45367,-0.77057,-1.43107,-1.51096,-0.31845,0.52811,0.21083,0.2756,0.67642,2.72558,0.10924,0.04253,0.02607,-1.1773,0.16551,-0.49102,0.33992,0.02102,-0.15315,-0.08472
32.64,0.5201,0.1056,0.17339,1.37993,0.12276,-0.32932,0.0304,0.11666,-0.59989,0.37555,0.00456,-0,-0.16675,0.21151,-0.05393,0.07035,-0.05576,-0.49984,0.11943,1.74481,-0.47468,-0.65164,-1.34599,-1.36326,-0.33142,0.46846,0.1614,0.29992,0.78642,2.72303,0.08284,0.06551,0.03794,-1.11351,0.18903,-0.44918,0.32188,0.0134,-0.14799,-0.08142
32.66,0.51813,0.0956,0.17102,1.33698,0.08603,-0.29167,0.05322,0.09487,-0.52237,0.36235,0.00217,-0,-0.16657,0.24372,-0.04953,0.04235,0.41082,-0.43212,0.20961,1.55708,-0.47957,-0.53686,-1.25343,-1.20334,-0.32195,0.40481,0.12819,0.31346,0.88354,2.63624,0.0585,0.08316,0.04715,-1.05058,0.2081,-0.41461,0.30575,0.00771,-0.14069,-0.07703
32.68,0.51706,0.08672,0.16913,1.28965,0.04981,-0.25513,0.07641,0.07465,-0.44631,0.34644,-0.00062,-0,-0.1589,0.26755,-0.04981,0.0235,0.925,-0.30012,0.29358,1.3854,-0.47132,-0.43033,-1.157,-1.0393,-0.2934,0.34139,0.10617,0.31877,0.9629,2.47782,0.03763,0.09488,0.05339,-0.98925,0.22341,-0.39244,0.29129,0.00369,-0.1312,-0.07152
32.7,0.51682,0.07914,0.16775,1.24083,0.01576,-0.22145,0.09857,0.05676,-0.37449,0.3283,-0.00329,-0,-0.14454,0.28114,-0.05133,0.01259,1.41042,-0.13535,0.36188,1.23052,-0.45361,-0.33523,-1.06005,-0.87941,-0.25166,0.28155,0.08838,0.3186,1.01941,2.26455,0.02115,0.1006,0.05657,-0.931,0.23587,-0.38643,0.27765,0.00109,-0.11971,-0.06501
32.72,0.51737,0.07305,0.16695,1.1934,-0.01412,-0.19222,0.11798,0.04171,-0.30944,0.30839,-0.00522,-0,-0.12471,0.28311,-0.04986,0.00727,1.78277,0.02352,0.40511,1.09233,-0.43019,-0.25392,-0.96546,-0.73128,-0.20367,0.22777,0.06723,0.31559,1.04834,2.01499,0.00962,0.10052,0.0567,-0.87738,0.24642,-0.39917,0.26335,-0.00031,-0.10661,-0.05771
32.74,0.51861,0.06861,0.16679,1.14944,-0.03845,-0.1685,0.13336,0.02977,-0.25262,0.28705,-0.0059,-0,-0.10069,0.27296,-0.0418,0.00486,1.97462,0.1432,0.41644,0.96927,-0.40406,-0.18746,-0.87478,-0.59986,-0.15552,0.18144,0.03632,0.31203,1.04673,1.7459,0.00322,0.09496,0.05388,-0.82884,0.25588,-0.43211,0.24622,-0.00075,-0.09223,-0.04981
32.76,0.52034,0.0659,0.1673,1.10981,-0.05698,-0.15058,0.14428,0.02089,-0.20397,0.26445,-0.00493,-0,-0.07361,0.25142,-0.02518,0.00302,1.95213,0.20417,0.39327,0.85832,-0.37698,-0.13548,-0.78791,-0.48649,-0.11117,0.1428,-0.00824,0.30958,1.0144,1.47082,0.00188,0.0843,0.04824,-0.78394,0.26479,-0.48538,0.22346,-0.00047,-0.07683,-0.04145
32.78,0.52229,0.06496,0.16842,1.07437,-0.07062,-0.13808,0.15122,0.01477,-0.16222,0.2408,-0.00208,-0,-0.04463,0.22067,-4e-05,-0.00014,1.7188,0.20215,0.33775,0.7558,-0.34952,-0.09661,-0.70375,-0.38953,-0.0725,0.11127,-0.06725,0.30933,0.95441,1.20174,0.00523,0.06899,0.04002,-0.7396,0.27334,-0.55744,0.19171,0.00025,-0.06066,-0.03274
32.8,0.52404,0.0658,0.1701,1.04235,-0.08113,-0.13022,0.15534,0.011,-0.1254,0.21643,0.00272,-0,-0.01509,0.18427,0.03168,-0.00601,1.31174,0.14614,0.25645,0.65835,-0.32137,-0.06899,-0.62091,-0.3056,-0.03983,0.08581,-0.13838,0.3118,0.87275,0.95092,0.0127,0.04964,0.02953,-0.69153,0.28135,-0.64479,0.14731,0.00111,-0.04407,-0.02386
32.82,0.52514,0.06841,0.1722,1.01278,-0.09057,-0.12599,0.15805,0.0091,-0.0913,0.19173,0.00937,-0,0.01358,0.14644,0.06677,-0.01544,0.78981,0.05365,0.15876,0.56301,-0.29159,-0.05059,-0.53796,-0.2306,-0.01259,0.06516,-0.21748,0.31703,0.77687,0.73007,0.02352,0.02699,0.01721,-0.63482,0.2885,-0.74199,0.08616,0.00173,-0.02755,-0.01504
32.84,0.52515,0.07271,0.17459,0.9848,-0.10072,-0.12438,0.16046,0.00864,-0.05787,0.16688,0.01753,-0,0.04019,0.11101,0.1018,-0.02873,0.21719,-0.05578,0.05468,0.46693,-0.25883,-0.03947,-0.45347,-0.16068,0.01007,0.04799,-0.30052,0.32476,0.67339,0.54781,0.03678,0.00192,0.00352,-0.56453,0.2948,-0.84185,0.00375,0.00166,-0.01172,-0.00657
32.86,0.52369,0.0785,0.17711,0.95798,-0.11256,-0.12458,0.16298,0.00924,-0.02356,0.14174,0.02665,-0,0.06384,0.0807,0.13366,-0.04553,-0.34581,-0.16451,-0.04637,0.36741,-0.22167,-0.03388,-0.36625,-0.09303,0.02868,0.03299,-0.38464,0.33444,0.56699,0.40839,0.05142,-0.02451,-0.01095,-0.47642,0.30079,-0.93532,-0.10463,0.00034,0.00269,0.00118
32.88,0.5205,0.08545,0.17957,0.93264,-0.12607,-0.12598,0.16522,0.0106,0.01227,0.11603,0.03585,-0,0.08381,0.0573,0.15945,-0.06468,-0.84078,-0.25701,-0.13504,0.26268,-0.17889,-0.03238,-0.27605,-0.0267,0.04321,0.01909,-0.46782,0.34518,0.46088,0.31257,0.06607,-0.05085,-0.02546,-0.36767,0.30761,-1.01061,-0.24309,-0.00292,0.01471,0.00772
32.9,0.51539,0.09304,0.18174,0.90993,-0.14029,-0.12818,0.16604,0.01251,0.04925,0.0895,0.04389,-0,0.0994,0.04177,0.1764,-0.08428,-1.20935,-0.31947,-0.20172,0.15243,-0.12975,-0.03385,-0.18406,0.0372,0.05292,0.00549,-0.5482,0.35577,0.35762,0.25896,0.07903,-0.07511,-0.03899,-0.2374,0.31682,-1.05325,-0.41431,-0.00885,0.02305,0.01238
32.92,0.50822,0.10064,0.18334,0.89145,-0.15365,-0.13089,0.16392,0.01483,0.08638,0.0619,0.04943,-0,0.11011,0.03412,0.18224,-0.10208,-1.40266,-0.34149,-0.23819,0.03701,-0.0738,-0.03735,-0.09216,0.09645,0.05667,-0.00835,-0.62401,0.36482,0.25934,0.24461,0.08853,-0.09519,-0.05042,-0.08636,0.32991,-1.04872,-0.61916,-0.01803,0.02652,0.01454
32.94,0.4989,0.10769,0.18411,0.87862,-0.16469,-0.13381,0.15748,0.01746,0.12274,0.03288,0.05138,-0,0.11605,0.03289,0.17608,-0.11634,-1.39816,-0.31917,-0.2406,-0.0841,-0.01049,-0.04185,-0.00153,0.14947,0.05332,-0.02285,-0.69383,0.37114,0.16754,0.2649,0.09318,-0.10946,-0.0589,0.08389,0.3476,-0.98698,-0.85645,-0.03056,0.02459,0.01392
32.96,0.48735,0.1137,0.18383,0.87222,-0.17243,-0.13659,0.14587,0.02034,0.15794,0.00189,0.04917,-0,0.11821,0.03486,0.15902,-0.12624,-1.21187,-0.25741,-0.21156,-0.21298,0.06088,-0.04606,0.08804,0.19635,0.04211,-0.03844,-0.75662,0.3739,0.08318,0.31332,0.09224,-0.11723,-0.06401,0.2709,0.36933,-0.86595,-1.12191,-0.0458,0.01781,0.01079
32.98,0.47361,0.11828,0.1823,0.87231,-0.17639,-0.13869,0.12894,0.02342,0.19191,-0.03151,0.04278,-0,0.11851,0.03489,0.13441,-0.13196,-0.90233,-0.17092,-0.16085,-0.35248,0.14063,-0.04832,0.1777,0.23876,0.02278,-0.05539,-0.81113,0.37272,0.00741,0.38116,0.08569,-0.11875,-0.06577,0.46996,0.39295,-0.69305,-1.40607,-0.0622,0.00796,0.00605
33,0.45792,0.12105,0.17936,0.87846,-0.17653,-0.13946,0.10724,0.02663,0.22462,-0.06745,0.03272,-0,0.1196,0.02636,0.1076,-0.13447,-0.56477,-0.08292,-0.10443,-0.50537,0.22821,-0.0465,0.26874,0.27948,-0.00432,-0.07376,-0.85558,0.36751,-0.05789,0.4577,0.07417,-0.11503,-0.06457,0.67315,0.41479,-0.48473,-1.69295,-0.07733,-0.00208,0.00116
33.02,0.4406,0.12172,0.17487,0.8899,-0.17313,-0.1382,0.08183,0.02982,0.25598,-0.10579,0.01988,-0,0.12407,0.00265,0.08469,-0.13513,-0.30603,-0.01916,-0.06018,-0.67457,0.32204,-0.03769,0.36251,0.32203,-0.0381,-0.0935,-0.88803,0.3584,-0.11053,0.53189,0.05871,-0.10753,-0.06101,0.87075,0.43057,-0.26191,-1.96267,-0.08839,-0.00901,-0.00219
33.04,0.42199,0.12017,0.16872,0.90594,-0.16671,-0.13426,0.0539,0.03271,0.28591,-0.14625,0.00525,-0,0.13347,-0.04066,0.07053,-0.13517,-0.20747,0.00099,-0.04174,-0.8641,0.4197,-0.01783,0.46055,0.37043,-0.07646,-0.11472,-0.90729,0.34553,-0.14905,0.59506,0.04038,-0.09776,-0.05575,1.0542,0.43674,-0.0429,-2.19626,-0.09312,-0.0101,-0.00262
33.06,0.40236,0.11654,0.16082,0.92606,-0.15798,-0.1272,0.02463,0.03483,0.31427,-0.18841,-0.01018,-0,0.14753,-0.10404,0.06752,-0.13528,-0.29951,-0.02923,-0.05426,-1.07897,0.51766,0.01854,0.56445,0.42879,-0.1161,-0.13772,-0.91351,0.32898,-0.17338,0.64248,0.02008,-0.08699,-0.04944,1.21755,0.43146,0.16069,-2.37845,-0.09032,-0.00392,0.00062
33.08,0.3821,0.11126,0.15118,0.94984,-0.14793,-0.11681,-0.00462,0.03553,0.34059,-0.23133,-0.02532,-0,0.16384,-0.18317,0.07526,-0.1356,-0.55482,-0.1023,-0.09325,-1.32375,0.61048,0.07806,0.67496,0.50087,-0.15205,-0.16289,-0.90827,0.30887,-0.18476,0.67346,-0.00128,-0.07627,-0.04273,1.35653,0.41485,0.34339,-2.49669,-0.08004,0.00953,0.00755
33.1,0.36179,0.10502,0.13992,0.97681,-0.13778,-0.10321,-0.03219,0.03395,0.36398,-0.27338,-0.03889,-0,0.17813,-0.26916,0.09097,-0.13569,-0.89507,-0.19808,-0.14575,-1.60091,0.69042,0.16803,0.79137,0.58943,-0.17779,-0.19049,-0.89433,0.28549,-0.18536,0.69055,-0.02266,-0.06662,-0.03632,1.46728,0.38876,0.50383,-2.53983,-0.06345,0.02886,0.01747
33.12,0.34214,0.09861,0.12725,1.00651,-0.12886,-0.08681,-0.05628,0.02923,0.38323,-0.3125,-0.0495,-0,0.1856,-0.3508,0.11075,-0.13456,-1.21595,-0.29008,-0.19451,-1.91075,0.74876,0.2951,0.91163,0.69523,-0.18648,-0.22041,-0.87507,0.25937,-0.17785,0.69831,-0.04268,-0.05935,-0.03111,1.54666,0.35599,0.64275,-2.49894,-0.04246,0.05193,0.02933
33.14,0.32368,0.09264,0.11335,1.03859,-0.1222,-0.0683,-0.07556,0.02076,0.3973,-0.34685,-0.05583,-0,0.18282,-0.41817,0.13125,-0.13083,-1.42356,-0.35465,-0.22404,-2.25202,0.77816,0.46343,1.03314,0.81593,-0.17314,-0.25201,-0.85378,0.23133,-0.16479,0.70184,-0.05941,-0.05639,-0.0283,1.59345,0.31919,0.76137,-2.36958,-0.0192,0.07667,0.04211
33.16,0.30672,0.0874,0.09832,1.0728,-0.11843,-0.04874,-0.08938,0.00844,0.40559,-0.37513,-0.05676,-0,0.16921,-0.46494,0.15089,-0.12275,-1.45888,-0.37711,-0.22471,-2.62116,0.77431,0.67268,1.15287,0.94479,-0.13616,-0.28388,-0.83322,0.20261,-0.14839,0.70573,-0.07024,-0.06064,-0.02948,1.60922,0.28023,0.85979,-2.15415,0.00428,0.10154,0.05506
33.18,0.29136,0.08284,0.08227,1.10873,-0.11766,-0.02973,-0.09773,-0.00723,0.40788,-0.39644,-0.05133,-0,0.14739,-0.48848,0.1699,-0.10826,-1.30334,-0.35304,-0.19375,-3.00946,0.7363,0.91616,1.26642,1.06942,-0.07789,-0.31347,-0.8157,0.17514,-0.13051,0.71374,-0.07169,-0.07599,-0.03666,1.59825,0.24031,0.93585,-1.86378,0.0259,0.12548,0.06767
33.2,0.27772,0.07866,0.06548,1.14558,-0.11964,-0.01339,-0.1011,-0.02512,0.40427,-0.41005,-0.03876,-0,0.12297,-0.48922,0.1901,-0.08519,-0.97476,-0.28713,-0.13456,-3.40114,0.66618,1.18014,1.36741,1.17191,-0.00447,-0.33716,-0.80322,0.15157,-0.11286,0.72886,-0.0594,-0.10729,-0.05228,1.56697,0.20031,0.98471,-1.51852,0.04343,0.14773,0.07961
33.22,0.26587,0.07441,0.04824,1.1823,-0.12384,-0.00208,-0.1002,-0.04376,0.39514,-0.4154,-0.01844,-0,0.10331,-0.46958,0.2142,-0.05165,-0.51585,-0.19025,-0.05478,-3.77644,0.56807,1.44689,1.44846,1.23299,0.07588,-0.35105,-0.79747,0.13487,-0.0972,0.75333,-0.02828,-0.16002,-0.07906,1.52253,0.16112,1.00065,-1.14316,0.05473,0.16773,0.09061
33.24,0.25579,0.06967,0.03073,1.21789,-0.12964,0.00231,-0.0958,-0.06186,0.38113,-0.41232,0.00994,-0,0.09569,-0.43293,0.24506,-0.00664,0.02151,-0.07537,0.0364,-4.11778,0.44678,1.6999,1.50316,1.23884,0.15523,-0.35236,-0.79972,0.12742,-0.08564,0.78873,0.0271,-0.2399,-0.11988,1.47089,0.12377,0.98012,-0.76035,0.05821,0.18515,0.10055
33.26,0.24733,0.06412,0.01292,1.25153,-0.1364,-0.00124,-0.08853,-0.07853,0.36325,-0.40121,0.04629,-0,0.10612,-0.38289,0.28497,0.0493,0.58498,0.04468,0.12975,-4.41298,0.30747,1.92676,1.5274,1.1858,0.22738,-0.34045,-0.81069,0.13047,-0.08085,0.83592,0.11196,-0.35225,-0.17747,1.41576,0.0898,0.92407,-0.38724,0.05318,0.19992,0.10941
33.28,0.24028,0.05765,-0.00527,1.28234,-0.14345,-0.01274,-0.07893,-0.09328,0.34301,-0.38309,0.08979,-0,0.13895,-0.32359,0.33524,0.11363,1.11987,0.15696,0.21571,-4.65365,0.15644,2.11797,1.51942,1.08183,0.28765,-0.31713,-0.83048,0.14396,-0.08616,0.89467,0.23072,-0.50109,-0.25397,1.35865,0.06151,0.83887,-0.0374,0.03992,0.21203,0.11718
33.3,0.23443,0.05036,-0.02391,1.30917,-0.15005,-0.0313,-0.06746,-0.10582,0.32246,-0.35966,0.13877,-0,0.19689,-0.25981,0.39594,0.18164,1.56685,0.24795,0.28402,-4.8328,0.00193,2.26529,1.47934,0.94537,0.33231,-0.28636,-0.85853,0.16671,-0.10551,0.96338,0.3861,-0.68808,-0.35038,1.29949,0.04207,0.7358,0.27639,0.01959,0.22143,0.12381
33.32,0.22959,0.0425,-0.04301,1.33068,-0.15546,-0.05547,-0.05451,-0.11605,0.30391,-0.33301,0.19098,-0,0.28115,-0.19639,0.46599,0.24758,1.86917,0.30525,0.32521,-4.94448,-0.14711,2.36191,1.40867,0.80028,0.3586,-0.25329,-0.89353,0.19678,-0.14287,1.03898,0.57771,-0.91102,-0.46583,1.23706,0.03471,0.62819,0.54273,-0.00609,0.22804,0.12921
33.34,0.22555,0.03433,-0.06268,1.34581,-0.15911,-0.08366,-0.04029,-0.12408,0.28952,-0.30526,0.24435,-0,0.39147,-0.13721,0.54333,0.30649,1.98632,0.32068,0.33313,-4.974,-0.28317,2.40408,1.30993,0.66844,0.3652,-0.22264,-0.93345,0.23205,-0.20138,1.11702,0.80036,-1.16218,-0.5967,1.16954,0.04129,0.52707,0.75423,-0.03537,0.23181,0.13327
33.36,0.2221,0.0261,-0.08314,1.3539,-0.16069,-0.1144,-0.02487,-0.13023,0.28093,-0.27845,0.29712,-0,0.52571,-0.08464,0.62491,0.35532,1.90341,0.29249,0.30688,-4.9547,-0.40137,2.39229,1.18671,0.56508,0.35249,-0.19778,-0.97529,0.27051,-0.2825,1.19144,1.042,-1.42617,-0.73556,1.09504,0.06134,0.4385,0.9088,-0.06671,0.23274,0.13591
33.38,0.219,0.01802,-0.10458,1.35472,-0.16011,-0.14613,-0.00825,-0.13497,0.27937,-0.25465,0.34761,-0,0.67887,-0.03983,0.70596,0.39272,1.63353,0.22596,0.25127,-4.85652,-0.4988,2.33136,1.04454,0.4985,0.32275,-0.18067,-1.01477,0.30999,-0.38526,1.25396,1.28138,-1.67737,-0.86982,1.0123,0.09166,0.36357,1.00864,-0.09859,0.23089,0.13703
33.4,0.21605,0.01042,-0.12701,1.34836,-0.15753,-0.17708,0.00947,-0.13886,0.28566,-0.23613,0.384,-0,0.84261,-0.0032,0.77977,0.41864,1.21481,0.13263,0.1763,-4.69724,-0.57343,2.22996,0.8914,0.47107,0.27992,-0.17211,-1.04626,0.348,-0.50616,1.29397,1.48813,-1.87976,-0.98155,0.92112,0.1266,0.29961,1.05855,-0.12931,0.22635,0.13653
33.42,0.21308,0.00361,-0.15031,1.33511,-0.15324,-0.20546,0.02813,-0.14241,0.30019,-0.22517,0.384,-0,1.00707,0.02513,0.83891,0.43385,0.6997,0.02692,0.09445,-4.48522,-0.62386,2.0987,0.7364,0.47996,0.22889,-0.17173,-1.06378,0.38199,-0.64087,1.30038,1.62941,-1.99324,-1.05041,0.82197,0.15937,0.24204,1.06489,-0.15703,0.21919,0.13425
33.44,0.20985,-0.0021,-0.17446,1.31545,-0.14762,-0.23001,0.04747,-0.14602,0.32282,-0.22354,0.384,-0,1.16408,0.04511,0.87744,0.43978,0.13957,-0.07869,0.01687,-4.2286,-0.64947,1.94768,0.58732,0.51738,0.17432,-0.17789,-1.06272,0.40985,-0.78697,1.2647,1.68094,-1.9844,-1.05874,0.71514,0.18412,0.18655,1.03491,-0.18005,0.20942,0.13004
33.46,0.20607,-0.00653,-0.19956,1.29007,-0.14108,-0.2502,0.06718,-0.14985,0.35265,-0.23218,0.384,-0,1.30887,0.05649,0.89236,0.43827,-0.42365,-0.17662,-0.04903,-3.93501,-0.6506,1.78533,0.44949,0.57061,0.12014,-0.18756,-1.041,0.4303,-0.94534,1.18348,1.63467,-1.83427,-0.99516,0.60048,0.19721,0.13076,0.97661,-0.19683,0.19702,0.12375
33.48,0.20142,-0.00953,-0.22562,1.26008,-0.13413,-0.26618,0.08668,-0.15376,0.38778,-0.2511,0.384,-0,1.43938,0.05871,0.88382,0.43156,-0.95552,-0.26424,-0.09964,-3.6135,-0.62847,1.61928,0.32648,0.62159,0.06978,-0.19621,-0.99948,0.44274,-1.1194,1.05933,1.50073,-1.54087,-0.8557,0.47822,0.19748,0.07514,0.899,-0.20591,0.18198,0.11532
33.5,0.19555,-0.011,-0.25247,1.22711,-0.12738,-0.27855,0.10501,-0.15736,0.42524,-0.27941,0.384,-0,1.55493,0.05081,0.85452,0.42215,-1.42529,-0.3428,-0.13437,-3.27618,-0.58498,1.45743,0.22123,0.64785,0.02643,-0.19808,-0.94167,0.44699,-1.31293,0.90046,1.30501,-1.11886,-0.64381,0.34967,0.18581,0.02296,0.81213,-0.20583,0.1644,0.10478
33.52,0.18814,-0.01086,-0.27973,1.19316,-0.12138,-0.28814,0.12083,-0.16009,0.46137,-0.31564,0.384,-0,1.65555,0.03188,0.80853,0.41251,-1.80819,-0.41666,-0.15477,-2.93649,-0.52251,1.30727,0.136,0.62727,-0.00746,-0.18741,-0.87212,0.4431,-1.52628,0.71724,1.07979,-0.59571,-0.36951,0.21692,0.16438,-0.02115,0.72598,-0.19533,0.14453,0.09227
33.54,0.17887,-0.00908,-0.30705,1.16029,-0.11641,-0.29583,0.1326,-0.16144,0.49262,-0.35821,0.384,-0,1.74174,0.00171,0.74959,0.40453,-2.09142,-0.49255,-0.16354,-2.60533,-0.44361,1.17431,0.07167,0.54546,-0.03127,-0.16031,-0.79408,0.43107,-1.75147,0.5169,0.85034,-0.00611,-0.0483,0.08182,0.13551,-0.05362,0.64849,-0.17386,0.12265,0.07801
33.56,0.16749,-0.00574,-0.33414,1.13045,-0.11232,-0.30241,0.13861,-0.16107,0.51596,-0.40556,0.384,-0,1.81406,-0.03861,0.6802,0.39923,-2.27778,-0.57885,-0.16391,-2.28949,-0.35113,1.06127,0.02734,0.40114,-0.0469,-0.11612,-0.70818,0.4108,-1.96807,0.30069,0.62651,0.6097,0.29845,-0.05425,0.1011,-0.07356,0.58457,-0.14196,0.09919,0.06232
33.58,0.15389,-0.00102,-0.36057,1.10573,-0.10853,-0.30851,0.13692,-0.15886,0.52873,-0.45584,0.384,-0,1.87242,-0.08627,0.60192,0.39674,-2.3848,-0.6848,-0.15946,-1.99371,-0.24893,0.96888,0.00064,0.2085,-0.05879,-0.05812,-0.61275,0.38213,-2.14029,0.06465,0.40213,1.20175,0.64083,-0.18942,0.06265,-0.083,0.53635,-0.10159,0.07483,0.04575
33.6,0.13817,0.00475,-0.38559,1.08848,-0.10414,-0.31452,0.12542,-0.15486,0.52853,-0.50668,0.384,-0,1.9156,-0.13672,0.51591,0.3964,-2.44069,-0.81933,-0.15399,-1.72301,-0.14224,0.89683,-0.01169,-0.00405,-0.07334,0.00675,-0.50459,0.34501,-2.21874,-0.19821,0.15905,1.70868,0.93985,-0.32049,0.02159,-0.08624,0.50381,-0.05612,0.0507,0.02914
33.62,0.12057,0.01118,-0.40828,1.08102,-0.09812,-0.32061,0.10204,-0.14921,0.51329,-0.55541,0.384,-0,1.94164,-0.18469,0.42327,0.39688,-2.47541,-0.98873,-0.15113,-1.48241,-0.03677,0.84422,-0.0132,-0.20166,-0.0973,0.06976,-0.37985,0.29945,-2.15295,-0.49576,-0.12426,2.06866,1.15507,-0.44345,-0.0207,-0.08852,0.4855,-0.00961,0.02805,0.01345
33.64,0.10139,0.01785,-0.42784,1.08497,-0.08971,-0.32684,0.0653,-0.14197,0.48164,-0.59971,0.384,-0,1.94875,-0.22578,0.3253,0.39647,-2.50893,-1.19363,-0.15387,-1.27483,0.06309,0.80943,-0.00707,-0.35503,-0.13533,0.12333,-0.23483,0.2454,-1.91106,-0.83437,-0.46117,2.23863,1.25755,-0.55508,-0.06286,-0.094,0.47899,0.03447,0.00782,-0.0006
33.66,0.08094,0.02438,-0.44378,1.1008,-0.0786,-0.33315,0.01475,-0.1331,0.43331,-0.63787,0.384,-0,1.93602,-0.25748,0.22397,0.39315,-2.54308,-1.42616,-0.16417,-1.10028,0.15514,0.79019,0.00419,-0.44816,-0.18832,0.16289,-0.06713,0.18292,-1.49463,-1.21621,-0.84775,2.20733,1.23861,-0.6536,-0.10343,-0.10443,0.48125,0.07393,-0.00965,-0.01268
33.68,0.05968,0.03034,-0.45579,1.12763,-0.06513,-0.33933,-0.04857,-0.12244,0.36948,-0.66854,0.384,-0,1.90365,-0.27912,0.12279,0.38469,-2.55902,-1.66752,-0.18277,-0.95713,0.2389,0.78375,0.01884,-0.47949,-0.25256,0.18699,0.1229,0.11258,-0.94507,-1.63572,-1.25757,1.99832,1.11189,-0.73807,-0.14054,-0.11873,0.48875,0.10771,-0.02451,-0.02285
33.7,0.03838,0.03528,-0.46365,1.16325,-0.05029,-0.34498,-0.12191,-0.10983,0.29298,-0.69047,0.384,-0,1.85273,-0.29145,0.02725,0.36875,-2.52028,-1.88806,-0.20926,-0.84348,0.31469,0.78711,0.03576,-0.45957,-0.31994,0.19673,0.33133,0.03594,-0.3406,-2.07772,-1.64235,1.66542,0.91046,-0.80759,-0.17166,-0.1333,0.49762,0.1355,-0.03724,-0.03141
33.72,0.01793,0.03874,-0.4672,1.20477,-0.03554,-0.34962,-0.20146,-0.09513,0.20753,-0.70256,0.384,-0,1.78459,-0.29598,-0.05644,0.34324,-2.38472,-2.05382,-0.24216,-0.75726,0.38313,0.79716,0.05415,-0.40588,-0.38029,0.19475,0.55187,-0.04467,0.22441,-2.52029,-1.94464,1.27744,0.6771,-0.86122,-0.19415,-0.14346,0.50407,0.15745,-0.0485,-0.03878
33.74,-0.00091,0.04043,-0.46646,1.2494,-0.02253,-0.35278,-0.28332,-0.07817,0.11664,-0.70417,0.384,-0,1.69976,-0.29427,-0.12373,0.30692,-2.12244,-2.13734,-0.27913,-0.69535,0.44469,0.81068,0.07329,-0.33598,-0.42484,0.18408,0.77843,-0.12667,0.67131,-2.94062,-2.11809,0.89653,0.45055,-0.89839,-0.20608,-0.14546,0.50514,0.17399,-0.0589,-0.04537
33.76,-0.01766,0.04028,-0.46175,1.29489,-0.01287,-0.35411,-0.36396,-0.05887,0.02311,-0.69537,0.384,-0,1.59762,-0.28741,-0.17309,0.25992,-1.72925,-2.12488,-0.31703,-0.65306,0.49929,0.82431,0.09216,-0.26306,-0.44851,0.1674,1.00611,-0.20726,0.95773,-3.31775,-2.14119,0.56457,0.25672,-0.91912,-0.20689,-0.13801,0.49912,0.18563,-0.06895,-0.05151
33.78,-0.03202,0.03851,-0.45365,1.33932,-0.00826,-0.35341,-0.43971,-0.03737,-0.07041,-0.67701,0.384,-0,1.47703,-0.27593,-0.20602,0.20421,-1.23272,-2.0181,-0.35156,-0.62444,0.54573,0.83443,0.1093,-0.19538,-0.45034,0.14701,1.22969,-0.28286,1.08029,-3.63022,-2.02014,0.30233,0.10807,-0.92386,-0.19749,-0.12267,0.48579,0.19282,-0.07887,-0.05737
33.8,-0.04374,0.03556,-0.44308,1.38078,-0.01044,-0.35057,-0.50629,-0.01413,-0.16079,-0.65067,0.384,-0,1.33704,-0.25992,-0.22626,0.14368,-0.6904,-1.8323,-0.37732,-0.60286,0.58145,0.83719,0.12272,-0.13709,-0.43278,0.12483,1.44222,-0.34868,1.06809,-3.85385,-1.78527,0.11366,0.00614,-0.91327,-0.18004,-0.10348,0.4662,0.19584,-0.0886,-0.06292
33.82,-0.05262,0.03197,-0.43109,1.41743,-0.02102,-0.34557,-0.55931,0.01021,-0.24482,-0.61821,0.36383,-0,1.17701,-0.23913,-0.23881,0.08332,-0.1739,-1.59062,-0.38886,-0.5819,0.60321,0.82892,0.13038,-0.08926,-0.40048,0.10247,1.63601,-0.39942,0.96895,-3.96447,-1.48039,-0.00882,-0.05471,-0.88825,-0.15727,-0.08568,0.44232,0.19488,-0.09788,-0.06803
33.84,-0.05862,0.02829,-0.41873,1.44786,-0.04108,-0.33851,-0.59537,0.03508,-0.32019,-0.58121,0.33345,-0,0.99637,-0.21317,-0.24866,0.02782,0.25595,-1.31602,-0.38244,-0.55645,0.60846,0.80693,0.13094,-0.05107,-0.35858,0.08104,1.80522,-0.43074,0.83134,-3.94425,-1.14799,-0.07742,-0.08307,-0.85012,-0.13161,-0.07376,0.41634,0.19015,-0.10652,-0.07254
33.86,-0.0619,0.0249,-0.40687,1.47127,-0.07077,-0.3296,-0.61286,0.0601,-0.38596,-0.54064,0.29745,-0,0.79512,-0.18181,-0.26,-0.01924,0.56485,-1.02682,-0.35735,-0.52351,0.59623,0.77007,0.12429,-0.0207,-0.31175,0.06118,1.94715,-0.44022,0.69264,-3.78639,-0.82032,-0.105,-0.08754,-0.80091,-0.10458,-0.07023,0.39036,0.18203,-0.11447,-0.07643
33.88,-0.06281,0.02209,-0.39636,1.48728,-0.10909,-0.31927,-0.61189,0.08493,-0.44216,-0.4971,0.25591,-0,0.57537,-0.1452,-0.27583,-0.05519,0.74641,-0.7376,-0.31632,-0.4826,0.56739,0.71912,0.11168,0.00422,-0.26429,0.04321,2.0614,-0.42743,0.57706,-3.49702,-0.51954,-0.10346,-0.0759,-0.74384,-0.07694,-0.07522,0.36643,0.17112,-0.12187,-0.07971
33.9,-0.06183,0.02004,-0.38804,1.49571,-0.15381,-0.30812,-0.59393,0.10904,-0.48915,-0.45112,0.20969,-0,0.34246,-0.1041,-0.29799,-0.07793,0.81688,-0.4614,-0.26524,-0.4357,0.52457,0.65683,0.09563,0.0263,-0.2204,0.02726,2.14856,-0.39368,0.49747,-3.09465,-0.26057,-0.08329,-0.05489,-0.68333,-0.04886,-0.08692,0.34675,0.1583,-0.12889,-0.08245
33.92,-0.05949,0.01884,-0.38272,1.49649,-0.20205,-0.29682,-0.56118,0.13181,-0.52737,-0.40318,0.16011,-0,0.10368,-0.05979,-0.32724,-0.08599,0.80563,-0.20967,-0.21152,-0.38611,0.47148,0.58696,0.07917,0.04851,-0.18412,0.01334,2.20958,-0.34154,0.45797,-2.60527,-0.05245,-0.05318,-0.03004,-0.62433,-0.02023,-0.10242,0.33334,0.1445,-0.13569,-0.08474
33.94,-0.05628,0.01846,-0.38104,1.48966,-0.25125,-0.28578,-0.51583,0.15257,-0.55728,-0.35351,0.10836,-0,-0.1346,-0.01386,-0.36344,-0.07897,0.74346,0.00913,-0.1616,-0.33668,0.41197,0.51288,0.0649,0.0743,-0.15896,0.00122,2.24565,-0.27432,0.45682,-2.05506,0.10154,-0.01965,-0.0054,-0.57092,0.00914,-0.11905,0.32754,0.13053,-0.14233,-0.08661
33.96,-0.05257,0.01872,-0.38338,1.47543,-0.29961,-0.27497,-0.4597,0.17072,-0.57923,-0.30223,0.05524,-0,-0.36796,0.03182,-0.40556,-0.05791,0.65495,0.18987,-0.11944,-0.28874,0.34965,0.43683,0.05429,0.10774,-0.14765,-0.00955,2.2582,-0.19601,0.48842,-1.46747,0.20339,0.01305,0.01659,-0.52559,0.03928,-0.13522,0.32959,0.11692,-0.1487,-0.08807
33.98,-0.04868,0.0193,-0.38983,1.45424,-0.3459,-0.264,-0.39457,0.18557,-0.59324,-0.24965,0.00153,-0,-0.59249,0.0747,-0.45135,-0.02545,0.55695,0.32938,-0.08645,-0.24219,0.28823,0.36033,0.04764,0.15326,-0.15229,-0.01958,2.24857,-0.11174,0.54365,-0.86672,0.25924,0.04275,0.03487,-0.48937,0.06976,-0.15053,0.3386,0.10399,-0.15443,-0.08908
34,-0.04485,0.01977,-0.40023,1.42688,-0.38903,-0.2522,-0.32249,0.19619,-0.59888,-0.19667,-0.0517,-0,-0.80322,0.11146,-0.4973,0.01424,0.45966,0.42496,-0.06207,-0.19604,0.23183,0.28474,0.04424,0.21516,-0.17432,-0.02953,2.21785,-0.02814,0.61025,-0.28129,0.27804,0.06891,0.04953,-0.46237,0.09954,-0.16552,0.3526,0.09195,-0.1589,-0.0895
34.02,-0.04126,0.01962,-0.41424,1.39439,-0.42791,-0.23877,-0.24572,0.20168,-0.59553,-0.14456,-0.10314,-0,-0.99479,0.13862,-0.53944,0.05633,0.36789,0.47468,-0.04441,-0.14893,0.18434,0.21139,0.04286,0.29638,-0.21405,-0.03996,2.16647,0.04778,0.67479,0.25905,0.26989,0.09203,0.06133,-0.44417,0.12726,-0.18138,0.36892,0.08097,-0.16138,-0.08918
34.04,-0.03807,0.01843,-0.43154,1.358,-0.46152,-0.22295,-0.16634,0.20147,-0.58289,-0.09444,-0.15171,-0,-1.16372,0.15387,-0.57476,0.09663,0.2827,0.47884,-0.03109,-0.0998,0.14819,0.14139,0.04224,0.3969,-0.26982,-0.05128,2.09397,0.11043,0.72563,0.73051,0.24429,0.1128,0.07114,-0.43424,0.15182,-0.19949,0.38465,0.07108,-0.16126,-0.08796
34.06,-0.03534,0.01587,-0.45185,1.31913,-0.48883,-0.20415,-0.08623,0.19561,-0.56137,-0.0471,-0.19666,-0,-1.30942,0.15682,-0.6021,0.13232,0.20272,0.44106,-0.01981,-0.04839,0.12366,0.07567,0.0415,0.51222,-0.33717,-0.06356,1.99903,0.15683,0.75478,1.11884,0.20908,0.13159,0.07957,-0.43216,0.17267,-0.22112,0.39687,0.06222,-0.15822,-0.08573
34.08,-0.03314,0.01178,-0.47479,1.27976,-0.50857,-0.18212,-0.0077,0.18488,-0.53241,-0.00331,-0.23726,-0,-1.43328,0.14925,-0.62212,0.1619,0.1251,0.3687,-0.00855,0.00416,0.10883,0.0156,0.04023,0.6321,-0.40818,-0.07646,1.88016,0.18642,0.75809,1.41699,0.1704,0.1481,0.08674,-0.43781,0.18973,-0.2472,0.4027,0.05429,-0.15228,-0.08248
34.1,-0.03153,0.00617,-0.49978,1.24252,-0.51912,-0.15709,0.06606,0.1707,-0.49837,0.0359,-0.27251,-0,-1.53735,0.1347,-0.63687,0.18479,0.04642,0.27254,0.00429,0.0552,0.10009,-0.03676,0.03847,0.74074,-0.47159,-0.08919,1.73632,0.20054,0.73471,1.62175,0.13299,0.1613,0.09235,-0.45117,0.20322,-0.27815,0.39899,0.04724,-0.14382,-0.07824
34.12,-0.03054,-0.00082,-0.52608,1.21027,-0.51881,-0.12961,0.13156,0.15484,-0.46201,0.06948,-0.30128,-0,-1.62391,0.11763,-0.64912,0.20105,-0.03633,0.16502,0.0199,0.10143,0.09306,-0.07909,0.03655,0.82029,-0.51511,-0.10072,1.56711,0.20166,0.68623,1.73295,0.10021,0.16981,0.09577,-0.47165,0.2135,-0.314,0.38201,0.04098,-0.13335,-0.0731
34.14,-0.03022,-0.00895,-0.55302,1.18514,-0.50667,-0.10027,0.18617,0.1389,-0.42561,0.09699,-0.32282,-0,-1.69555,0.10212,-0.66148,0.21121,-0.1247,0.05756,0.03901,0.14034,0.08368,-0.11003,0.03494,0.85664,-0.52908,-0.11022,1.37256,0.19276,0.61567,1.75468,0.07402,0.17239,0.09642,-0.49709,0.22111,-0.35463,0.34689,0.03534,-0.12137,-0.06715
34.16,-0.03058,-0.01793,-0.58003,1.16806,-0.48301,-0.06968,0.22889,0.12406,-0.3904,0.11898,-0.33705,-0,-1.75508,0.091,-0.67575,0.21603,-0.21769,-0.04086,0.06187,0.17117,0.06915,-0.12987,0.03405,0.84335,-0.50899,-0.11726,1.1538,0.17681,0.52706,1.69634,0.05501,0.16843,0.09397,-0.52295,0.22665,-0.39974,0.28747,0.03002,-0.10822,-0.06044
34.18,-0.03161,-0.0273,-0.60642,1.15869,-0.44964,-0.03866,0.26008,0.1111,-0.35678,0.13689,-0.34447,-0,-1.80502,0.08579,-0.69268,0.21647,-0.31081,-0.12331,0.08803,0.19487,0.04813,-0.14054,0.03426,0.78257,-0.45625,-0.12184,0.91474,0.15684,0.42598,1.57303,0.04259,0.15801,0.08838,-0.54185,0.2308,-0.44855,0.19659,0.02456,-0.09416,-0.05306
34.2,-0.03328,-0.03643,-0.63126,1.15573,-0.40983,-0.00839,0.28101,0.10057,-0.32457,0.15273,-0.34599,-0,-1.84704,0.08684,-0.71193,0.21355,-0.39598,-0.18415,0.11626,0.21367,0.02077,-0.14525,0.03589,0.68404,-0.37753,-0.12423,0.66318,0.13589,0.3198,1.40489,0.03526,0.14186,0.07992,-0.54383,0.23424,-0.49941,0.06676,0.01846,-0.07948,-0.04514
34.22,-0.03558,-0.04457,-0.65344,1.15724,-0.36751,0.01974,0.29334,0.09279,-0.29321,0.16865,-0.34267,-0,-1.88202,0.09371,-0.73236,0.20809,-0.46368,-0.21928,0.14469,0.23032,-0.01177,-0.1478,0.03923,0.56143,-0.28236,-0.12471,0.40901,0.11686,0.21641,1.21411,0.0311,0.12112,0.06906,-0.518,0.23773,-0.5495,-0.10878,0.01118,-0.06451,-0.03689
34.24,-0.03851,-0.05101,-0.67203,1.16097,-0.32601,0.04453,0.2986,0.0879,-0.26173,0.18634,-0.33544,-0,-1.91018,0.10557,-0.75246,0.20046,-0.5066,-0.22693,0.17113,0.24725,-0.048,-0.15169,0.04441,0.42715,-0.17976,-0.12317,0.16065,0.10202,0.12199,1.02033,0.02841,0.09703,0.05633,-0.45501,0.24223,-0.59465,-0.33461,0.00214,-0.04966,-0.02857
34.26,-0.04215,-0.05512,-0.68639,1.16462,-0.28737,0.06519,0.2979,0.08581,-0.22893,0.20662,-0.32499,-0,-1.93132,0.12143,-0.77065,0.19037,-0.52208,-0.20832,0.19323,0.2659,-0.0865,-0.15953,0.05144,0.28933,-0.07623,-0.11889,-0.07661,0.09277,0.0397,0.83834,0.02604,0.07078,0.04231,-0.34921,0.24898,-0.62905,-0.6112,-0.00916,-0.03544,-0.02044
34.28,-0.04658,-0.05641,-0.69611,1.16587,-0.2524,0.08121,0.29182,0.08631,-0.19367,0.22916,-0.31177,-0,-1.94454,0.14009,-0.78513,0.17687,-0.51249,-0.16789,0.20832,0.28643,-0.12569,-0.17284,0.0601,0.15198,0.02401,-0.11046,-0.29922,0.08973,-0.02991,0.67879,0.02357,0.04365,0.02766,-0.19969,0.25948,-0.64487,-0.93256,-0.02312,-0.02258,-0.01292
34.3,-0.0519,-0.05444,-0.7009,1.16239,-0.22115,0.09222,0.28044,0.08898,-0.15504,0.25249,-0.29609,-0,-1.94819,0.16007,-0.79383,0.15858,-0.48438,-0.11288,0.21338,0.30771,-0.16363,-0.19202,0.06993,0.01652,0.11808,-0.09599,-0.50351,0.09276,-0.08807,0.54973,0.02124,0.0172,0.01327,-0.01066,0.27526,-0.63255,-1.28486,-0.03992,-0.01208,-0.00653
34.32,-0.05819,-0.04889,-0.70056,1.15215,-0.19325,0.09812,0.26367,0.0932,-0.11253,0.27447,-0.27822,-0,-1.93999,0.17967,-0.79454,0.13399,-0.4461,-0.05169,0.20562,0.32777,-0.19817,-0.21653,0.08027,-0.11661,0.20384,-0.07372,-0.68587,0.10117,-0.13686,0.45678,0.01964,-0.00699,4e-05,0.21003,0.29733,-0.58291,-1.64843,-0.0594,-0.00497,-0.00182
34.34,-0.06554,-0.03968,-0.69508,1.13375,-0.16833,0.09938,0.2417,0.09804,-0.06587,0.29312,-0.25849,-0,-1.91743,0.19723,-0.78525,0.10201,-0.40438,0.00851,0.1835,0.34462,-0.22745,-0.24513,0.09036,-0.24621,0.27963,-0.04295,-0.84405,0.11375,-0.17832,0.40254,0.0193,-0.02769,-0.0113,0.45323,0.32525,-0.49063,-2.00185,-0.08102,-0.00186,0.00086
34.36,-0.07403,-0.02708,-0.68476,1.10684,-0.14632,0.09724,0.21539,0.10211,-0.01523,0.30712,-0.23743,-0,-1.87814,0.21112,-0.76448,0.06244,-0.36226,0.06325,0.1475,0.35671,-0.25016,-0.27592,0.09943,-0.36873,0.34379,-0.00476,-0.9777,0.12883,-0.21384,0.3861,0.02035,-0.04422,-0.02038,0.70923,0.35644,-0.35701,-2.32352,-0.10367,-0.00269,0.00153
34.38,-0.08364,-0.01182,-0.67026,1.07236,-0.12775,0.09382,0.18655,0.10358,0.03841,0.3158,-0.21598,-0,-1.82023,0.21973,-0.73138,0.01634,-0.31877,0.11074,0.10058,0.36292,-0.26533,-0.30613,0.10657,-0.47686,0.39407,0.03753,-1.08733,0.14414,-0.2436,0.40329,0.02247,-0.05644,-0.02713,0.96608,0.38577,-0.19155,-2.58958,-0.1255,-0.00658,0.00056
34.4,-0.09424,0.00488,-0.65263,1.03255,-0.11377,0.09191,0.15799,0.10019,0.09304,0.31901,-0.19552,-0,-1.74252,0.22136,-0.68591,-0.03382,-0.26986,0.15111,0.04807,0.36251,-0.27223,-0.33209,0.11077,-0.55928,0.42721,0.0784,-1.17329,0.15684,-0.26651,0.44724,0.02495,-0.06451,-0.03169,1.20829,0.40576,-0.01169,-2.77236,-0.14391,-0.01199,-0.00136
34.42,-0.10561,0.02152,-0.63309,0.99024,-0.10574,0.09439,0.13277,0.08976,0.14614,0.3169,-0.17764,-0,-1.64451,0.21449,-0.62871,-0.08473,-0.2106,0.18553,-0.00355,0.35497,-0.27048,-0.34981,0.11107,-0.60321,0.43978,0.11148,-1.23582,0.1641,-0.28085,0.50968,0.02685,-0.06878,-0.03431,1.41926,0.40833,0.16132,-2.84429,-0.15608,-0.01708,-0.00334
34.44,-0.11758,0.03672,-0.61271,0.94783,-0.10449,0.10334,0.11318,0.07087,0.19569,0.30979,-0.16356,-0,-1.52633,0.19827,-0.56091,-0.13329,-0.13821,0.21518,-0.04856,0.34011,-0.26037,-0.35606,0.1069,-0.59871,0.42947,0.13157,-1.27586,0.16386,-0.28549,0.58262,0.02739,-0.06969,-0.03529,1.58591,0.3874,0.30917,-2.7855,-0.16001,-0.02019,-0.00462
34.46,-0.13005,0.04943,-0.59224,0.90662,-0.10975,0.11936,0.09997,0.04342,0.24072,0.29811,-0.15381,-0,-1.38902,0.17288,-0.48429,-0.17705,-0.05436,0.24035,-0.08315,0.31811,-0.24315,-0.34914,0.09835,-0.54194,0.3963,0.13605,-1.2956,0.15548,-0.28066,0.6592,0.02609,-0.06772,-0.0349,1.70157,0.3409,0.42052,-2.58954,-0.15514,-0.02022,-0.00462
34.48,-0.14293,0.05886,-0.57225,0.86701,-0.12003,0.14134,0.09231,0.009,0.28107,0.2824,-0.14825,-0,-1.23571,0.13982,-0.40188,-0.2141,0.03357,0.2601,-0.10542,0.28967,-0.22117,-0.32907,0.08629,-0.43611,0.34296,0.12514,-1.29838,0.13994,-0.26822,0.7334,0.0229,-0.06336,-0.03342,1.76557,0.2715,0.49115,-2.2659,-0.14256,-0.01669,-0.00304
34.5,-0.15603,0.06437,-0.55324,0.8289,-0.13274,0.16652,0.0881,-0.02922,0.31699,0.2634,-0.14622,-0,-1.07212,0.10193,-0.31823,-0.24268,0.11268,0.2722,-0.11499,0.25607,-0.19787,-0.2974,0.07231,-0.2912,0.27477,0.10156,-1.28832,0.11966,-0.25139,0.79954,0.01811,-0.05714,-0.03109,1.78177,0.18634,0.52241,-1.8392,-0.12479,-0.00968,0.00019
34.52,-0.16918,0.06548,-0.53567,0.79192,-0.14487,0.19127,0.08466,-0.06724,0.34884,0.24193,-0.14672,-0,-0.90541,0.06276,-0.23855,-0.2614,0.16736,0.27379,-0.11243,0.21893,-0.17702,-0.25672,0.05835,-0.12191,0.19865,0.0696,-1.26976,0.09785,-0.23395,0.85267,0.01227,-0.04959,-0.02811,1.75667,0.09505,0.51903,-1.34264,-0.10518,0.00036,0.00498
34.54,-0.18229,0.06195,-0.51982,0.75567,-0.15384,0.2123,0.07969,-0.10157,0.37688,0.21865,-0.1487,-0,-0.74161,0.02568,-0.16709,-0.26978,0.18384,0.26252,-0.09872,0.17965,-0.16162,-0.20981,0.04617,0.05552,0.12158,0.03382,-1.24667,0.07759,-0.21902,0.88965,0.00604,-0.04126,-0.02472,1.69762,0.0066,0.48667,-0.80797,-0.08682,0.01285,0.01116
34.56,-0.19549,0.05384,-0.5058,0.71996,-0.15819,0.22733,0.07189,-0.12998,0.40109,0.194,-0.1512,-0,-0.58454,-0.00669,-0.10621,-0.26851,0.15335,0.23738,-0.07503,0.13926,-0.15319,-0.15933,0.03698,0.22483,0.04978,-0.00164,-1.22222,0.06118,-0.20826,0.90966,6e-05,-0.03274,-0.02115,1.61183,-0.07246,0.43046,-0.26057,-0.07197,0.02724,0.01854
34.58,-0.209,0.04156,-0.49361,0.68516,-0.15764,0.23523,0.0612,-0.15148,0.42091,0.16838,-0.15339,-0,-0.43671,-0.03231,-0.05665,-0.2596,0.07297,0.19909,-0.04269,0.09866,-0.15168,-0.10806,0.03146,0.36869,-0.01091,-0.03303,-1.19897,0.05013,-0.20176,0.91421,-0.005,-0.02471,-0.01769,1.50662,-0.13786,0.35495,0.27778,-0.06204,0.04296,0.02687
34.6,-0.22303,0.02591,-0.48329,0.65234,-0.15295,0.23574,0.04874,-0.166,0.43514,0.14234,-0.15452,-0,-0.30047,-0.0495,-0.01815,-0.24617,-0.05457,0.15002,-0.00339,0.05888,-0.15572,-0.05918,0.02983,0.46854,-0.05475,-0.05683,-1.179,0.04535,-0.1983,0.90665,-0.00839,-0.01803,-0.01471,1.38987,-0.18695,0.26429,0.78506,-0.05771,0.05928,0.0358
34.62,-0.23783,0.00783,-0.47489,0.62288,-0.14549,0.22918,0.03629,-0.1741,0.44241,0.11654,-0.15401,-0,-0.17806,-0.05705,0.01021,-0.23171,-0.22185,0.09374,0.04091,0.02115,-0.16319,-0.01591,0.03199,0.50831,-0.07705,-0.07025,-1.16388,0.04725,-0.19589,0.89124,-0.00916,-0.01365,-0.01261,1.26922,-0.21845,0.16173,1.24002,-0.05911,0.07553,0.04496
34.64,-0.25368,-0.01181,-0.46839,0.59766,-0.13672,0.21613,0.02563,-0.17661,0.44188,0.09171,-0.15145,-0,-0.07071,-0.05447,0.0298,-0.21919,-0.41811,0.03405,0.08815,-0.01333,-0.1721,0.01925,0.03763,0.48102,-0.0761,-0.07217,-1.15463,0.05574,-0.1925,0.87191,-0.00607,-0.01254,-0.01175,1.15077,-0.23271,0.04869,1.62634,-0.06595,0.09132,0.05414
34.66,-0.27092,-0.03238,-0.46367,0.57663,-0.1278,0.19723,0.01801,-0.17452,0.43381,0.0686,-0.14665,-0,0.02157,-0.04232,0.04225,-0.21041,-0.62942,-0.02529,0.13615,-0.04341,-0.18103,0.04494,0.0462,0.39356,-0.05446,-0.0638,-1.15156,0.07028,-0.18659,0.85155,0.00245,-0.01559,-0.01243,1.0385,-0.23177,-0.07555,1.93445,-0.07756,0.10667,0.06334
34.68,-0.28982,-0.05337,-0.46054,0.55883,-0.11959,0.1733,0.01417,-0.16886,0.41977,0.04822,-0.13975,-0,0.09936,-0.02226,0.04928,-0.20592,-0.83716,-0.08033,0.18217,-0.06773,-0.18926,0.06084,0.05697,0.2684,-0.01944,-0.04888,-1.15435,0.08974,-0.17729,0.8319,0.01829,-0.02357,-0.01487,0.93498,-0.21939,-0.21296,2.15932,-0.09282,0.12195,0.07272
34.7,-0.31047,-0.07424,-0.4588,0.54269,-0.11273,0.14537,0.01438,-0.16073,0.40243,0.03189,-0.13111,-0,0.16303,0.00295,0.0526,-0.2052,-1.01759,-0.12653,0.22278,-0.08457,-0.19663,0.06738,0.06891,0.14156,0.01757,-0.03331,-1.1621,0.11239,-0.16436,0.81373,0.04356,-0.03716,-0.01921,0.84223,-0.20069,-0.36545,2.29781,-0.11018,0.13768,0.08252
34.72,-0.33286,-0.09444,-0.45821,0.5264,-0.10763,0.11465,0.0186,-0.15122,0.38494,0.02102,-0.12127,-0,0.21274,0.03009,0.05371,-0.20702,-1.14607,-0.15949,0.25438,-0.09229,-0.20333,0.06547,0.08093,0.05302,0.04401,-0.02363,-1.17341,0.13613,-0.14809,0.79665,0.08041,-0.05693,-0.02554,0.7615,-0.18099,-0.53297,2.34833,-0.12779,0.15424,0.09289
34.74,-0.35709,-0.11353,-0.45858,0.50847,-0.10455,0.0822,0.02659,-0.14135,0.36993,0.01656,-0.1107,-0,0.24881,0.05619,0.05391,-0.20991,-1.20425,-0.17612,0.27427,-0.09001,-0.20968,0.05634,0.09204,0.03251,0.05042,-0.02474,-1.1864,0.15886,-0.12905,0.77885,0.13079,-0.08342,-0.03394,0.69251,-0.16423,-0.71136,2.31217,-0.14387,0.17159,0.10371
34.76,-0.38337,-0.13124,-0.45969,0.48802,-0.10354,0.049,0.03796,-0.13201,0.35883,0.01863,-0.09972,-0,0.27206,0.07905,0.05414,-0.2125,-1.18507,-0.17552,0.2814,-0.0782,-0.2159,0.0414,0.10157,0.08968,0.03342,-0.03836,-1.19878,0.17868,-0.10805,0.75696,0.19607,-0.117,-0.04448,0.63301,-0.15186,-0.8902,2.19485,-0.15684,0.18891,0.11442
34.78,-0.4119,-0.14731,-0.46132,0.46512,-0.10445,0.0161,0.05213,-0.12406,0.35184,0.02648,-0.08853,-0,0.28352,0.09717,0.05505,-0.21353,-1.09389,-0.15914,0.27642,-0.05883,-0.22208,0.02238,0.10907,0.2113,-0.00345,-0.06251,-1.20766,0.19377,-0.08625,0.72612,0.27648,-0.15762,-0.05714,0.57921,-0.1427,-1.05092,2.00705,-0.1653,0.20445,0.12395
34.8,-0.44266,-0.16138,-0.46327,0.4408,-0.10703,-0.01516,0.06823,-0.11837,0.3481,0.03851,-0.07731,-0,0.28429,0.10954,0.05694,-0.21188,-0.947,-0.13045,0.26139,-0.03527,-0.22806,0.00128,0.11424,0.36386,-0.05056,-0.09191,-1.20955,0.20229,-0.06525,0.68024,0.37051,-0.20456,-0.07173,0.52638,-0.13338,-1.16705,1.76453,-0.16791,0.21556,0.13066
34.82,-0.47549,-0.17302,-0.46528,0.41689,-0.11089,-0.04321,0.08525,-0.11578,0.34597,0.05275,-0.06625,-0,0.27535,0.11548,0.05991,-0.20656,-0.76652,-0.09394,0.23903,-0.01144,-0.23356,-0.01986,0.11685,0.50365,-0.09507,-0.11952,-1.20042,0.20247,-0.04679,0.61225,0.474,-0.25598,-0.08773,0.46959,-0.11977,-1.21029,1.48565,-0.16354,0.21925,0.13275
34.84,-0.51026,-0.18193,-0.46714,0.39556,-0.11563,-0.06672,0.1022,-0.11691,0.34337,0.06728,-0.05552,-0,0.2576,0.11461,0.06387,-0.19676,-0.57318,-0.05372,0.21168,0.00937,-0.23824,-0.03949,0.11667,0.59171,-0.12546,-0.13881,-1.17594,0.193,-0.03224,0.5145,0.5791,-0.30862,-0.10425,0.40435,-0.09889,-1.1605,1.18751,-0.15156,0.21326,0.12886
34.86,-0.54693,-0.18796,-0.46858,0.37915,-0.12076,-0.0847,0.11818,-0.12205,0.33804,0.08058,-0.04528,-0,0.23188,0.10683,0.06866,-0.1819,-0.382,-0.01274,0.18072,0.02524,-0.24173,-0.05676,0.11345,0.60372,-0.13435,-0.14535,-1.13171,0.17328,-0.02231,0.3794,0.67329,-0.35733,-0.11982,0.3273,-0.07038,-1.01284,0.88431,-0.13209,0.1967,0.11848
34.88,-0.58525,-0.19115,-0.46935,0.37023,-0.12579,-0.0964,0.13226,-0.13114,0.32761,0.09152,-0.03577,-0,0.19925,0.09233,0.07399,-0.1618,-0.20266,0.02713,0.14663,0.0357,-0.24368,-0.07151,0.1069,0.53234,-0.11922,-0.13703,-1.06364,0.1436,-0.01702,0.2004,0.73821,-0.39453,-0.13228,0.23697,-0.03705,-0.78048,0.58924,-0.10619,0.1704,0.10213
34.9,-0.62453,-0.19161,-0.46913,0.37165,-0.13008,-0.10122,0.14339,-0.14374,0.3097,0.09922,-0.02737,-0,0.16104,0.07166,0.07943,-0.13669,-0.04144,0.06471,0.10935,0.04147,-0.24368,-0.08402,0.09678,0.38545,-0.08185,-0.11392,-0.9682,0.10519,-0.0159,-0.02697,0.75046,-0.4105,-0.13881,0.13408,-0.00462,-0.49317,0.31636,-0.07583,0.13677,0.0813
34.92,-0.66379,-0.1895,-0.46758,0.38623,-0.13292,-0.09867,0.15036,-0.15907,0.28213,0.10314,-0.02049,-0,0.11883,0.04576,0.08455,-0.10721,0.09691,0.09897,0.06891,0.04406,-0.24135,-0.09496,0.08286,0.18129,-0.02704,-0.07771,-0.84249,0.05984,-0.01829,-0.30506,0.68723,-0.39566,-0.13664,0.02077,0.01981,-0.1892,0.07925,-0.04342,0.09912,0.05803
34.94,-0.70204,-0.185,-0.46437,0.41608,-0.1335,-0.0886,0.15192,-0.17611,0.24313,0.10312,-0.01538,-0,0.0742,0.01595,0.089,-0.07424,0.20744,0.12857,0.02609,0.04526,-0.23645,-0.10513,0.06504,-0.05825,0.03905,-0.03117,-0.68433,0.00932,-0.02374,-0.6342,0.53509,-0.34436,-0.1241,-0.10083,0.03025,0.09685,-0.11247,-0.01097,0.06059,0.03424
34.96,-0.73844,-0.17831,-0.45917,0.46204,-0.13098,-0.07131,0.14685,-0.19363,0.19178,0.09954,-0.01199,-0,0.02874,-0.01587,0.09267,-0.03892,0.2835,0.15148,-0.0169,0.04681,-0.22898,-0.11547,0.04347,-0.31129,0.10991,0.02209,-0.49285,-0.04475,-0.03224,-1.01161,0.29683,-0.25765,-0.10147,-0.22915,0.02348,0.34146,-0.25507,0.02032,0.02358,0.01139
34.98,-0.772,-0.16969,-0.45169,0.52329,-0.12448,-0.04776,0.13396,-0.20999,0.12838,0.09331,-0.00999,-0,-0.01557,-0.047,0.09565,-0.00293,0.31565,0.16462,-0.05592,0.05027,-0.21923,-0.12684,0.0187,-0.55506,0.17833,0.07729,-0.26999,-0.10065,-0.04423,-1.42848,-0.00521,-0.14461,-0.07131,-0.3624,-0.00056,0.53216,-0.34994,0.04993,-0.01013,-0.00948
35,-0.80142,-0.15951,-0.44176,0.59718,-0.11315,-0.01957,0.11222,-0.22317,0.05468,0.08586,-0.00881,-0,-0.05619,-0.07384,0.09818,0.03132,0.2922,0.16407,-0.08503,0.05705,-0.2078,-0.14004,-0.00822,-0.7649,0.23623,0.12838,-0.02146,-0.15614,-0.06045,-1.86793,-0.33043,-0.02171,-0.03829,-0.49771,-0.03903,0.66483,-0.40188,0.07776,-0.0391,-0.02753
35.02,-0.82524,-0.14818,-0.42929,0.67992,-0.09638,0.01122,0.08103,-0.23093,-0.02671,0.07875,-0.00781,-0,-0.09038,-0.09265,0.10064,0.06114,0.20403,0.14646,-0.09819,0.06818,-0.19537,-0.15569,-0.03591,-0.91742,0.27588,0.16911,0.24464,-0.20866,-0.08152,-2.30754,-0.63002,0.09143,-0.00794,-0.63151,-0.08725,0.74102,-0.41747,0.10387,-0.06223,-0.04211
35.04,-0.84242,-0.13609,-0.41429,0.76777,-0.07417,0.04256,0.04067,-0.23139,-0.11331,0.07327,-0.00639,-0,-0.11616,-0.10069,0.10346,0.08418,0.05212,0.11126,-0.09198,0.08423,-0.1823,-0.17431,-0.06308,-0.9967,0.29205,0.19478,0.52062,-0.25578,-0.10735,-2.72465,-0.86281,0.17853,0.01522,-0.76071,-0.14023,0.7657,-0.4035,0.12831,-0.07901,-0.05295
35.06,-0.85261,-0.12355,-0.39696,0.85741,-0.04741,0.07256,-0.00723,-0.22331,-0.2032,0.07009,-0.00418,-0,-0.13275,-0.09701,0.10708,0.09896,-0.14652,0.06248,-0.06753,0.10504,-0.16851,-0.1962,-0.08866,-0.99825,0.28352,0.20346,0.80014,-0.29542,-0.13667,-3.09873,-1.0054,0.23092,0.02889,-0.883,-0.19351,0.74564,-0.36607,0.15099,-0.08961,-0.06011
35.08,-0.85617,-0.11092,-0.37778,0.9455,-0.01819,0.09932,-0.0592,-0.20622,-0.29441,0.06923,-0.00103,-0,-0.1406,-0.08273,0.11193,0.10476,-0.3559,0.00943,-0.03113,0.12959,-0.15345,-0.22129,-0.11166,-0.92987,0.25342,0.19616,1.07639,-0.32553,-0.16666,-3.4089,-1.05344,0.24813,0.0332,-0.99606,-0.24296,0.689,-0.31054,0.17139,-0.09481,-0.064
35.1,-0.85397,-0.09865,-0.3576,1.02806,0.01024,0.12077,-0.10995,-0.18046,-0.3844,0.07015,0.00296,-0,-0.14111,-0.06068,0.11837,0.1015,-0.52323,-0.03388,0.0064,0.15594,-0.1363,-0.24906,-0.13108,-0.80999,0.20872,0.17639,1.34033,-0.3439,-0.19302,-3.63174,-1.0185,0.23656,0.03031,-1.09674,-0.28443,0.60522,-0.24172,0.18847,-0.09587,-0.06526
35.12,-0.84716,-0.08728,-0.33746,1.10109,0.0342,0.135,-0.15352,-0.1469,-0.47028,0.07198,0.00752,-0,-0.13632,-0.03452,0.12651,0.08958,-0.59203,-0.05232,0.03267,0.18178,-0.11632,-0.2786,-0.14607,-0.66237,0.15828,0.149,1.58184,-0.34849,-0.2108,-3.7439,-0.92172,0.20656,0.02351,-1.1816,-0.31402,0.50441,-0.16386,0.20101,-0.09429,-0.06467
35.14,-0.8369,-0.07728,-0.31826,1.16177,0.05077,0.14091,-0.18513,-0.10679,-0.54976,0.07385,0.01232,-0,-0.12846,-0.00735,0.13605,0.06986,-0.52232,-0.03511,0.03812,0.20527,-0.09313,-0.30899,-0.15652,-0.50888,0.11011,0.11859,1.79289,-0.33815,-0.21594,-3.72817,-0.78564,0.16848,0.01601,-1.24838,-0.32862,0.39659,-0.08041,0.20808,-0.09163,-0.06305
35.16,-0.82416,-0.06899,-0.30052,1.20914,0.05857,0.13861,-0.20249,-0.06166,-0.62148,0.07513,0.01699,-0,-0.1198,0.01914,0.14605,0.04363,-0.30498,0.02032,0.01906,0.22556,-0.06714,-0.33932,-0.1633,-0.36497,0.06964,0.08853,1.96903,-0.31322,-0.20621,-3.57805,-0.62915,0.13019,0.01009,-1.29682,-0.3264,0.29158,0.00573,0.20948,-0.08936,-0.0612
35.18,-0.80985,-0.06271,-0.28456,1.2439,0.05792,0.12957,-0.2059,-0.0137,-0.68454,0.07539,0.02112,-0,-0.11258,0.04466,0.15489,0.01291,0.03323,0.10697,-0.02147,0.24273,-0.03979,-0.36855,-0.16835,-0.23964,0.03957,0.06092,2.10838,-0.27581,-0.18155,-3.29953,-0.46729,0.09668,0.00698,-1.32842,-0.30683,0.19971,0.09154,0.20577,-0.08882,-0.05994
35.2,-0.79483,-0.05873,-0.27056,1.26783,0.05051,0.11643,-0.1978,0.03411,-0.7379,0.07447,0.02424,-0,-0.10903,0.06996,0.16023,-0.01963,0.43312,0.20926,-0.07444,0.25759,-0.01354,-0.39531,-0.17447,-0.13694,0.02041,0.03693,2.21004,-0.22972,-0.14384,-2.91047,-0.31239,0.07055,0.007,-1.34587,-0.27058,0.13217,0.17341,0.19814,-0.09124,-0.06002
35.22,-0.77988,-0.05734,-0.25866,1.2831,0.0388,0.10239,-0.18182,0.07843,-0.78038,0.07236,0.02585,-0,-0.11107,0.09626,0.15967,-0.05105,0.81971,0.30736,-0.12773,0.27139,0.00866,-0.41816,-0.18486,-0.05722,0.01117,0.01695,2.2737,-0.17961,-0.09608,-2.43562,-0.17405,0.05266,0.00981,-1.35239,-0.21936,0.09896,0.24758,0.18809,-0.09751,-0.06206
35.24,-0.76561,-0.05876,-0.24887,1.29164,0.02512,0.09035,-0.16142,0.1165,-0.81105,0.06915,0.02549,-0,-0.11979,0.12452,0.15154,-0.07905,1.12725,0.38394,-0.17048,0.28566,0.02442,-0.43611,-0.20255,0.00167,0.01014,0.00085,2.30009,-0.12968,-0.04126,-1.89923,-0.0584,0.04284,0.01489,-1.35115,-0.15572,0.10543,0.31133,0.17699,-0.10787,-0.06632
35.26,-0.75242,-0.06309,-0.24105,1.29466,0.01115,0.08236,-0.13917,0.14667,-0.82935,0.06501,0.02281,-0,-0.13505,0.15479,0.13557,-0.10242,1.31554,0.42844,-0.19584,0.3019,0.03255,-0.44896,-0.22988,0.04358,0.01533,-0.01192,2.29131,-0.08297,0.01832,-1.32201,0.03214,0.04044,0.02175,-1.34485,-0.08319,0.14973,0.36357,0.16577,-0.12167,-0.07256
35.28,-0.74055,-0.07024,-0.23502,1.29245,-0.00217,0.07955,-0.11663,0.16824,-0.83496,0.06015,0.01764,-0,-0.15531,0.18591,0.11314,-0.12096,1.37229,0.43779,-0.20152,0.32148,0.03315,-0.4572,-0.26823,0.07338,0.02468,-0.02216,2.25085,-0.04154,0.0807,-0.72447,0.09812,0.04449,0.02996,-1.33566,-0.00679,0.22194,0.40454,0.15495,-0.13723,-0.07993
35.3,-0.73027,-0.07997,-0.23061,1.28449,-0.01443,0.08225,-0.09458,0.18119,-0.82768,0.05492,0.00992,-0,-0.17772,0.21537,0.08719,-0.13522,1.30874,0.41527,-0.18906,0.3455,0.02738,-0.4619,-0.31782,0.09652,0.03598,-0.03077,2.18332,-0.00685,0.14386,-0.13059,0.14204,0.05376,0.03909,-1.32525,0.06674,0.30499,0.43531,0.14474,-0.15186,-0.08706
35.32,-0.72181,-0.09196,-0.22765,1.2698,-0.02568,0.09026,-0.07327,0.18594,-0.80745,0.04973,-0.00026,-0,-0.19877,0.2401,0.06131,-0.14612,1.15001,0.36794,-0.16226,0.37485,0.01705,-0.46436,-0.37779,0.11864,0.04707,-0.0387,2.09378,0.02014,0.20568,0.43429,0.16747,0.06689,0.04872,-1.31481,0.1302,0.37881,0.45732,0.13517,-0.16253,-0.09235
35.34,-0.71535,-0.10586,-0.22601,1.24753,-0.0362,0.10302,-0.05258,0.18324,-0.77458,0.04503,-0.01266,-0,-0.21546,0.25753,0.03855,-0.15456,0.92259,0.30332,-0.1251,0.41034,0.00401,-0.4658,-0.44625,0.14523,0.05603,-0.0469,1.98677,0.03908,0.26419,0.94933,0.17825,0.08244,0.05841,-1.30505,0.17804,0.42652,0.47216,0.12612,-0.16682,-0.09452
35.36,-0.71098,-0.12138,-0.22554,1.21751,-0.04646,0.11984,-0.03221,0.17414,-0.73006,0.04126,-0.02694,-0,-0.22587,0.26639,0.02059,-0.16115,0.64681,0.22738,-0.08044,0.45262,-0.01015,-0.46715,-0.52017,0.18135,0.06133,-0.05625,1.86606,0.05027,0.31755,1.40062,0.178,0.09898,0.0677,-1.29628,0.20778,0.43861,0.48125,0.11743,-0.16361,-0.09292
35.38,-0.70875,-0.13814,-0.22613,1.1805,-0.05692,0.13974,-0.01194,0.15999,-0.67596,0.03893,-0.04245,-0,-0.22936,0.26678,0.00768,-0.16603,0.33663,0.1445,-0.02998,0.50189,-0.02411,-0.46894,-0.59478,0.23128,0.06175,-0.06748,1.73548,0.05458,0.3636,1.77816,0.16987,0.11491,0.07597,-1.28843,0.22,0.41378,0.4858,0.109,-0.15323,-0.08765
35.4,-0.70871,-0.1556,-0.22767,1.13834,-0.06802,0.16141,0.00829,0.14243,-0.61551,0.03857,-0.05823,-0,-0.22629,0.25993,-0.00105,-0.16894,0.00232,0.05816,0.02527,0.55775,-0.0367,-0.47137,-0.66329,0.29802,0.05643,-0.08104,1.59952,0.05324,0.39956,2.07235,0.15659,0.12841,0.08247,-1.28114,0.21781,0.35792,0.48658,0.10081,-0.13732,-0.07947
35.42,-0.71093,-0.1731,-0.23008,1.09344,-0.08004,0.18336,0.02836,0.12325,-0.55256,0.04062,-0.07319,-0,-0.21764,0.24774,-0.00704,-0.16936,-0.34689,-0.02856,0.0844,0.61954,-0.04679,-0.47452,-0.71802,0.38191,0.04513,-0.09692,1.4625,0.04773,0.42245,2.27442,0.1403,0.13775,0.08643,-1.27381,0.20579,0.28108,0.48372,0.09285,-0.11828,-0.06952
35.44,-0.7155,-0.19002,-0.23332,1.04798,-0.09305,0.20422,0.04814,0.10405,-0.49052,0.04531,-0.08638,-0,-0.20455,0.23204,-0.01162,-0.16692,-0.7003,-0.11271,0.14603,0.68719,-0.05329,-0.47867,-0.75239,0.479,0.02855,-0.11435,1.32672,0.03952,0.4299,2.3796,0.12253,0.14172,0.08731,-1.26549,0.18868,0.19326,0.47647,0.08495,-0.09839,-0.05892
35.46,-0.72252,-0.20585,-0.23737,1.0035,-0.10682,0.22286,0.06754,0.0861,-0.43184,0.05243,-0.0972,-0,-0.18805,0.21424,-0.01551,-0.16165,-1.04271,-0.19087,0.20765,0.76146,-0.05509,-0.48451,-0.76216,0.57942,0.00875,-0.13155,1.19173,0.03005,0.42084,2.38927,0.10418,0.13994,0.08499,-1.25495,0.17057,0.10189,0.46302,0.07672,-0.0794,-0.04854
35.48,-0.73204,-0.22003,-0.2422,0.96114,-0.12067,0.23827,0.08634,0.07048,-0.37836,0.0613,-0.10534,-0,-0.16909,0.19534,-0.01868,-0.15405,-1.35096,-0.25845,0.26496,0.84354,-0.05102,-0.49313,-0.74566,0.66617,-0.01068,-0.14554,1.05508,0.02075,0.39561,2.31099,0.08566,0.13298,0.07982,-1.24074,0.15481,0.01179,0.44055,0.06755,-0.06249,-0.039
35.5,-0.74404,-0.23191,-0.24774,0.92196,-0.13349,0.24945,0.10407,0.05818,-0.33167,0.07077,-0.11071,-0,-0.14864,0.17609,-0.02039,-0.14505,-1.59309,-0.30939,0.31177,0.93451,-0.03983,-0.50599,-0.70343,0.71609,-0.02481,-0.15229,0.91355,0.01306,0.35587,2.15759,0.06709,0.12218,0.07258,-1.22113,0.14413,-0.07398,0.40529,0.05668,-0.04845,-0.03077
35.52,-0.75838,-0.24075,-0.25388,0.88682,-0.14396,0.25546,0.12012,0.05007,-0.29298,0.07958,-0.11337,-0,-0.12762,0.157,-0.01955,-0.13571,-1.73471,-0.33739,0.34122,1.03561,-0.02041,-0.52485,-0.63769,0.70612,-0.02879,-0.1478,0.76389,0.00834,0.30391,1.94492,0.0485,0.10933,0.06422,-1.19372,0.14064,-0.15366,0.35243,0.0433,-0.0378,-0.02418
35.54,-0.77489,-0.24588,-0.26046,0.85591,-0.15105,0.25559,0.13394,0.04681,-0.2625,0.0868,-0.11364,-0,-0.10681,0.13834,-0.01521,-0.12673,-1.75033,-0.33813,0.34793,1.14888,0.00796,-0.55164,-0.55167,0.62311,-0.02009,-0.12982,0.6032,0.00769,0.24188,1.68902,0.03003,0.09597,0.05562,-1.15488,0.14573,-0.2266,0.27598,0.02648,-0.03075,-0.0194
35.56,-0.79324,-0.24684,-0.26724,0.82862,-0.15427,0.24953,0.14517,0.0487,-0.23911,0.09216,-0.11211,-0,-0.08676,0.12018,-0.00699,-0.11816,-1.63136,-0.31088,0.32952,1.27721,0.04532,-0.58833,-0.44951,0.47096,2e-05,-0.09907,0.4298,0.01172,0.17138,1.40526,0.01217,0.08313,0.04735,-1.0994,0.15991,-0.29286,0.16896,0.00535,-0.02729,-0.01646
35.58,-0.81288,-0.24335,-0.27387,0.80369,-0.15378,0.23742,0.15355,0.0557,-0.22051,0.09609,-0.10965,-0,-0.06797,0.10254,0.00481,-0.10939,-1.38862,-0.25901,0.28704,1.42341,0.09067,-0.63662,-0.33696,0.27353,0.02587,-0.0598,0.24471,0.02058,0.09387,1.11006,-0.0041,0.07128,0.0397,-1.02085,0.18273,-0.35258,0.02418,-0.02081,-0.02719,-0.01523
35.6,-0.83288,-0.23531,-0.27984,0.7795,-0.15023,0.21985,0.15885,0.06744,-0.20354,0.09962,-0.10735,-0,-0.05101,0.08551,0.01921,-0.09926,-1.0509,-0.18967,0.22471,1.58941,0.14188,-0.69773,-0.22181,0.07233,0.04803,-0.01943,0.05248,0.03393,0.01118,0.82244,-0.01721,0.06048,0.03278,-0.91213,0.21282,-0.40543,-0.16483,-0.0524,-0.03004,-0.0155
35.62,-0.8521,-0.22275,-0.28452,0.75452,-0.14451,0.19778,0.16079,0.08327,-0.18469,0.10406,-0.10642,-0,-0.03641,0.06921,0.03477,-0.08642,-0.65825,-0.11233,0.14892,1.77631,0.19611,-0.77259,-0.11286,-0.08518,0.05595,0.01359,-0.1404,0.05105,-0.07472,0.56189,-0.02545,0.05061,0.0266,-0.76642,0.24828,-0.45036,-0.40267,-0.0894,-0.03537,-0.017
35.64,-0.86951,-0.20591,-0.28739,0.72773,-0.13738,0.17246,0.15904,0.10231,-0.16085,0.11067,-0.10786,-0,-0.02438,0.05352,0.04994,-0.06963,-0.25192,-0.03646,0.06665,1.9852,0.25067,-0.86215,-0.0179,-0.16336,0.04195,0.0329,-0.32851,0.07097,-0.16223,0.34397,-0.02758,0.04155,0.02116,-0.57835,0.28741,-0.48562,-0.69084,-0.13142,-0.04266,-0.01943
35.66,-0.8843,-0.18525,-0.28804,0.69906,-0.12927,0.14545,0.15324,0.12345,-0.12977,0.12035,-0.11232,-0,-0.01467,0.0381,0.06322,-0.04816,0.13097,0.0297,-0.01528,2.21689,0.30339,-0.96725,0.05732,-0.15047,0.00399,0.03637,-0.5091,0.09253,-0.25024,0.17787,-0.0233,0.03339,0.01652,-0.34561,0.32893,-0.50868,-1.02576,-0.17752,-0.05133,-0.02252
35.68,-0.89581,-0.16168,-0.28623,0.66966,-0.12028,0.11881,0.14302,0.14519,-0.09044,0.13354,-0.11998,-0,-0.0066,0.02242,0.07313,-0.02197,0.45586,0.07897,-0.08973,2.47016,0.35232,-1.08792,0.10875,-0.06171,-0.05329,0.02661,-0.68102,0.1142,-0.33746,0.06726,-0.0134,0.02652,0.0129,-0.07091,0.37183,-0.51596,-1.39585,-0.22583,-0.06075,-0.02595
35.7,-0.90342,-0.13657,-0.28186,0.64194,-0.11024,0.09519,0.12806,0.16553,-0.04319,0.15019,-0.13065,-0,0.0008,0.00587,0.07819,0.00816,0.68916,0.10495,-0.14903,2.74036,0.39533,-1.22262,0.1334,0.06429,-0.1193,0.01032,-0.84329,0.13403,-0.42171,0.01199,0.00037,0.02166,0.01063,0.23695,0.41494,-0.50293,-1.78013,-0.27337,-0.07011,-0.02938
35.72,-0.90663,-0.11153,-0.27491,0.6188,-0.09892,0.07744,0.10819,0.18225,0.01079,0.16992,-0.14383,-0,0.00876,-0.0122,0.07727,0.04087,0.80353,0.103,-0.18627,3.02008,0.43014,-1.36831,0.12934,0.17755,-0.18058,-0.00383,-0.99485,0.14999,-0.49979,0.00922,0.01575,0.01959,0.01009,0.56505,0.45669,-0.46509,-2.15133,-0.31643,-0.07854,-0.03244
35.74,-0.90516,-0.08796,-0.26544,0.60233,-0.08621,0.06788,0.08351,0.19343,0.07028,0.1923,-0.15894,-0,0.01871,-0.03258,0.07024,0.07459,0.78786,0.07221,-0.1977,3.30126,0.45464,-1.52099,0.09615,0.23409,-0.22551,-0.00824,-1.13504,0.16068,-0.5676,0.05399,0.03057,0.02083,0.01148,0.90018,0.49483,-0.39973,-2.48217,-0.3515,-0.0852,-0.0348
35.76,-0.89911,-0.06678,-0.25354,0.59305,-0.07226,0.06784,0.05457,0.1977,0.13427,0.21696,-0.17545,-0,0.03217,-0.05621,0.05841,0.1077,0.65446,0.0168,-0.18438,3.5757,0.46707,-1.67551,0.03548,0.20785,-0.24738,0.00162,-1.26357,0.16569,-0.6201,0.1393,0.04322,0.02536,0.01472,1.23033,0.52622,-0.30738,-2.74858,-0.37574,-0.08937,-0.03614
35.78,-0.88902,-0.04855,-0.23945,0.58969,-0.05766,0.07753,0.02263,0.19433,0.20168,0.24346,-0.19273,-0,0.05067,-0.08397,0.04476,0.13828,0.44165,-0.05308,-0.15264,3.83308,0.46591,-1.82435,-0.04851,0.09369,-0.24503,0.02658,-1.37943,0.16565,-0.6508,0.25565,0.05257,0.03253,0.01938,1.54254,0.54643,-0.19279,-2.92822,-0.3869,-0.09039,-0.03619
35.8,-0.87584,-0.03367,-0.22363,0.58957,-0.04351,0.09618,-0.01024,0.18311,0.27088,0.27112,-0.20998,-0,0.07563,-0.1165,0.03371,0.16401,0.21029,-0.12203,-0.11337,4.05938,0.44975,-1.95696,-0.14907,-0.0947,-0.22196,0.06413,-1.48014,0.16212,-0.65179,0.39101,0.05791,0.04109,0.02469,1.82101,0.54983,-0.06499,-2.99889,-0.3831,-0.08769,-0.03471
35.82,-0.86073,-0.02241,-0.20659,0.58929,-0.03118,0.12225,-0.04153,0.16429,0.33985,0.29915,-0.22628,-0,0.10812,-0.15393,0.03005,0.18253,0.02862,-0.17303,-0.0791,4.23901,0.41739,-2.06133,-0.25814,-0.33206,-0.18432,0.10971,-1.56244,0.15702,-0.61556,0.53264,0.05891,0.04948,0.02975,2.04925,0.5308,0.06469,-2.94071,-0.36315,-0.08077,-0.03149
35.84,-0.84472,-0.01496,-0.18879,0.58572,-0.02194,0.15378,-0.06895,0.13857,0.40672,0.32693,-0.24079,-0,0.1487,-0.19569,0.03736,0.19214,-0.05037,-0.19303,-0.05984,4.35916,0.36801,-2.12723,-0.36832,-0.59193,-0.13801,0.15861,-1.62399,0.15206,-0.53801,0.67002,0.05567,0.05624,0.0337,2.21504,0.48564,0.18593,-2.74104,-0.32696,-0.06939,-0.02639
35.86,-0.82856,-0.01135,-0.17048,0.57671,-0.01681,0.1885,-0.09083,0.10716,0.46991,0.35414,-0.25276,-0,0.19704,-0.24016,0.05681,0.19237,-0.00432,-0.17675,-0.06025,4.41273,0.30157,-2.14827,-0.4739,-0.85279,-0.087,0.20707,-1.66444,0.14827,-0.42089,0.79642,0.0488,0.06029,0.03595,2.31342,0.41419,0.29125,-2.39902,-0.27611,-0.05363,-0.01941
35.88,-0.81282,-0.01158,-0.15185,0.56133,-0.01648,0.22355,-0.10598,0.07202,0.52768,0.38055,-0.26152,-0,0.25152,-0.28429,0.08678,0.184,0.15444,-0.12773,-0.07891,4.39831,0.21933,-2.12214,-0.5703,-1.09772,-0.03321,0.25224,-1.68532,0.14594,-0.27318,0.90832,0.03945,0.06093,0.03615,2.34645,0.32066,0.37569,-1.9287,-0.21429,-0.03409,-0.01075
35.9,-0.79798,-0.01559,-0.13318,0.53977,-0.02142,0.2554,-0.11359,0.03595,0.57774,0.40582,-0.26636,-0,0.30911,-0.32351,0.12311,0.16893,0.38298,-0.05729,-0.10913,4.31912,0.12417,-2.04998,-0.65329,-1.31242,0.02291,0.29175,-1.68949,0.14475,-0.1107,1.00424,0.02931,0.05769,0.03413,2.32162,0.2135,0.43571,-1.35946,-0.14734,-0.01185,-0.0008
35.92,-0.78447,-0.02332,-0.11472,0.51294,-0.0318,0.28035,-0.11312,0.00207,0.61765,0.42948,-0.26659,-0,0.3661,-0.35268,0.16031,0.14949,0.62232,0.01914,-0.14136,4.18131,0.02009,-1.93544,-0.71919,-1.48527,0.08149,0.32371,-1.68057,0.14407,0.04827,1.08423,0.02045,0.04977,0.02954,2.24942,0.10328,0.46857,-0.7296,-0.08201,0.01182,0.01
35.94,-0.7726,-0.03465,-0.09659,0.48174,-0.04751,0.29541,-0.10449,-0.027,0.64572,0.45099,-0.26171,-0,0.4194,-0.36764,0.19349,0.12766,0.81858,0.08737,-0.16681,3.99206,-0.08868,-1.78356,-0.76568,-1.60885,0.14219,0.34695,-1.66238,0.14343,0.1898,1.14971,0.01508,0.03533,0.0214,2.14051,-0.00074,0.47184,-0.07577,-0.024,0.03599,0.02133
35.96,-0.76253,-0.04935,-0.07871,0.44679,-0.06796,0.29892,-0.08819,-0.04968,0.66164,0.46976,-0.25152,-0,0.46727,-0.36635,0.21954,0.10449,0.93681,0.13786,-0.17976,3.75901,-0.19796,-1.60066,-0.79227,-1.68065,0.20332,0.36105,-1.63867,0.1428,0.30852,1.20318,0.01533,0.01101,0.00787,2.00434,-0.0926,0.44328,0.57188,0.0232,0.06036,0.03317
35.98,-0.7544,-0.06697,-0.06089,0.40853,-0.09196,0.29059,-0.06542,-0.06536,0.66639,0.48497,-0.23627,-0,0.50913,-0.34909,0.23724,0.08018,0.96352,0.16621,-0.17809,3.49176,-0.30288,-1.39553,-0.80016,-1.70253,0.26109,0.36629,-1.61314,0.14274,0.40783,1.2478,0.02329,-0.02801,-0.01377,1.84965,-0.16939,0.38082,1.18607,0.05827,0.08515,0.04569
36,-0.74837,-0.08676,-0.04298,0.3675,-0.11769,0.27139,-0.03807,-0.07417,0.66197,0.49549,-0.21661,-0,0.54506,-0.31816,0.24686,0.05431,0.90349,0.17228,-0.16276,3.20288,-0.39726,-1.1802,-0.79179,-1.6796,0.30959,0.36342,-1.58954,0.14421,0.49782,1.28663,0.04096,-0.08766,-0.04692,1.68528,-0.23033,0.28295,1.73808,0.08144,0.11084,0.05916
36.02,-0.74462,-0.10783,-0.02486,0.3244,-0.14296,0.24305,-0.00839,-0.0767,0.65087,0.49999,-0.1934,-0,0.57551,-0.27705,0.24957,0.02617,0.77247,0.15859,-0.13656,2.90587,-0.47451,-0.96798,-0.77034,-1.61861,0.34229,0.35341,-1.5712,0.14822,0.5915,1.32198,0.07024,-0.1743,-0.09522,1.51939,-0.27595,0.14968,2.19973,0.094,0.13783,0.07374
36.04,-0.74333,-0.12938,-0.00633,0.27989,-0.1658,0.20758,0.02162,-0.07386,0.63535,0.49728,-0.16742,-0,0.60104,-0.22918,0.24683,-0.00489,0.58752,0.1284,-0.10231,2.61104,-0.52942,-0.76972,-0.73911,-1.52613,0.35454,0.33717,-1.56016,0.15514,0.69976,1.35457,0.11284,-0.29364,-0.16195,1.35784,-0.30741,-0.01599,2.54976,0.09768,0.16613,0.08939
36.06,-0.74458,-0.15081,0.01293,0.23474,-0.18478,0.16699,0.05046,-0.06676,0.61714,0.48657,-0.13918,-0,0.62207,-0.17723,0.23991,-0.03909,0.36122,0.08449,-0.06191,2.32381,-0.55937,-0.59193,-0.7013,-1.40781,0.34534,0.31551,-1.55672,0.16429,0.82764,1.38284,0.17002,-0.44952,-0.24934,1.20362,-0.32602,-0.20639,2.77731,0.09437,0.19496,0.10562
36.08,-0.74841,-0.17158,0.03323,0.19015,-0.19894,0.12356,0.07703,-0.05671,0.59738,0.46752,-0.10912,-0,0.63866,-0.1234,0.22982,-0.07591,0.10158,0.02918,-0.01624,2.04634,-0.56422,-0.4377,-0.66013,-1.26889,0.3178,0.2892,-1.55929,0.17369,0.97238,1.40263,0.24218,-0.64267,-0.35783,1.05781,-0.33288,-0.40742,2.88064,0.08597,0.22251,0.12134
36.1,-0.75476,-0.19108,0.05468,0.14805,-0.20756,0.08001,0.10037,-0.04523,0.57676,0.44034,-0.07783,-0,0.6504,-0.06975,0.21738,-0.11388,-0.18565,-0.03535,0.03433,1.77983,-0.54582,-0.30827,-0.61907,-1.11491,0.2786,0.2591,-1.56454,0.18024,1.12316,1.40696,0.32821,-0.86919,-0.48522,0.92089,-0.32879,-0.59833,2.86446,0.07437,0.24584,0.13488
36.12,-0.76354,-0.20864,0.07731,0.11091,-0.21016,0.03929,0.11969,-0.03395,0.55551,0.40555,-0.0459,-0,0.65649,-0.01822,0.20323,-0.15098,-0.49442,-0.10661,0.08947,1.52474,-0.50704,-0.20359,-0.58129,-0.95107,0.23608,0.22601,-1.56755,0.18022,1.26311,1.38638,0.42461,-1.11908,-0.62591,0.79268,-0.3146,-0.75598,2.73792,0.06134,0.26157,0.14429
36.14,-0.77468,-0.22375,0.10116,0.08133,-0.20645,0.00402,0.13442,-0.02435,0.53315,0.36375,-0.01372,-0,0.65604,0.02962,0.18787,-0.18523,-0.81573,-0.18144,0.14824,1.27967,-0.45071,-0.12222,-0.54889,-0.78091,0.19746,0.19043,-1.56209,0.1703,1.37291,1.32958,0.52437,-1.37463,-0.76994,0.67175,-0.29181,-0.86198,2.51324,0.04829,0.26699,0.14802
36.16,-0.78807,-0.23609,0.12636,0.06172,-0.19642,-0.02378,0.14435,-0.01764,0.50852,0.31559,0.0186,-0,0.64837,0.07253,0.17177,-0.21503,-1.13458,-0.25544,0.20849,1.04136,-0.37907,-0.06143,-0.52233,-0.60597,0.16707,0.15242,-1.54076,0.14817,1.43301,1.22413,0.61583,-1.60846,-0.9019,0.55525,-0.26314,-0.90738,2.206,0.03623,0.26081,0.14529
36.18,-0.80352,-0.24547,0.1529,0.0545,-0.18037,-0.04256,0.14949,-0.01483,0.47991,0.26215,0.051,-0,0.63302,0.10933,0.15544,-0.23903,-1.42673,-0.32227,0.26624,0.80657,-0.29415,-0.01777,-0.5006,-0.42696,0.14615,0.11193,-1.49515,0.11286,1.4234,1.05721,0.68164,-1.78097,-0.99954,0.43983,-0.23284,-0.89332,1.83706,0.02579,0.24338,0.13625
36.2,-0.82063,-0.25173,0.18051,0.06214,-0.15892,-0.05096,0.14998,-0.01676,0.4453,0.20511,0.08322,-0,0.60982,0.13857,0.13961,-0.25587,-1.65821,-0.37351,0.31557,0.57369,-0.19819,0.01234,-0.4815,-0.24504,0.13332,0.06903,-1.41627,0.06475,1.32416,0.81674,0.69945,-1.84183,-1.03455,0.32252,-0.20657,-0.82939,1.43366,0.0174,0.2165,0.12184
36.22,-0.83888,-0.25471,0.20869,0.08679,-0.13283,-0.04799,0.14598,-0.02401,0.40268,0.1465,0.11491,-0,0.57892,0.15877,0.12514,-0.26444,-1.79225,-0.4002,0.34977,0.34228,-0.09344,0.0325,-0.46224,-0.06149,0.12542,0.0239,-1.29566,0.00529,1.11956,0.493,0.64719,-1.74189,-0.97931,0.20086,-0.19015,-0.72958,1.02554,0.01139,0.18285,0.10347
36.24,-0.85771,-0.25434,0.23697,0.12963,-0.10265,-0.03334,0.13762,-0.03687,0.35031,0.08802,0.14579,-0,0.54078,0.16907,0.11287,-0.26421,-1.80135,-0.39552,0.36348,0.11113,0.01838,0.04639,-0.43999,0.12351,0.11856,-0.02336,-1.12706,-0.06361,0.80474,0.08099,0.51141,-1.4524,-0.81766,0.0725,-0.18767,-0.60682,0.63803,0.00821,0.14501,0.08252
36.26,-0.87654,-0.25067,0.26494,0.19011,-0.06867,-0.00767,0.12496,-0.05509,0.28715,0.0307,0.17575,-0,0.49635,0.16955,0.10356,-0.2556,-1.6757,-0.35675,0.35403,-0.12228,0.13616,0.05784,-0.41242,0.31115,0.10883,-0.07272,-0.90831,-0.13961,0.39172,-0.41644,0.29367,-0.97952,-0.55312,-0.0646,-0.20009,-0.46973,0.28862,0.00844,0.10504,0.06009
36.28,-0.89466,-0.24388,0.29208,0.26547,-0.03111,0.02712,0.10811,-0.07782,0.21339,-0.02466,0.20464,-0,0.44742,0.16136,0.09796,-0.24007,-1.42591,-0.28592,0.3219,-0.36018,0.25846,0.07078,-0.37804,0.50264,0.09256,-0.12384,-0.64327,-0.21946,-0.08626,-0.98426,0.01358,-0.37117,-0.21269,-0.21118,-0.22486,-0.32272,-0.01117,0.01294,0.06461,0.03707
36.3,-0.91109,-0.23435,0.31755,0.35055,0.00962,0.06789,0.08727,-0.10347,0.13075,-0.07711,0.23204,-0,0.39678,0.14653,0.09685,-0.22001,-1.08158,-0.18957,0.27039,-0.60294,0.38275,0.08918,-0.33619,0.69774,0.06652,-0.17575,-0.34252,-0.2986,-0.57529,-1.59337,-0.29229,0.28599,0.15484,-0.36577,-0.2563,-0.16747,-0.25291,0.02267,0.02532,0.01432
36.32,-0.92477,-0.22252,0.34036,0.43894,0.05282,0.11074,0.06284,-0.13001,0.04186,-0.12559,0.25734,-0,0.34752,0.12762,0.10073,-0.19815,-0.68434,-0.07731,0.20489,-0.84993,0.50559,0.1172,-0.28658,0.89458,0.02838,-0.22698,-0.02054,-0.3716,-1.01289,-2.2061,-0.57953,0.88855,0.49132,-0.52536,-0.28717,-0.00477,-0.43065,0.03844,-0.01136,-0.00734
36.34,-0.9348,-0.20881,0.35972,0.52472,0.0975,0.15185,0.03539,-0.15534,-0.05083,-0.16927,0.27999,-0,0.30193,0.10715,0.10952,-0.17666,-0.27753,0.0404,0.13167,-1.10173,0.62355,0.15954,-0.22847,1.09018,-0.02259,-0.27598,0.30928,-0.43335,-1.34781,-2.78647,-0.81012,1.35044,0.74839,-0.68689,-0.31098,0.16354,-0.54207,0.0604,-0.04434,-0.0273
36.36,-0.94067,-0.19364,0.37519,0.60345,0.1423,0.1879,0.00581,-0.17747,-0.14552,-0.20771,0.29961,-0,0.26077,0.08736,0.12213,-0.15663,0.09942,0.15335,0.05742,-1.36083,0.73335,0.22143,-0.16027,1.28025,-0.08476,-0.3213,0.63697,-0.47954,-1.55253,-3.30534,-0.96151,1.62498,0.89996,-0.8477,-0.32353,0.33261,-0.58912,0.08759,-0.073,-0.04513
36.38,-0.94223,-0.17748,0.38662,0.67176,0.18505,0.21585,-0.02443,-0.19443,-0.24048,-0.24055,0.31588,-0,0.22351,0.07026,0.13639,-0.13809,0.40943,0.25097,-0.01033,-1.62996,0.83112,0.30828,-0.07995,1.45765,-0.1536,-0.36121,0.9541,-0.50644,-1.6246,-3.73759,-1.02754,1.708,0.94398,-1.00448,-0.32316,0.49274,-0.57747,0.11763,-0.09694,-0.06049
36.4,-0.93962,-0.16099,0.39399,0.72678,0.22262,0.2328,-0.05319,-0.20413,-0.33339,-0.26723,0.32834,-0,0.18872,0.05771,0.14906,-0.12025,0.61661,0.32203,-0.06313,-1.91011,0.91169,0.42506,0.01436,1.61135,-0.22164,-0.39346,1.25145,-0.51063,-1.58235,-4.05844,-1.01566,1.63097,0.89858,-1.15228,-0.3104,0.62897,-0.51566,0.14683,-0.11576,-0.07298
36.42,-0.93315,-0.1449,0.39739,0.76626,0.25153,0.2363,-0.07807,-0.20472,-0.42155,-0.28715,0.33654,-0,0.15449,0.05117,0.15658,-0.1019,0.6929,0.3569,-0.09331,-2.20053,0.96915,0.57542,0.1239,1.72805,-0.28004,-0.41553,1.51985,-0.48957,-1.45636,-4.24496,-0.94174,1.44598,0.79351,-1.28543,-0.28726,0.72421,-0.41349,0.17096,-0.12894,-0.08211
36.44,-0.92323,-0.12989,0.39706,0.78912,0.269,0.22508,-0.0971,-0.19507,-0.50269,-0.30007,0.34021,-0,0.11891,0.05116,0.1561,-0.08185,0.63011,0.35138,-0.09704,-2.4999,0.99839,0.76069,0.2488,1.79559,-0.3212,-0.42533,1.75284,-0.44271,-1.2786,-4.28143,-0.82358,1.20575,0.65877,-1.39963,-0.25623,0.76469,-0.28035,0.18662,-0.13589,-0.08738
36.46,-0.91034,-0.1165,0.39336,0.79585,0.27378,0.19963,-0.10922,-0.17531,-0.57526,-0.30637,0.33943,-0,0.08045,0.05695,0.14621,-0.05934,0.44872,0.30951,-0.07634,-2.8061,0.99605,0.97838,0.38736,1.80511,-0.34046,-0.42159,1.94795,-0.37249,-1.07576,-4.16325,-0.67712,0.95114,0.51744,-1.49308,-0.21981,0.7437,-0.12456,0.19221,-0.13592,-0.08834
36.48,-0.8951,-0.1052,0.38687,0.78853,0.26613,0.16248,-0.11424,-0.14702,-0.63793,-0.30705,0.33467,-0,0.03832,0.06639,0.1272,-0.03423,0.20125,0.24453,-0.03978,-3.1139,0.96071,1.22029,0.5348,1.75134,-0.33627,-0.404,2.10538,-0.28506,-0.86898,-3.89822,-0.51636,0.70958,0.3848,-1.56604,-0.18055,0.6625,0.04573,0.18801,-0.12826,-0.08456
36.5,-0.87835,-0.09653,0.37833,0.77045,0.2477,0.1181,-0.11271,-0.11317,-0.68903,-0.30357,0.3267,-0,-0.0073,0.07614,0.10092,-0.00718,-0.03222,0.17754,-0.00151,-3.41319,0.89264,1.47181,0.68279,1.63238,-0.3098,-0.37311,2.22623,-0.19016,-0.67524,-3.50569,-0.35425,0.49772,0.26981,-1.61988,-0.14127,0.52951,0.22166,0.17599,-0.11196,-0.0756
36.52,-0.861,-0.09101,0.36855,0.74541,0.22092,0.07192,-0.10562,-0.07745,-0.72671,-0.29764,0.31643,-0,-0.05552,0.08249,0.07006,0.02067,-0.16419,0.13202,0.02249,-3.69105,0.79342,1.71502,0.82119,1.44995,-0.26419,-0.33024,2.31194,-0.09897,-0.50718,-3.01167,-0.2021,0.32398,0.17669,-1.65683,-0.10473,0.35754,0.39473,0.15917,-0.08579,-0.06086
36.54,-0.84385,-0.08907,0.3582,0.71669,0.18827,0.02885,-0.09414,-0.04318,-0.74959,-0.29089,0.30462,-0,-0.10531,0.0826,0.03712,0.04819,-0.13011,0.12549,0.02,-3.93624,0.66542,1.93411,0.94134,1.21,-0.2037,-0.27728,2.36448,-0.02068,-0.37187,-2.44186,-0.06807,0.19077,0.1063,-1.67988,-0.07292,0.15986,0.55897,0.14091,-0.04807,-0.03949
36.56,-0.82746,-0.09094,0.34776,0.68643,0.15194,-0.00766,-0.07943,-0.01273,-0.75708,-0.28468,0.29173,-0,-0.15573,0.0754,0.00385,0.07445,0.0904,0.16384,-0.01358,-4.14152,0.51201,2.11851,1.03791,0.92423,-0.13334,-0.21681,2.38652,0.03957,-0.27027,-1.81909,0.04351,0.09645,0.05739,-1.6929,-0.04672,-0.05171,0.71196,0.12432,0.00327,-0.01037
36.58,-0.81224,-0.09661,0.33755,0.65573,0.11393,-0.03547,-0.06276,0.01239,-0.74943,-0.28013,0.278,-0,-0.20559,0.06179,-0.02866,0.09863,0.46683,0.23965,-0.07406,-4.30256,0.33868,2.2621,1.10858,0.61239,-0.05933,-0.15255,2.38111,0.08078,-0.19802,-1.16701,0.13138,0.0367,0.0273,-1.70039,-0.02602,-0.26576,0.85383,0.11237,0.07036,0.0277
36.6,-0.79865,-0.10587,0.32783,0.62494,0.07632,-0.05346,-0.04552,0.03131,-0.72754,-0.27812,0.26355,-0,-0.25317,0.0445,-0.05971,0.1198,0.9232,0.33375,-0.14937,-4.4162,0.15369,2.36157,1.15305,0.30282,0.01082,-0.08953,2.35134,0.10518,-0.1469,-0.51397,0.1962,0.0056,0.01262,-1.70729,-0.01002,-0.47004,0.98597,0.10791,0.15493,0.0758
36.62,-0.78709,-0.11838,0.31879,0.59397,0.04108,-0.06125,-0.02906,0.0436,-0.69269,-0.27929,0.24848,-0,-0.29647,0.02716,-0.08883,0.13704,1.36151,0.42127,-0.22348,-4.48,-0.03328,2.41553,1.17231,0.02673,0.06946,-0.03321,2.29997,0.11685,-0.10731,0.10972,0.23985,-0.00341,0.00959,-1.71835,0.00247,-0.65252,1.11035,0.11366,0.25803,0.13465
36.64,-0.77793,-0.13376,0.31053,0.5626,0.00962,-0.05909,-0.01432,0.04936,-0.64634,-0.2839,0.2329,-0,-0.33395,0.01299,-0.11577,0.14968,1.69666,0.48078,-0.28227,-4.49292,-0.2139,2.42449,1.16821,-0.1915,0.11104,0.01221,2.2291,0.12013,-0.07113,0.67872,0.26496,0.00334,0.0147,-1.73739,0.01271,-0.80396,1.22938,0.13194,0.37966,0.20446
36.66,-0.77139,-0.15158,0.30305,0.5308,-0.01742,-0.0478,-0.00166,0.04917,-0.59017,-0.29179,0.21702,-0,-0.36481,0.00396,-0.14037,0.15745,1.87945,0.50022,-0.31731,-4.45585,-0.38241,2.39086,1.14328,-0.34029,0.13347,0.04475,2.14027,0.11854,-0.03388,1.17562,0.27459,0.02026,0.02486,-1.76669,0.02185,-0.91935,1.34546,0.16439,0.5181,0.28459
36.68,-0.76767,-0.17129,0.29632,0.49901,-0.03999,-0.02882,0.0091,0.0441,-0.52639,-0.30225,0.20136,-0,-0.38889,0.00069,-0.16233,0.16047,1.90072,0.47828,-0.32655,-4.37187,-0.5347,2.31908,1.10071,-0.4211,0.13822,0.06463,2.03509,0.11443,0.00448,1.58769,0.27203,0.04253,0.03744,-1.80666,0.03073,-0.99721,1.45994,0.21174,0.66879,0.37282
36.7,-0.76692,-0.19204,0.2903,0.46838,-0.05834,-0.00419,0.01849,0.03561,-0.45812,-0.31408,0.18674,-0,-0.40633,0.00261,-0.18107,0.15912,1.78549,0.42297,-0.31333,-4.24602,-0.66691,2.21544,1.0444,-0.44579,0.12975,0.07379,1.91562,0.10915,0.03983,1.90311,0.26055,0.06599,0.05022,-1.85568,0.0399,-1.03781,1.57211,0.27351,0.82295,0.46464
36.72,-0.76932,-0.21287,0.285,0.44044,-0.07293,0.02379,0.02724,0.02536,-0.38885,-0.32576,0.17414,-0,-0.41747,0.00849,-0.19584,0.15387,1.5785,0.3476,-0.28417,-4.08425,-0.77542,2.087,0.97843,-0.43176,0.11397,0.07506,1.78384,0.10335,0.06603,2.11183,0.24309,0.08719,0.0614,-1.91008,0.04976,-1.04009,1.67838,0.34751,0.96584,0.55216
36.74,-0.77504,-0.23289,0.28039,0.41658,-0.08426,0.05308,0.03609,0.01489,-0.32159,-0.33584,0.16432,-0,-0.42281,0.01714,-0.20595,0.14523,1.3247,0.26519,-0.24576,-3.89183,-0.85755,1.94007,0.90626,-0.3959,0.09629,0.07126,1.64029,0.09753,0.07815,2.20963,0.22184,0.10348,0.06958,-1.96427,0.06077,-0.99786,1.77187,0.42921,1.07517,0.62321
36.76,-0.78411,-0.25138,0.27643,0.39778,-0.09283,0.08204,0.04553,0.00547,-0.25842,-0.3431,0.15767,-0,-0.42298,0.0278,-0.211,0.13359,1.05692,0.18491,-0.20308,-3.67306,-0.91199,1.77968,0.83048,-0.35071,0.0803,0.06457,1.4838,0.09241,0.0748,2.20091,0.19802,0.11303,0.07384,-2.01065,0.07362,-0.89758,1.84173,0.51109,1.11952,0.66034
36.78,-0.79646,-0.26769,0.27305,0.38463,-0.09903,0.10938,0.05578,-0.00188,-0.20096,-0.34656,0.15413,-0,-0.41874,0.04019,-0.21085,0.11936,0.79456,0.11176,-0.15923,-3.43265,-0.9383,1.61057,0.7533,-0.30349,0.06761,0.05642,1.31244,0.08906,0.0586,2.09911,0.17205,0.11472,0.07363,-2.03914,0.08918,-0.7181,1.87236,0.58175,1.05727,0.64011
36.8,-0.81178,-0.28107,0.27023,0.37752,-0.10305,0.13388,0.06669,-0.00629,-0.15071,-0.34541,0.15334,-0,-0.41093,0.05437,-0.20552,0.10298,0.54636,0.04744,-0.1158,-3.17708,-0.93641,1.43826,0.67704,-0.257,0.05803,0.04755,1.12477,0.08889,0.03567,1.92532,0.14378,0.10806,0.06875,-2.03723,0.10837,-0.43385,1.84353,0.62609,0.83992,0.53489
36.82,-0.82961,-0.29076,0.26797,0.37651,-0.10489,0.15436,0.07774,-0.00706,-0.10888,-0.33903,0.15475,-0,-0.40026,0.07056,-0.19513,0.08495,0.31319,-0.00878,-0.07334,-2.91356,-0.90663,1.26831,0.60394,-0.21053,0.05014,0.0382,0.92,0.09335,0.01343,1.70444,0.11286,0.0931,0.0593,-1.99135,0.13213,-0.02466,1.73308,0.62829,0.42698,0.32113
36.84,-0.84941,-0.29615,0.26622,0.38106,-0.10443,0.1699,0.08812,-0.00367,-0.07571,-0.32698,0.15771,-0,-0.38705,0.08886,-0.17981,0.06566,0.09072,-0.05919,-0.03168,-2.64762,-0.84992,1.10472,0.53553,-0.16128,0.04183,0.02825,0.69767,0.10348,-0.00236,1.45976,0.07923,0.07044,0.04567,-1.88922,0.16144,0.50999,1.52154,0.57658,-0.19171,-0.00818
36.86,-0.87054,-0.29683,0.26492,0.38985,-0.10143,0.1798,0.09673,0.00415,-0.05012,-0.30917,0.16154,-0,-0.37121,0.10898,-0.15968,0.04545,-0.12797,-0.10694,0.00967,-2.38234,-0.76846,0.94926,0.47242,-0.10545,0.0308,0.01743,0.45815,0.11959,-0.00972,1.21024,0.04346,0.04133,0.02856,-1.72202,0.19714,1.1391,1.19619,0.46683,-0.97792,-0.43346
36.88,-0.8921,-0.2927,0.26396,0.40061,-0.09559,0.18357,0.10211,0.01638,-0.02979,-0.28594,0.16554,-0,-0.35223,0.13009,-0.13504,0.02473,-0.35014,-0.15544,0.05107,-2.12012,-0.66624,0.80249,0.41469,-0.03892,0.0147,0.00544,0.20452,0.14102,-0.0109,0.97161,0.00722,0.00788,0.00917,-1.4859,0.23968,1.79241,0.75415,0.30412,-1.83475,-0.90293
36.9,-0.91283,-0.28382,0.26321,0.41028,-0.08654,0.18085,0.10247,0.03266,-0.01154,-0.25815,0.16897,-0,-0.32932,0.15065,-0.1064,0.00411,-0.58101,-0.20778,0.09242,-1.86459,-0.54942,0.66503,0.36245,0.04232,-0.0087,-0.00803,-0.0562,0.1662,-0.01176,0.75826,-0.02667,-0.0268,-0.01079,-1.18272,0.28889,2.36304,0.20388,0.10242,-2.61137,-1.33519
36.92,-0.93129,-0.27046,0.26254,0.41563,-0.07396,0.17153,0.09604,0.05228,0.00817,-0.22699,0.17112,-0,-0.30147,0.16853,-0.07442,-0.01569,-0.82104,-0.26569,0.13289,-1.62003,-0.42541,0.53757,0.31575,0.14211,-0.04127,-0.0233,-0.315,0.19308,-0.02008,0.58301,-0.05461,-0.05867,-0.0291,-0.81897,0.34395,2.73371,-0.43686,-0.11895,-3.14038,-1.63942
36.94,-0.9463,-0.25299,0.26187,0.41419,-0.05767,0.15612,0.08169,0.07412,0.03265,-0.19364,0.1715,-0,-0.26741,0.18119,-0.03959,-0.03412,-1.06304,-0.32826,0.17078,-1.38939,-0.30131,0.42025,0.27431,0.26416,-0.08423,-0.04081,-0.56488,0.21979,-0.04297,0.45565,-0.07306,-0.08305,-0.04325,-0.40365,0.40345,2.81823,-1.14493,-0.3408,-3.29635,-1.74703
36.96,-0.9571,-0.23192,0.26114,0.40492,-0.03774,0.13595,0.05938,0.09665,0.06452,-0.15916,0.16987,-0,-0.22573,0.18586,-0.00218,-0.05084,-1.28932,-0.39091,0.20324,-1.1736,-0.18325,0.31248,0.23733,0.41168,-0.13767,-0.0612,-0.80272,0.2451,-0.08503,0.38213,-0.07908,-0.09483,-0.05054,0.0516,0.46533,2.59035,-1.89201,-0.54704,-3.03629,-1.63342
36.98,-0.96336,-0.20807,0.26037,0.38846,-0.01472,0.11342,0.03044,0.11765,0.10532,-0.12469,0.16635,-0,-0.1752,0.17946,0.03748,-0.0657,-1.46911,-0.44457,0.22601,-0.97304,-0.07716,0.2138,0.20381,0.58622,-0.20016,-0.08508,-1.02798,0.26827,-0.1476,0.36519,-0.07036,-0.08828,-0.04798,0.52919,0.52633,2.09206,-2.63907,-0.72383,-2.41089,-1.32383
37,-0.96504,-0.18268,0.25964,0.36693,0.01034,0.09195,-0.00247,0.13423,0.15542,-0.0917,0.16132,-0,-0.11497,0.15869,0.07883,-0.07854,-1.55969,-0.47605,0.23347,-0.78919,0.0106,0.12466,0.17283,0.78643,-0.26846,-0.11288,-1.24073,0.28884,-0.22898,0.40518,-0.04505,-0.05696,-0.03225,1.00348,0.5817,1.42584,-3.33316,-0.85826,-1.55378,-0.8875
37.02,-0.96229,-0.15715,0.25906,0.34311,0.03608,0.07529,-0.03594,0.1433,0.21429,-0.06177,0.1553,-0,-0.04434,0.12061,0.12122,-0.08929,-1.51721,-0.47139,0.22014,-0.62454,0.07404,0.04624,0.14367,1.00696,-0.33789,-0.14449,-1.44118,0.30658,-0.32595,0.50061,-0.00137,0.00623,0.00032,1.44523,0.62582,0.72388,-3.91555,-0.93941,-0.64002,-0.41585
37.04,-0.95543,-0.13273,0.25876,0.3193,0.06121,0.06642,-0.06688,0.14247,0.28108,-0.03608,0.14873,-0,0.03781,0.06354,0.16444,-0.09808,-1.3139,-0.42089,0.18299,-0.48122,0.10939,-0.02042,0.11577,1.23752,-0.40315,-0.17892,-1.63015,0.32146,-0.43621,0.64831,0.06283,0.10892,0.05368,1.83025,0.65334,0.10286,-4.33763,-0.96098,0.1746,0.00938
37.06,-0.94491,-0.11024,0.25886,0.29654,0.08472,0.06686,-0.09301,0.13064,0.35472,-0.01521,0.14185,-0,0.13308,-0.01208,0.20884,-0.10535,-0.95103,-0.32298,0.12322,-0.36058,0.1164,-0.07475,0.08876,1.46145,-0.45865,-0.21389,-1.8089,0.33362,-0.55959,0.84279,0.15002,0.25862,0.13177,2.14425,0.65996,-0.36499,-4.57075,-0.92332,0.79232,0.33641
37.08,-0.93139,-0.09028,0.25944,0.27459,0.10574,0.07644,-0.11284,0.10819,0.43345,0.00079,0.13474,-0,0.2429,-0.10294,0.2551,-0.11176,-0.46447,-0.1858,0.04713,-0.26402,0.09847,-0.11636,0.06269,1.65354,-0.4981,-0.24547,-1.97761,0.34327,-0.69755,1.07492,0.26252,0.46168,0.23797,2.3814,0.64249,-0.65547,-4.60626,-0.83396,1.17845,0.54608
37.1,-0.91576,-0.07337,0.2606,0.25226,0.1234,0.09353,-0.12546,0.07695,0.51436,0.01217,0.12733,-0,0.36791,-0.20277,0.30385,-0.11815,0.07781,-0.02648,-0.03426,-0.19381,0.06206,-0.14458,0.0382,1.78009,-0.51439,-0.26813,-2.13413,0.35058,-0.85182,1.3309,0.4016,0.72184,0.37433,2.5413,0.59881,-0.78414,-4.45168,-0.70682,1.35046,0.64617
37.12,-0.89898,-0.05998,0.2624,0.22796,0.13681,0.11552,-0.13036,0.03963,0.59385,0.01937,0.11958,-0,0.50836,-0.30381,0.3556,-0.12537,0.59317,0.13346,-0.1079,-0.15239,0.01518,-0.15868,0.01625,1.80557,-0.50058,-0.27591,-2.27427,0.35554,-1.02276,1.59366,0.56625,1.03821,0.54054,2.62722,0.52808,-0.79106,-4.12532,-0.55903,1.35817,0.66127
37.14,-0.8818,-0.05045,0.2649,0.20031,0.14531,0.13956,-0.12753,-0.00094,0.6685,0.02303,0.11156,-0,0.66484,-0.39928,0.41091,-0.13408,1.01119,0.27523,-0.1629,-0.14062,-0.03489,-0.15845,-0.00236,1.70363,-0.4518,-0.26436,-2.39311,0.35789,-1.20746,1.84562,0.75182,1.4029,0.73271,2.64545,0.43131,-0.72154,-3.65041,-0.40622,1.25879,0.62007
37.16,-0.86461,-0.04497,0.26813,0.16874,0.14858,0.16292,-0.11743,-0.04219,0.73551,0.02393,0.10357,-0,0.83839,-0.48474,0.47022,-0.14465,1.29078,0.38718,-0.19329,-0.15656,-0.08281,-0.14463,-0.01723,1.46536,-0.36686,-0.23187,-2.48562,0.35705,-1.39781,2.06974,0.94833,1.79797,0.94179,2.60506,0.31209,-0.61347,-3.05321,-0.25991,1.10048,0.54698
37.18,-0.84754,-0.04358,0.27209,0.13384,0.14661,0.18297,-0.1011,-0.08158,0.79223,0.02296,0.09624,-0,1.0292,-0.55779,0.53343,-0.15698,1.42218,0.46507,-0.19839,-0.19511,-0.12523,-0.1191,-0.02833,1.10267,-0.24907,-0.18028,-2.54595,0.35212,-1.5785,2.248,1.13858,2.19177,1.1516,2.51783,0.17763,-0.4946,-2.36644,-0.12787,0.91901,0.46029
37.2,-0.83062,-0.04626,0.2767,0.09743,0.13965,0.19702,-0.08012,-0.11642,0.83576,0.02113,0.09052,-0,1.23552,-0.61726,0.59951,-0.17053,1.42145,0.51041,-0.18198,-0.24842,-0.16028,-0.08478,-0.03584,0.64749,-0.10635,-0.11463,-2.56711,0.34194,-1.727,2.36049,1.2981,2.5386,1.33868,2.39792,0.03897,-0.38382,-1.63206,-0.01544,0.73932,0.37301
37.22,-0.81382,-0.05294,0.28188,0.06193,0.12811,0.20256,-0.05629,-0.14408,0.86329,0.01934,0.08749,-0,1.454,-0.66274,0.66671,-0.18438,1.31968,0.5282,-0.15029,-0.30746,-0.18716,-0.04505,-0.04007,0.1435,0.05057,-0.04186,-2.54245,0.32545,-1.81853,2.38865,1.40041,2.78832,1.47726,2.25993,-0.09119,-0.29288,-0.89584,0.07406,0.57746,0.29362
37.24,-0.79709,-0.06346,0.28763,0.02935,0.11244,0.19773,-0.03115,-0.16269,0.87307,0.01827,0.08809,-0,1.68104,-0.69445,0.73316,-0.19749,1.14945,0.52416,-0.10934,-0.36431,-0.20589,-0.00292,-0.04132,-0.36646,0.21098,0.03128,-2.46849,0.30222,-1.83445,2.32143,1.42572,2.90241,1.54764,2.11617,-0.20221,-0.22838,-0.19699,0.13937,0.44244,0.22708
37.26,-0.78035,-0.07747,0.29402,0.00067,0.09311,0.18169,-0.00578,-0.1715,0.865,0.01819,0.09281,-0,1.91294,-0.71298,0.79706,-0.20882,0.93627,0.50299,-0.06328,-0.4135,-0.21702,0.03938,-0.0399,-0.84729,0.3656,0.09934,-2.34726,0.27288,-1.76814,2.16,1.36704,2.86494,1.54186,1.97523,-0.28779,-0.19335,0.43671,0.18124,0.33803,0.17562
37.28,-0.7637,-0.09435,0.30119,-0.02407,0.07081,0.15479,0.0191,-0.17088,0.84086,0.01895,0.1017,-0,2.14415,-0.71907,0.85621,-0.21722,0.6977,0.46797,-0.01427,-0.45204,-0.22146,0.08028,-0.03608,-1.26967,0.50577,0.15799,-2.18765,0.23945,-1.62672,1.91981,1.23193,2.6852,1.46495,1.84271,-0.34573,-0.18798,0.98508,0.20204,0.26412,0.13944
37.3,-0.74749,-0.11315,0.30928,-0.04548,0.04647,0.11854,0.04293,-0.16215,0.80404,0.02003,0.1143,-0,2.36596,-0.71348,0.90766,-0.22138,0.44563,0.42125,0.03693,-0.47878,-0.22035,0.11844,-0.03011,-1.60684,0.62249,0.20347,-2.00524,0.20533,-1.42954,1.62966,1.04083,2.39456,1.33316,1.72231,-0.37701,-0.21015,1.43075,0.20516,0.21786,0.11725
37.32,-0.73225,-0.13277,0.31846,-0.06442,0.02116,0.07523,0.06526,-0.14721,0.75876,0.02071,0.12986,-0,2.56799,-0.697,0.94825,-0.2199,0.18885,0.36447,0.09028,-0.49396,-0.21484,0.15285,-0.02225,-1.83643,0.70743,0.23284,-1.81868,0.17437,-1.20149,1.32466,0.82044,2.0356,1.16806,1.61578,-0.38456,-0.25578,1.75936,0.19446,0.19467,0.10684
37.34,-0.71844,-0.15223,0.32894,-0.08169,-0.00415,0.02731,0.08588,-0.12811,0.70886,0.02033,0.14751,-0,2.74141,-0.67072,0.97568,-0.21142,-0.06404,0.29959,0.14554,-0.49863,-0.20594,0.18306,-0.01279,-1.94593,0.75528,0.24457,-1.6441,0.14949,-0.96344,1.03545,0.59405,1.64682,0.98821,1.52227,-0.37229,-0.31926,1.96363,0.17369,0.1892,0.1055
37.36,-0.70642,-0.17083,0.34096,-0.0977,-0.02875,-0.02285,0.10476,-0.10687,0.65721,0.01848,0.16634,-0,2.88076,-0.63627,0.9892,-0.19476,-0.30185,0.2297,0.20146,-0.49434,-0.19442,0.20923,-0.00211,-1.93631,0.7652,0.23904,-1.49177,0.13177,-0.72636,0.78186,0.37569,1.25344,0.8042,1.43804,-0.34441,-0.39336,2.04572,0.14621,0.19583,0.11036
37.38,-0.69645,-0.18804,0.35469,-0.11228,-0.05196,-0.07264,0.12196,-0.08555,0.60593,0.015,0.18532,-0,2.98317,-0.59619,0.98966,-0.16908,-0.50814,0.15981,0.25517,-0.48309,-0.18088,0.23195,0.00919,-1.82269,0.74107,0.21861,-1.36652,0.12035,-0.49164,0.57323,0.17023,0.868,0.61856,1.35711,-0.3054,-0.46868,2.01682,0.11514,0.20885,0.11841
37.4,-0.68884,-0.20336,0.37018,-0.12457,-0.07298,-0.11894,0.13744,-0.06634,0.55672,0.01002,0.20315,-0,3.04707,-0.55394,0.97912,-0.13396,-0.6607,0.09694,0.30203,-0.46716,-0.16582,0.25199,0.02031,-1.63215,0.69066,0.18737,-1.26917,0.11279,-0.25352,0.41102,-0.02413,0.49375,0.42783,1.27218,-0.26013,-0.53373,1.89517,0.08342,0.22258,0.1266
37.42,-0.68386,-0.21633,0.38736,-0.13313,-0.09094,-0.15843,0.15098,-0.05141,0.51082,0.00381,0.21853,-0,3.07159,-0.51333,0.96011,-0.08935,-0.73644,0.04889,0.3368,-0.44879,-0.14972,0.2701,0.03028,-1.39709,0.62357,0.15016,-1.19754,0.10583,-0.00133,0.2908,-0.21325,0.12607,0.22446,1.17569,-0.21358,-0.57706,1.70275,0.0537,0.23186,0.13213
37.44,-0.68164,-0.22657,0.4062,-0.13613,-0.10498,-0.1883,0.16225,-0.0425,0.46856,-0.00341,0.23045,-0,3.05653,-0.47745,0.93454,-0.03552,-0.7198,0.02204,0.35549,-0.42957,-0.13311,0.28692,0.03823,-1.14577,0.54831,0.11119,-1.14703,0.0963,0.2782,0.20382,-0.40415,-0.24729,-0.00106,1.06093,-0.17031,-0.59075,1.4612,0.02792,0.23293,0.13292
37.46,-0.68209,-0.23389,0.42668,-0.13153,-0.11438,-0.20667,0.17073,-0.04068,0.42928,-0.01157,0.23847,-0,3.00255,-0.44812,0.90315,0.02679,-0.60888,0.01982,0.35668,-0.41016,-0.11663,0.3028,0.04349,-0.89677,0.47055,0.07323,-1.11103,0.08185,0.59844,0.13819,-0.60246,-0.64478,-0.25797,0.92328,-0.13428,-0.57284,1.19006,0.00713,0.22389,0.12796
37.48,-0.68488,-0.23818,0.44865,-0.1171,-0.1185,-0.21252,0.17569,-0.04631,0.39156,-0.02068,0.24269,-0,2.91142,-0.42593,0.86556,0.09591,-0.41753,0.04245,0.3418,-0.39028,-0.10117,0.31766,0.04554,-0.65941,0.39331,0.03771,-1.08148,0.06117,0.97005,0.07977,-0.81031,-1.08794,-0.55291,0.76144,-0.10911,-0.52803,0.90821,-0.0084,0.20497,0.1174
37.5,-0.68945,-0.23937,0.4717,-0.09049,-0.11661,-0.20548,0.1761,-0.05914,0.35357,-0.03082,0.24361,-0,2.7862,-0.41062,0.8206,0.16891,-0.17381,0.08744,0.31462,-0.36906,-0.08799,0.33094,0.04404,-0.43617,0.31763,0.00508,-1.04917,0.03407,1.39766,0.01293,-1.02492,-1.59637,-0.88757,0.57804,-0.09819,-0.46674,0.63537,-0.0189,0.17826,0.10242
37.52,-0.69511,-0.23742,0.49524,-0.04953,-0.10798,-0.1858,0.17072,-0.07836,0.31335,-0.04207,0.24206,-0,2.6307,-0.40133,0.76674,0.24204,0.08767,0.1509,0.27955,-0.34525,-0.07854,0.34173,0.03879,-0.2243,0.24294,-0.02499,-1.00422,0.00097,1.87615,-0.07886,-1.23894,-2.17964,-1.25661,0.37817,-0.10412,-0.40162,0.3904,-0.02486,0.14696,0.08483
37.54,-0.7011,-0.23231,0.51871,0.00737,-0.09185,-0.15436,0.15835,-0.10274,0.26889,-0.05455,0.23908,-0,2.44861,-0.3969,0.70267,0.3117,0.33722,0.22947,0.23934,-0.31773,-0.0741,0.34921,0.0299,-0.01716,0.16732,-0.05333,-0.93638,-0.03758,2.38638,-0.21231,-1.44172,-2.82725,-1.64575,0.16679,-0.12761,-0.34242,0.18749,-0.0267,0.11414,0.06632
37.56,-0.7067,-0.22414,0.54162,0.08069,-0.0676,-0.11289,0.13796,-0.13059,0.21839,-0.06834,0.23585,-0,2.24364,-0.39605,0.62789,0.3748,0.55704,0.32129,0.19359,-0.28584,-0.0756,0.35281,0.01786,0.19431,0.08788,-0.08114,-0.83563,-0.08125,2.89057,-0.40337,-1.61966,-3.49938,-2.02914,-0.05235,-0.16658,-0.2927,0.03407,-0.02461,0.08206,0.04811
37.58,-0.71114,-0.21317,0.56339,0.16919,-0.03488,-0.06428,0.10892,-0.15956,0.16068,-0.08338,0.23368,-0,2.02096,-0.39746,0.5434,0.4284,0.74136,0.4256,0.13864,-0.24971,-0.08355,0.35231,0.00366,0.41966,0.00142,-0.10969,-0.69288,-0.12962,3.32704,-0.66577,-1.75473,-4.11926,-2.36554,-0.27535,-0.21575,-0.24936,-0.06832,-0.01846,0.05222,0.03096
37.6,-0.7136,-0.19983,0.58324,0.26961,0.00618,-0.01268,0.07108,-0.18653,0.09553,-0.09943,0.234,-0,1.78833,-0.39978,0.45206,0.46935,0.89342,0.54186,0.06858,-0.21039,-0.09798,0.34767,-0.01117,0.66665,-0.09474,-0.14004,-0.50096,-0.18193,3.61166,-1.00918,-1.8244,-4.5,-2.59899,-0.49675,-0.26683,-0.20394,-0.12228,-0.00793,0.02566,0.01535
37.62,-0.71332,-0.18468,0.60027,0.37745,0.05497,0.03724,0.02485,-0.20815,0.02352,-0.1161,0.23796,-0,1.55478,-0.40176,0.358,0.49467,1.02102,0.66873,-0.02249,-0.16959,-0.11826,0.33904,-0.02487,0.93875,-0.20184,-0.17269,-0.25555,-0.23694,3.65762,-1.43669,-1.80637,-4.5,-2.67166,-0.71025,-0.31037,-0.14616,-0.13284,0.00729,0.00309,0.00159
37.64,-0.7097,-0.16824,0.61375,0.48848,0.11038,0.08149,-0.02882,-0.2216,-0.05441,-0.13312,0.24598,-0,1.32768,-0.40237,0.2654,0.50266,1.13117,0.80302,-0.13728,-0.12912,-0.14267,0.32664,-0.03579,1.2323,-0.31874,-0.20723,0.04343,-0.29303,3.40722,-1.94186,-1.68685,-4.5,-2.54509,-0.91082,-0.33866,-0.0687,-0.10586,0.02707,-0.015,-0.0101
37.66,-0.70252,-0.15097,0.62332,0.59926,0.17064,0.11746,-0.08824,-0.22519,-0.137,-0.15038,0.25731,-0,1.11159,-0.40088,0.17801,0.49356,1.22619,0.93848,-0.2726,-0.09059,-0.16812,0.31072,-0.04271,1.5336,-0.44079,-0.24201,0.38992,-0.34804,2.85528,-2.50473,-1.46673,-3.98874,-2.21558,-1.0955,-0.3476,0.02914,-0.04725,0.05054,-0.02825,-0.01951
37.68,-0.69192,-0.13338,0.6289,0.70655,0.23285,0.14379,-0.15052,-0.21842,-0.22202,-0.16783,0.26985,-0,0.90953,-0.39691,0.09968,0.46976,1.30186,1.06444,-0.41777,-0.0557,-0.18983,0.29171,-0.04479,1.81582,-0.55866,-0.27372,0.76868,-0.39887,2.05844,-3.08668,-1.16462,-3.1041,-1.72008,-1.26216,-0.33707,0.13985,0.03702,0.07577,-0.03632,-0.02634
37.7,-0.67848,-0.11615,0.63062,0.80652,0.29269,0.16004,-0.21135,-0.20181,-0.3059,-0.18537,0.28034,-0,0.72467,-0.3904,0.03486,0.43555,1.34762,1.16571,-0.55486,-0.02646,-0.20151,0.27029,-0.04151,2.0391,-0.65823,-0.29746,1.15436,-0.44121,1.13016,-3.62947,-0.81574,-2.04128,-1.13259,-1.4082,-0.31038,0.24815,0.14063,0.09984,-0.03877,-0.03015
37.72,-0.66298,-0.10002,0.62871,0.89536,0.34538,0.16647,-0.2659,-0.17661,-0.38436,-0.2029,0.28504,-0,0.56007,-0.38162,-0.01211,0.39615,1.35034,1.226,-0.66311,-0.00496,-0.19658,0.24743,-0.03261,2.15932,-0.72368,-0.30777,1.51703,-0.47043,0.21063,-4.06679,-0.46322,-0.97091,-0.54446,-1.53083,-0.27279,0.33522,0.25746,0.11947,-0.03526,-0.0305
37.74,-0.64615,-0.08564,0.62351,0.97048,0.38714,0.16392,-0.31038,-0.14436,-0.45383,-0.22055,0.28093,-0,0.41743,-0.37112,-0.03853,0.35625,1.30029,1.23365,-0.72616,0.00713,-0.17028,0.22425,-0.0181,2.14257,-0.74261,-0.30039,1.83188,-0.4831,-0.57912,-4.34386,-0.14444,-0.04082,-0.03436,-1.62864,-0.22946,0.38529,0.38244,0.13208,-0.02581,-0.02718
37.76,-0.62854,-0.07344,0.61545,1.03125,0.41617,0.15382,-0.34306,-0.10674,-0.51218,-0.23865,0.26654,-0,0.29643,-0.35976,-0.04434,0.3192,1.19553,1.18567,-0.73685,0.00894,-0.12112,0.20209,0.00172,1.97545,-0.70959,-0.2735,2.08494,-0.47801,-1.16618,-4.43033,0.1172,0.65998,0.35061,-1.70236,-0.18422,0.39011,0.51175,0.13649,-0.0111,-0.02046
37.78,-0.6106,-0.0637,0.60507,1.07865,0.43266,0.13822,-0.36415,-0.06582,-0.55843,-0.25771,0.24223,-0,0.19571,-0.34881,-0.03225,0.28707,1.04375,1.08896,-0.69823,0.0004,-0.05165,0.18267,0.0261,1.6685,-0.62716,-0.22819,2.2724,-0.45647,-1.52825,-4.32238,0.31233,1.10471,0.59655,-1.7544,-0.13955,0.34991,0.6419,0.13306,0.00737,-0.01108
37.8,-0.59281,-0.05669,0.59309,1.11459,0.43827,0.11975,-0.37538,-0.02421,-0.5922,-0.27818,0.21007,-0,0.11379,-0.33996,-0.00732,0.26101,0.86159,0.95928,-0.62216,-0.01787,0.03179,0.16819,0.05376,1.25468,-0.50521,-0.16837,2.39776,-0.42195,-1.68412,-4.03893,0.44232,1.31735,0.71654,-1.78809,-0.097,0.27249,0.7689,0.1235,0.02719,-0.00039
37.82,-0.57565,-0.05265,0.5803,1.14137,0.43546,0.10121,-0.37925,0.01531,-0.61346,-0.3004,0.17313,-0,0.0493,-0.33496,0.02431,0.24147,0.67035,0.8167,-0.52523,-0.04474,0.12063,0.1609,0.08317,0.78119,-0.35828,-0.09981,2.46887,-0.37914,-1.67761,-3.61301,0.51538,1.35265,0.74,-1.8071,-0.05739,0.17063,0.88884,0.11048,0.04493,0.00969
37.84,-0.55947,-0.0517,0.56737,1.16114,0.4266,0.085,-0.37817,0.05046,-0.62251,-0.32454,0.13435,-0,0.00052,-0.33512,0.05711,0.22833,0.48925,0.67898,-0.42296,-0.07887,0.2067,0.16246,0.1129,0.29709,-0.20174,-0.02884,2.49523,-0.33251,-1.55793,-3.08015,0.54239,1.27162,0.69968,-1.81507,-0.02093,0.05857,0.99926,0.09702,0.056,0.01665
37.86,-0.54443,-0.05383,0.55479,1.17553,0.41342,0.07277,-0.37389,0.07984,-0.61989,-0.35041,0.09601,-0,-0.03483,-0.34094,0.08727,0.22104,0.33141,0.55749,-0.32626,-0.11873,0.28366,0.17338,0.14189,-0.1533,-0.04975,0.03841,2.48616,-0.28547,-1.36708,-2.47272,0.53407,1.1254,0.62308,-1.81538,0.01266,-0.05009,1.09985,0.08624,0.05464,0.0174
37.88,-0.53062,-0.05885,0.54295,1.18543,0.39698,0.06541,-0.36736,0.1028,-0.60643,-0.37733,0.05978,-0,-0.05928,-0.35196,0.11267,0.21869,0.20412,0.45705,-0.24119,-0.16236,0.34681,0.1929,0.16923,-0.52865,0.08408,0.09562,2.4503,-0.24058,-1.1376,-1.82266,0.50022,0.95183,0.5306,-1.81102,0.04378,-0.14199,1.19178,0.08128,0.03378,0.0082
37.9,-0.51819,-0.06642,0.53221,1.19093,0.37777,0.06322,-0.35883,0.11915,-0.58317,-0.40392,0.02707,-0,-0.07528,-0.36686,0.13261,0.22014,0.11037,0.3775,-0.17009,-0.20717,0.39244,0.21904,0.19396,-0.78878,0.18616,0.13611,2.39537,-0.19987,-0.89418,-1.16505,0.44955,0.77696,0.43638,-1.80457,0.07276,-0.20341,1.27682,0.08545,-0.01484,-0.0153
37.92,-0.50734,-0.0761,0.52293,1.19165,0.35587,0.06608,-0.34801,0.12902,-0.55131,-0.42837,-0.00101,-0,-0.08496,-0.38388,0.1474,0.22412,0.04981,0.31545,-0.11273,-0.25028,0.41789,0.24898,0.21509,-0.90112,0.24492,0.15407,2.32783,-0.16483,-0.65476,-0.53506,0.38949,0.61717,0.34936,-1.79804,0.09986,-0.22078,1.3568,0.10205,-0.10044,-0.05792
37.94,-0.49821,-0.08748,0.51538,1.18731,0.33112,0.0736,-0.33429,0.13287,-0.51218,-0.44891,-0.02379,-0,-0.09001,-0.40133,0.158,0.22939,0.01932,0.26635,-0.06751,-0.28919,0.42199,0.27973,0.23178,-0.85289,0.25485,0.14678,2.25218,-0.13618,-0.43125,0.03933,0.32581,0.48137,0.27451,-1.79271,0.12552,-0.18224,1.43348,0.13415,-0.23257,-0.12462
37.96,-0.49088,-0.1002,0.50972,1.1781,0.30336,0.08519,-0.31698,0.13146,-0.46736,-0.46401,-0.04116,-0,-0.09161,-0.41798,0.16576,0.23474,0.01333,0.22597,-0.0324,-0.32213,0.40546,0.30844,0.24346,-0.65994,0.21922,0.11623,2.1709,-0.11374,-0.2308,0.54053,0.26266,0.37308,0.21391,-1.78903,0.15047,-0.07892,1.50812,0.18427,-0.42014,-0.22
37.98,-0.48543,-0.11386,0.50602,1.16489,0.27262,0.1,-0.29547,0.12584,-0.41901,-0.47234,-0.05342,-0,-0.09038,-0.43301,0.17226,0.239,0.02406,0.19112,-0.00551,-0.3479,0.37104,0.33222,0.24969,-0.37014,0.15099,0.06971,2.085,-0.09665,-0.05776,0.95811,0.20304,0.29186,0.16751,-1.78661,0.17553,0.09424,1.58085,0.254,-0.67012,-0.34764
38,-0.48196,-0.12794,0.50433,1.14917,0.23937,0.11691,-0.26935,0.11732,-0.3701,-0.47268,-0.0611,-0,-0.08648,-0.44584,0.17918,0.241,0.04208,0.1599,0.01468,-0.36557,0.32329,0.34806,0.25012,-0.05909,0.07139,0.01909,1.99458,-0.08358,0.08482,1.28466,0.14933,0.23446,0.13385,-1.78424,0.20141,0.33749,1.64996,0.34347,-0.98553,-0.50907
38.02,-0.48061,-0.14188,0.50469,1.13274,0.20441,0.1347,-0.23851,0.10727,-0.32393,-0.46394,-0.06491,-0,-0.07996,-0.45598,0.18786,0.23974,0.05787,0.1315,0.02931,-0.37437,0.26758,0.35312,0.24443,0.18951,0.00434,-0.02237,1.89878,-0.07292,0.19506,1.51544,0.10346,0.19612,0.11062,-1.77964,0.22862,0.64477,1.71142,0.45055,-1.36284,-0.70244
38.04,-0.48151,-0.1552,0.50711,1.11723,0.16869,0.15236,-0.2031,0.0969,-0.28322,-0.4454,-0.06573,-0,-0.07141,-0.46294,0.19886,0.23451,0.06402,0.10556,0.03944,-0.37375,0.20858,0.34535,0.2325,0.31329,-0.03183,-0.04471,1.79536,-0.06302,0.27335,1.65057,0.06684,0.17161,0.09525,-1.76914,0.25751,1.00158,1.75846,0.56981,-1.78876,-0.9209
38.06,-0.48467,-0.16757,0.51153,1.10384,0.13328,0.16921,-0.1637,0.08711,-0.24966,-0.41695,-0.06461,-0,-0.06235,-0.46611,0.21149,0.22509,0.0568,0.08192,0.04616,-0.36349,0.14946,0.32402,0.21449,0.2911,-0.03001,-0.04452,1.68071,-0.05226,0.32291,1.69646,0.04046,0.15612,0.0853,-1.74754,0.28815,1.38223,1.78126,0.69141,-2.23643,-1.15061
38.08,-0.49003,-0.17871,0.51778,1.09334,0.09963,0.18485,-0.12165,0.07851,-0.22406,-0.3793,-0.06282,-0,-0.05548,-0.46469,0.22366,0.21182,0.0365,0.06067,0.05062,-0.34372,0.09213,0.28993,0.19102,0.14812,0.00434,-0.02573,1.55072,-0.0392,0.3494,1.66548,0.02507,0.14556,0.07866,-1.70814,0.32007,1.74625,1.76654,0.79986,-2.6611,-1.36855
38.1,-0.49739,-0.18834,0.52558,1.08619,0.06973,0.19897,-0.07919,0.0716,-0.20664,-0.33408,-0.06176,-0,-0.05452,-0.45778,0.23202,0.19564,0.00711,0.04228,0.05396,-0.31493,0.03778,0.24534,0.16316,-0.05087,0.05495,0.00151,1.40175,-0.02268,0.36015,1.57454,0.02151,0.13671,0.07367,-1.643,0.35212,2.03846,1.69774,0.87423,-3.00004,-1.54246
38.12,-0.50645,-0.1961,0.53456,1.08254,0.04571,0.21129,-0.03892,0.06675,-0.19706,-0.28328,-0.06296,-0,-0.06368,-0.44454,0.23282,0.17779,-0.0252,0.02722,0.05731,-0.2777,-0.01278,0.19318,0.13224,-0.2248,0.10082,0.02452,1.2312,-0.00181,0.36287,1.44238,0.03069,0.12712,0.06901,-1.54324,0.38274,2.19961,1.55669,0.89235,-3.18477,-1.63713
38.14,-0.51687,-0.20169,0.54434,1.08204,0.02897,0.22147,-0.00294,0.06438,-0.1944,-0.22851,-0.06789,-0,-0.08669,-0.42468,0.22333,0.15945,-0.05419,0.01535,0.06195,-0.23232,-0.05892,0.13586,0.0993,-0.31018,0.1251,0.03353,1.03794,0.02407,0.36399,1.28595,0.0535,0.11492,0.06373,-1.39963,0.41049,2.18401,1.32635,0.83777,-3.1613,-1.62481
38.16,-0.52823,-0.20483,0.55453,1.0838,0.01972,0.22907,0.0277,0.06492,-0.19699,-0.17064,-0.07793,-0,-0.12608,-0.3988,0.20278,0.14153,-0.07491,0.00545,0.0693,-0.17876,-0.09988,0.07466,0.06498,-0.28416,0.12104,0.02537,0.82331,0.05525,0.36768,1.1187,0.09065,0.09868,0.05707,-1.2035,0.43434,1.97214,0.99374,0.70478,-2.90465,-1.49265
38.18,-0.53995,-0.20529,0.56467,1.08634,0.01691,0.23345,0.05292,0.06893,-0.20244,-0.11008,-0.09421,-0,-0.18274,-0.36866,0.17279,0.12479,-0.08388,-0.00478,0.0809,-0.117,-0.13436,0.01003,0.02965,-0.17052,0.09357,0.00445,0.59286,0.09144,0.3755,0.9513,0.14235,0.07753,0.0486,-0.94824,0.45353,1.57479,0.55271,0.50049,-2.4237,-1.24522
38.2,-0.55126,-0.20283,0.57414,1.0877,0.0185,0.23378,0.07322,0.07697,-0.20772,-0.04727,-0.11763,-0,-0.25598,-0.33713,0.13707,0.10987,-0.07877,-0.01839,0.09827,-0.04731,-0.16034,-0.05796,-0.00629,-0.03329,0.05769,-0.01826,0.35722,0.13159,0.38651,0.7929,0.20791,0.05123,0.03819,-0.63073,0.46736,1.03102,0.00599,0.24419,-1.75919,-0.90343
38.22,-0.56126,-0.19722,0.58228,1.08582,0.02197,0.2293,0.08944,0.08947,-0.20958,0.01727,-0.14882,-0,-0.34468,-0.30738,0.09985,0.09724,-0.05801,-0.03826,0.12242,0.03004,-0.17532,-0.12946,-0.04243,0.04613,0.03295,-0.02904,0.12924,0.17401,0.3976,0.65152,0.28477,0.02017,0.02596,-0.25162,0.475,0.39704,-0.6353,-0.03777,-0.97228,-0.49873
38.24,-0.56913,-0.18828,0.58854,1.07916,0.02513,0.21971,0.1025,0.10645,-0.20516,0.08312,-0.18821,-0,-0.44908,-0.28155,0.06358,0.08691,-0.02027,-0.06577,0.15322,0.11542,-0.17712,-0.205,-0.07855,0.00217,0.03539,-0.01706,-0.08097,0.21669,0.40414,0.53361,0.36738,-0.01473,0.01217,0.18473,0.47537,-0.27017,-1.35355,-0.3198,-0.12749,-0.06425
38.26,-0.57426,-0.176,0.59257,1.06712,0.0266,0.20559,0.11317,0.12723,-0.19242,0.14979,-0.23591,-0,-0.57157,-0.25995,0.02751,0.07827,0.03562,-0.09981,0.18879,0.20998,-0.16436,-0.2853,-0.11457,-0.19167,0.07197,0.02179,-0.26894,0.25734,0.40024,0.44413,0.44604,-0.05196,-0.0028,0.66882,0.46711,-0.92176,-2.12323,-0.58143,0.71593,0.36956
38.28,-0.57621,-0.16057,0.59421,1.05024,0.0259,0.18846,0.12197,0.15027,-0.17034,0.21629,-0.29133,-0,-0.71614,-0.241,-0.01248,0.07013,0.1104,-0.13625,0.22515,0.31505,-0.13661,-0.3706,-0.1503,-0.51571,0.13889,0.08357,-0.43502,0.29312,0.37892,0.38739,0.50595,-0.08911,-0.01838,1.18204,0.44857,-1.51433,-2.90494,-0.80644,1.49984,0.77285
38.3,-0.57467,-0.14251,0.59345,1.03012,0.02337,0.17085,0.12905,0.1731,-0.13887,0.28064,-0.35294,-0,-0.88713,-0.2216,-0.06311,0.06085,0.20392,-0.16818,0.25629,0.43144,-0.09443,-0.46019,-0.18521,-0.90874,0.2228,0.15711,-0.5825,0.32052,0.33244,0.36764,0.52794,-0.12269,-0.03366,1.69477,0.41793,-2.00591,-3.64229,-0.98093,2.16285,1.11409
38.32,-0.56943,-0.12249,0.59042,1.0089,0.01989,0.15567,0.13436,0.19287,-0.09864,0.34033,-0.384,-0,-1.08819,-0.19783,-0.13187,0.04864,0.31472,-0.18764,0.27564,0.55964,-0.0391,-0.55264,-0.21846,-1.28849,0.3054,0.22763,-0.71616,0.33608,0.25396,0.38862,0.49334,-0.14845,-0.04733,2.17186,0.3736,-2.35947,-4.27133,-1.09395,2.64773,1.36388
38.34,-0.56037,-0.10118,0.58534,0.98838,0.01644,0.14543,0.1378,0.2072,-0.05044,0.39322,-0.384,-0,-1.32103,-0.16587,-0.22452,0.03192,0.43969,-0.18839,0.27837,0.70033,0.02771,-0.64649,-0.24921,-1.58194,0.3704,0.28203,-0.84101,0.33771,0.13994,0.4522,0.39162,-0.16199,-0.05766,2.58317,0.3147,-2.55174,-4.73821,-1.13987,2.91698,1.50295
38.36,-0.54754,-0.07917,0.57858,0.96958,0.01381,0.14162,0.13937,0.21469,0.00494,0.43797,-0.384,-0,-1.58378,-0.12274,-0.34296,0.00964,0.57327,-0.16778,0.26299,0.85436,0.10386,-0.74052,-0.27668,-1.74539,0.40809,0.31246,-0.96118,0.32563,-0.00774,0.55712,0.22616,-0.15925,-0.06243,2.90944,0.24171,-2.57895,-5.0101,-1.12005,2.96311,1.52745
38.38,-0.53123,-0.05712,0.57069,0.9527,0.0126,0.14469,0.13919,0.21502,0.06633,0.47384,-0.384,-0,-1.86866,-0.06679,-0.48392,-0.01851,0.70637,-0.12732,0.2318,1.02158,0.18628,-0.83299,-0.3,-1.76797,0.41617,0.3169,-1.07867,0.30264,-0.18018,0.6981,0.01684,-0.1365,-0.0589,3.14107,0.1571,-2.45761,-5.07525,-1.04314,2.81015,1.44968
38.4,-0.512,-0.03591,0.56244,0.93736,0.01322,0.15411,0.13748,0.20874,0.13185,0.50028,-0.384,-0,-2.16094,0.00215,-0.63877,-0.05196,0.82598,-0.07235,0.19049,1.19998,0.27055,-0.92119,-0.31798,-1.66686,0.39859,0.29835,-1.19264,0.27383,-0.36168,0.86558,-0.20119,-0.09027,-0.04378,3.27484,0.06557,-2.22144,-4.93867,-0.92421,2.50896,1.29571
38.42,-0.49059,-0.01651,0.55463,0.92293,0.01593,0.16864,0.13443,0.19704,0.19913,0.51693,-0.384,-0,-2.44184,0.08315,-0.79576,-0.08959,0.91769,-0.01026,0.1463,1.38672,0.35187,-1.00217,-0.32937,-1.47575,0.36291,0.26272,-1.30024,0.24532,-0.53428,1.04749,-0.38553,-0.01689,-0.01345,3.31191,-0.02691,-1.91304,-4.61622,-0.78144,2.12381,1.0985
38.44,-0.46757,0.00021,0.54793,0.90881,0.02092,0.18668,0.13016,0.18128,0.26581,0.5238,-0.384,-0,-2.694,0.1749,-0.9439,-0.13011,0.97005,0.052,0.10542,1.58023,0.42659,-1.07422,-0.33322,-1.2295,0.31675,0.21623,-1.39847,0.22237,-0.68492,1.23213,-0.49916,0.08796,0.03565,3.25682,-0.1149,-1.57234,-4.12815,-0.63154,1.71372,0.88834
38.46,-0.44333,0.01364,0.5427,0.89471,0.0283,0.20635,0.1246,0.1629,0.32969,0.52149,-0.384,-0,-2.90455,0.27594,-1.07505,-0.17223,0.97744,0.10947,0.07123,1.78098,0.49309,-1.13777,-0.32925,-0.95469,0.26546,0.16369,-1.48508,0.20813,-0.81002,1.40954,-0.51877,0.22916,0.10655,3.11743,-0.19438,-1.23003,-3.49696,-0.48713,1.32128,0.68716
38.48,-0.41816,0.02333,0.53905,0.88085,0.03805,0.22545,0.11756,0.14342,0.38829,0.51117,-0.384,-0,-3.06404,0.38391,-1.18347,-0.21444,0.94061,0.1591,0.04422,1.99029,0.55154,-1.19506,-0.31785,-0.66895,0.2119,0.10847,-1.55817,0.20352,-0.91558,1.57045,-0.43647,0.41127,0.20119,2.90555,-0.26234,-0.90838,-2.7509,-0.35712,0.97267,0.50846
38.5,-0.39246,0.02887,0.53685,0.86797,0.05,0.24137,0.1088,0.12457,0.43846,0.49448,-0.384,-0,-3.16477,0.49499,-1.26467,-0.25471,0.86606,0.19927,0.02255,2.2088,0.60311,-1.24953,-0.30016,-0.38377,0.1571,0.05299,-1.61544,0.20747,-1.0148,1.70504,-0.25816,0.63699,0.31972,2.63702,-0.31619,-0.62383,-1.92696,-0.24802,0.68156,0.35942
38.52,-0.36664,0.02998,0.53588,0.85707,0.06384,0.25144,0.09806,0.10805,0.47688,0.47329,-0.384,-0,-3.20062,0.60435,-1.31512,-0.2908,0.76458,0.22952,0.00341,2.43671,0.64929,-1.30528,-0.278,-0.10721,0.10101,-0.00084,-1.65427,0.21763,-1.12278,1.8033,0.00049,0.90506,0.45969,2.32926,-0.35359,-0.38666,-1.0656,-0.16442,0.45222,0.24234
38.54,-0.34092,0.02656,0.53592,0.84896,0.0792,0.25356,0.08528,0.09509,0.50118,0.44929,-0.384,-0,-3.16818,0.70733,-1.33265,-0.32088,0.64929,0.25058,-0.01526,2.67493,0.69122,-1.3667,-0.25385,0.15355,0.04354,-0.05119,-1.67221,0.23116,-1.24955,1.85661,0.31945,1.20771,0.61506,1.99714,-0.37283,-0.19889,-0.2005,-0.109,0.28191,0.15589
38.56,-0.3153,0.01887,0.53681,0.84392,0.09564,0.24661,0.07061,0.08627,0.51055,0.42383,-0.384,-0,-3.06789,0.79989,-1.3167,-0.34386,0.53478,0.2643,-0.03351,2.9251,0.72908,-1.43797,-0.23097,0.38952,-0.01463,-0.09591,-1.66735,0.24527,-1.3948,1.85865,0.67681,1.52772,0.77492,1.65147,-0.37301,-0.05327,0.6455,-0.08257,0.16293,0.09603
38.58,-0.28969,0.00754,0.53846,0.84171,0.11251,0.23059,0.05467,0.08151,0.50588,0.39805,-0.384,-0,-2.9047,0.87799,-1.26836,-0.3593,0.43774,0.27353,-0.04895,3.18771,0.76164,-1.52241,-0.21356,0.58735,-0.07133,-0.13204,-1.63836,0.25724,-1.54542,1.80549,1.04679,1.83529,0.92196,1.3011,-0.354,0.06579,1.45503,-0.08444,0.0842,0.05689
38.6,-0.2641,-0.00638,0.54087,0.84167,0.12888,0.20655,0.0385,0.08017,0.48941,0.37309,-0.384,-0,-2.68816,0.93704,-1.19027,-0.36715,0.37694,0.28174,-0.05696,3.46049,0.78614,-1.62202,-0.20678,0.72844,-0.12279,-0.15566,-1.58448,0.26437,-1.67636,1.69538,1.3983,2.0881,1.0326,0.95545,-0.3164,0.18002,2.20976,-0.1128,0.03271,0.03145
38.62,-0.23865,-0.02165,0.54411,0.84282,0.14359,0.17616,0.02345,0.08132,0.46419,0.35014,-0.384,-0,-2.43026,0.97247,-1.08609,-0.36759,0.36946,0.29223,-0.05208,3.73891,0.79891,-1.73741,-0.216,0.79266,-0.16473,-0.16258,-1.50564,0.26428,-1.75757,1.52888,1.69895,2.24044,1.08191,0.62446,-0.26153,0.3142,2.89013,-0.16507,-0.00506,0.01233
38.64,-0.21327,-0.03721,0.54829,0.84409,0.15548,0.14122,0.01083,0.08398,0.43334,0.33036,-0.384,-0,-2.14227,0.98118,-0.95973,-0.36097,0.42478,0.30696,-0.03029,4.01824,0.79653,-1.86805,-0.24566,0.76511,-0.19418,-0.14969,-1.40281,0.25543,-1.7649,1.30918,1.92273,2.25814,1.05172,0.3168,-0.19146,0.49205,3.47943,-0.23813,-0.04183,-0.00749
38.66,-0.18777,-0.05226,0.55353,0.84446,0.16347,0.10333,0.00172,0.08722,0.39965,0.31499,-0.384,-0,-1.83354,0.96255,-0.81539,-0.34778,0.54022,0.32572,0.00949,4.29396,0.77666,-2.01196,-0.29824,0.64112,-0.21078,-0.11599,-1.27856,0.23747,-1.68773,1.0433,2.05474,2.12922,0.93644,0.0396,-0.10941,0.73287,3.96485,-0.32817,-0.0885,-0.03409
38.68,-0.16191,-0.06628,0.55993,0.84293,0.1665,0.06413,-0.003,0.09027,0.36573,0.30538,-0.384,-0,-1.51346,0.91872,-0.65856,-0.32873,0.69912,0.34581,0.06465,4.55983,0.73832,-2.16455,-0.37373,0.42811,-0.21685,-0.06296,-1.13812,0.21148,-1.53123,0.74422,2.09107,1.86705,0.7452,-0.19936,-0.02036,1.04918,4.33361,-0.4301,-0.15357,-0.07229
38.7,-0.13565,-0.07885,0.56755,0.83859,0.16357,0.02555,-0.00259,0.09243,0.33419,0.30315,-0.384,-0,-1.19336,0.85437,-0.49678,-0.30479,0.87217,0.36222,0.12914,4.80606,0.68187,-2.31794,-0.46954,0.14487,-0.21693,0.00546,-0.98973,0.17987,-1.31486,0.4316,2.03632,1.50771,0.50068,-0.39003,0.06864,1.44462,4.5698,-0.53699,-0.24263,-0.12537
38.72,-0.10905,-0.08964,0.57641,0.83075,0.15385,-0.01047,0.00348,0.09311,0.30733,0.30982,-0.36298,-0,-0.88536,0.77561,-0.33849,-0.2771,1.02487,0.369,0.19507,4.974,0.60842,-2.4621,-0.58141,-0.18329,-0.21642,0.08392,-0.84285,0.14565,-1.06547,0.12749,1.89941,1.09829,0.23269,-0.52209,0.14962,1.91238,4.65718,-0.64057,-0.35755,-0.19445
38.74,-0.08202,-0.0984,0.58657,0.81913,0.13709,-0.04239,0.01531,0.09188,0.28653,0.32631,-0.29632,-0,-0.59906,0.68835,-0.1908,-0.2467,1.12882,0.36131,0.25517,4.974,0.51908,-2.58723,-0.70481,-0.53199,-0.21979,0.16714,-0.70492,0.11125,-0.80733,-0.1511,1.68835,0.67969,-0.03145,-0.58946,0.21572,2.43361,4.58625,-0.73229,-0.49539,-0.27782
38.76,-0.05428,-0.105,0.59812,0.80408,0.1139,-0.06939,0.0324,0.08852,0.27194,0.35247,-0.23412,-0,-0.34022,0.59762,-0.05841,-0.21454,1.16923,0.33687,0.30433,4.974,0.41467,-2.685,-0.8355,-0.8815,-0.2293,0.25072,-0.57964,0.07791,-0.55613,-0.39636,1.40772,0.27638,-0.27261,-0.59328,0.26239,2.97443,4.35982,-0.8038,-0.64716,-0.37005
38.78,-0.02555,-0.10933,0.61112,0.78673,0.086,-0.09116,0.05348,0.083,0.26246,0.38684,-0.17648,-0,-0.1125,0.50792,0.05567,-0.1817,1.14643,0.29648,0.33961,4.974,0.29647,-2.74808,-0.96874,-1.21519,-0.24465,0.33068,-0.46748,0.04573,-0.31937,-0.60889,1.05975,-0.1033,-0.47948,-0.5425,0.28729,3.48107,3.99561,-0.84643,-0.79638,-0.46114
38.8,0.00427,-0.11129,0.6255,0.76898,0.05625,-0.10766,0.0765,0.07552,0.25602,0.4266,-0.12332,-0,0.08055,0.4239,0.14899,-0.14956,1.07375,0.24384,0.35964,4.974,0.16679,-2.76928,-1.09849,-1.51688,-0.26305,0.40291,-0.36687,0.01401,-0.09889,-0.79508,0.64689,-0.46231,-0.64617,-0.4526,0.28974,3.87965,3.52536,-0.85094,-0.91926,-0.5366
38.82,0.03513,-0.11073,0.6411,0.75327,0.02809,-0.11901,0.09905,0.06636,0.24989,0.46818,-0.0744,-0,0.2356,0.34989,0.21965,-0.11956,0.97206,0.18432,0.36429,4.974,0.02848,-2.74184,-1.21818,-1.77099,-0.27969,0.46344,-0.27479,-0.01839,0.10676,-0.96489,0.17444,-0.80862,-0.77065,-0.34185,0.2703,4.09047,2.98729,-0.80898,-0.98959,-0.58051
38.84,0.06706,-0.1076,0.6578,0.74204,0.00476,-0.12546,0.119,0.05569,0.24122,0.50822,-0.02925,-0,0.35106,0.28889,0.2669,-0.09269,0.86213,0.12318,0.35433,4.974,-0.11617,-2.66027,-1.32245,-1.9646,-0.28857,0.50927,-0.18707,-0.05276,0.30007,-1.12985,-0.34679,-1.14805,-0.85377,-0.22596,0.23046,4.05194,2.41443,-0.71563,-0.98663,-0.58028
38.86,0.10013,-0.10194,0.67546,0.73748,-0.01126,-0.12737,0.13487,0.04348,0.22727,0.54408,0.01283,-0,0.42792,0.24204,0.29152,-0.06926,0.7598,0.06451,0.33135,4.96479,-0.26575,-2.52151,-1.40804,-2.08836,-0.28292,0.5388,-0.09882,-0.09021,0.48255,-1.30125,-0.89666,-1.47831,-0.8984,-0.11501,0.17262,3.73761,1.82883,-0.57167,-0.90075,-0.53017
38.88,0.13425,-0.09397,0.69386,0.74144,-0.0182,-0.12517,0.14582,0.02955,0.20566,0.57368,0.05242,-0,0.46924,0.20888,0.29564,-0.04899,0.67557,0.01147,0.29778,4.69012,-0.41869,-2.32596,-1.47328,-2.1355,-0.25535,0.5517,-0.00525,-0.13126,0.65268,-1.48836,-1.44068,-1.78483,-0.90876,-0.01333,0.10048,3.16209,1.24425,-0.385,-0.73523,-0.43232
38.9,0.16897,-0.08406,0.71255,0.75554,-0.01488,-0.11937,0.15144,0.01373,0.17445,0.59525,0.08967,-0,0.47922,0.18784,0.28232,-0.03125,0.61546,-0.03332,0.25697,4.35779,-0.57218,-2.07816,-1.51735,-2.10092,-0.19831,0.54857,0.09771,-0.17569,0.80503,-1.69716,-1.92876,-2.0403,-0.88981,0.07898,0.01918,2.37843,0.67108,-0.1707,-0.50542,-0.29627
38.92,0.20355,-0.0727,0.73089,0.78096,-0.00061,-0.11052,0.15161,-0.00407,0.13218,0.60737,0.12436,-0,0.46257,0.17682,0.25503,-0.01528,0.58123,-0.06787,0.21254,3.98033,-0.72221,-1.78612,-1.53984,-1.98223,-0.10583,0.53064,0.21337,-0.22263,0.93191,-1.93035,-2.30599,-2.21225,-0.8467,0.16404,-0.06547,1.46349,0.11811,0.05237,-0.23433,-0.13613
38.94,0.23733,-0.06029,0.7482,0.81823,0.0247,-0.0993,0.14634,-0.02369,0.07793,0.60927,0.15612,-0,0.42412,0.17353,0.21706,-0.00027,0.57019,-0.09129,0.16753,3.5706,-0.86444,-1.45984,-1.54082,-1.78219,0.02377,0.49972,0.34466,-0.27097,1.02676,-2.188,-2.53098,-2.27588,-0.78438,0.2437,-0.14842,0.49606,-0.40773,0.26712,0.05402,0.03344
38.96,0.26978,-0.04712,0.76383,0.86683,0.06043,-0.08664,0.1357,-0.04463,0.01159,0.60103,0.18458,-0,0.36868,0.17582,0.17132,0.01443,0.57498,-0.10406,0.12395,3.14108,-0.99428,-1.11156,-1.52088,-1.51134,0.18554,0.45818,0.49386,-0.31947,1.08631,-2.46707,-2.58823,-2.22294,-0.70758,0.31763,-0.22601,-0.45466,-0.89984,0.46123,0.33798,0.19941
38.98,0.30034,-0.03343,0.77703,0.92484,0.10496,-0.07374,0.11985,-0.06576,-0.06567,0.58367,0.20915,-0,0.3014,0.18176,0.12054,0.02923,0.58352,-0.10796,0.08297,2.70685,-1.10586,-0.75838,-1.4812,-1.19043,0.36609,0.40932,0.66154,-0.3664,1.11049,-2.75934,-2.49024,-2.06404,-0.62132,0.38222,-0.29556,-1.32481,-1.34773,0.62644,0.59708,0.34973
39,0.32817,-0.01952,0.78685,0.98879,0.15555,-0.0622,0.09913,-0.08535,-0.15104,0.55904,0.2288,-0,0.22792,0.18962,0.0676,0.04414,0.57969,-0.10579,0.04526,2.28784,-1.19145,-0.42363,-1.42357,-0.85058,0.54389,0.35738,0.84561,-0.40928,1.10171,-3.04986,-2.27345,-1.82649,-0.53125,0.43051,-0.35475,-2.0504,-1.73417,0.75689,0.81042,0.47232
39.02,0.35233,-0.0057,0.79232,1.05436,0.20886,-0.05373,0.07413,-0.10132,-0.24075,0.52934,0.2423,-0,0.15364,0.1979,0.01518,0.05898,0.54584,-0.10084,0.01093,1.90531,-1.24286,-0.13256,-1.34997,-0.527,0.69422,0.30682,1.04193,-0.44528,1.064,-3.31902,-1.98665,-1.54622,-0.44302,0.45405,-0.40166,-2.57425,-2.03889,0.84879,0.95905,0.55643
39.04,0.37213,0.00786,0.79277,1.11777,0.26174,-0.04975,0.04572,-0.11188,-0.33127,0.49637,0.24863,-0,0.08242,0.20533,-0.03477,0.07355,0.4665,-0.09615,-0.0208,1.57463,-1.25425,0.0957,-1.26198,-0.24874,0.79724,0.26111,1.24579,-0.47197,1.00235,-3.54681,-1.67499,-1.25622,-0.36085,0.44604,-0.43518,-2.86121,-2.24654,0.90102,1.03095,0.59537
39.06,0.38739,0.02114,0.78806,1.17636,0.31164,-0.05114,0.0152,-0.11587,-0.41975,0.46115,0.24722,-0,0.01587,0.21083,-0.0813,0.08777,0.33128,-0.09406,-0.05172,1.30128,-1.22417,0.25303,-1.16083,-0.03241,0.84325,0.22196,1.45216,-0.48787,0.92247,-3.71515,-1.37023,-0.97964,-0.28693,0.40358,-0.45524,-2.90828,-2.35181,0.91544,1.02438,0.58843
39.08,0.39832,0.03419,0.77864,1.22839,0.35636,-0.05816,-0.01541,-0.11282,-0.50356,0.42409,0.23808,-0,-0.04624,0.2135,-0.12415,0.10162,0.13643,-0.09611,-0.08439,1.08208,-1.15615,0.3422,-1.04796,0.11753,0.83358,0.18947,1.65432,-0.49237,0.83128,-3.80691,-1.09047,-0.73009,-0.22182,0.32852,-0.46265,-2.74606,-2.35953,0.89675,0.94854,0.54124
39.1,0.40541,0.04703,0.76551,1.2725,0.39365,-0.07051,-0.04333,-0.10284,-0.57966,0.38527,0.22169,-0,-0.10534,0.21256,-0.16334,0.11503,-0.11461,-0.10304,-0.12174,0.90817,-1.05817,0.37439,-0.92578,0.20604,0.77888,0.16262,1.84261,-0.48551,0.73718,-3.80478,-0.84339,-0.51435,-0.16512,0.22707,-0.45881,-2.43354,-2.28258,0.85191,0.82209,0.46495
39.12,0.40924,0.0596,0.74996,1.30769,0.42141,-0.08749,-0.06551,-0.08652,-0.64493,0.34461,0.19883,-0,-0.16321,0.20737,-0.19895,0.12781,-0.41203,-0.11479,-0.16624,0.76788,-0.94048,0.36522,-0.79725,0.24399,0.69512,0.13972,2.00579,-0.46783,0.64902,-3.69237,-0.62971,-0.33433,-0.11595,0.10807,-0.44529,-2.04302,-2.13855,0.78887,0.66829,0.37335
39.14,0.41049,0.07177,0.73321,1.33353,0.43823,-0.10823,-0.07955,-0.06475,-0.69716,0.30189,0.17041,-0,-0.22127,0.19752,-0.23102,0.13977,-0.74146,-0.13043,-0.21881,0.64924,-0.81226,0.33009,-0.66505,0.24437,0.5981,0.11899,2.1341,-0.44019,0.57415,-3.4571,-0.44652,-0.1885,-0.07316,-0.01977,-0.42337,-1.63906,-1.94555,0.71489,0.50819,0.27891
39.16,0.40979,0.08329,0.71616,1.35025,0.44367,-0.13175,-0.08431,-0.03876,-0.7355,0.25698,0.13743,-0,-0.27978,0.18297,-0.25946,0.15063,-1.08383,-0.14798,-0.27796,0.54207,-0.67998,0.28118,-0.53138,0.21993,0.50009,0.09897,2.22097,-0.4038,0.51739,-3.09328,-0.29008,-0.07324,-0.03559,-0.14925,-0.39379,-1.26564,-1.72029,0.63573,0.35657,0.19027
39.18,0.40781,0.09372,0.69951,1.35863,0.43831,-0.15684,-0.08001,-0.01023,-0.76033,0.21015,0.10117,-0,-0.33726,0.16411,-0.2837,0.16,-1.41282,-0.16433,-0.33908,0.43937,-0.5478,0.22698,-0.39892,0.18256,0.4097,0.07879,2.26268,-0.36046,0.48125,-2.60516,-0.15789,0.01583,-0.00247,-0.2741,-0.35695,-0.9456,-1.47913,0.55596,0.22202,0.11241
39.2,0.40515,0.10238,0.68387,1.35977,0.42353,-0.1819,-0.06799,0.01855,-0.77274,0.1624,0.06339,-0,-0.39029,0.14186,-0.30259,0.16727,-1.69409,-0.17534,-0.39449,0.33782,-0.41869,0.17282,-0.27162,0.14329,0.33268,0.05826,2.25735,-0.31268,0.46661,-2.00805,-0.04975,0.08274,0.02627,-0.38808,-0.31309,-0.68515,-1.23924,0.47956,0.10852,0.04748
39.22,0.40238,0.10845,0.66975,1.35486,0.40116,-0.2052,-0.05023,0.04511,-0.77413,0.11506,0.02616,-0,-0.43445,0.11754,-0.31466,0.17171,-1.89188,-0.17695,-0.43538,0.23632,-0.2944,0.12156,-0.1539,0.11162,0.27215,0.0375,2.20424,-0.26321,0.47358,-1.32388,0.0328,0.13072,0.05012,-0.4855,-0.26248,-0.47946,-1.01695,0.40975,0.0168,-0.0043
39.24,0.4,0.11127,0.65749,1.34492,0.37298,-0.22522,-0.02869,0.06738,-0.76578,0.06913,-0.00863,-0,-0.46599,0.09264,-0.31861,0.17263,-1.98039,-0.16686,-0.45472,0.13359,-0.17494,0.0744,-0.04873,0.09458,0.2284,0.01647,2.10337,-0.21417,0.50231,-0.57352,0.0882,0.16216,0.0682,-0.5625,-0.20551,-0.31874,-0.82434,0.34852,-0.05446,-0.0439
39.26,0.39836,0.1105,0.64724,1.33078,0.3405,-0.24089,-0.0049,0.08413,-0.74869,0.02496,-0.0394,-0,-0.48291,0.06875,-0.31372,0.16954,-1.95171,-0.14576,-0.44938,0.02665,-0.05861,0.03159,0.04326,0.09601,0.19891,-0.00539,1.9557,-0.16665,0.55345,0.22574,0.11597,0.17852,0.07946,-0.61781,-0.14301,-0.19282,-0.66744,0.29638,-0.1076,-0.07283
39.28,0.39774,0.10619,0.63902,1.31304,0.30514,-0.25154,0.01995,0.09488,-0.72358,-0.0175,-0.06474,-0,-0.48509,0.04773,-0.29994,0.16213,-1.81758,-0.11777,-0.42062,-0.0887,0.05719,-0.00703,0.12337,0.11648,0.17852,-0.02905,1.76412,-0.12097,0.62793,1.05512,0.11661,0.18016,0.08256,-0.65241,-0.07679,-0.09348,-0.54708,0.25275,-0.14528,-0.09276
39.3,0.39833,0.09869,0.63282,1.29226,0.26844,-0.25672,0.04484,0.09972,-0.69103,-0.05832,-0.08315,-0,-0.4739,0.03179,-0.27784,0.15034,-1.60693,-0.09,-0.37351,-0.217,0.17495,-0.04168,0.19389,0.15371,0.16018,-0.05571,1.53426,-0.07709,0.72665,1.88884,0.09133,0.16619,0.07582,-0.66883,-0.00987,-0.01535,-0.46063,0.21648,-0.16997,-0.10524
39.32,0.40027,0.08858,0.62866,1.26892,0.23196,-0.25621,0.06885,0.0991,-0.65159,-0.09756,-0.09327,-0,-0.45158,0.02317,-0.24837,0.13429,-1.35706,-0.07048,-0.31525,-0.36283,0.29689,-0.07232,0.2577,0.20402,0.13635,-0.08656,1.27392,-0.03495,0.85046,2.69576,0.04187,0.13482,0.05736,-0.67047,0.05402,0.04417,-0.40366,0.18621,-0.1838,-0.11159
39.34,0.40366,0.07646,0.62652,1.24344,0.19706,-0.25009,0.09131,0.0937,-0.60591,-0.13534,-0.09435,-0,-0.42049,0.02347,-0.21259,0.11429,-1.10114,-0.06505,-0.25263,-0.53084,0.42526,-0.09849,0.31808,0.26429,0.101,-0.12266,0.99177,0.00531,1.00017,3.44544,-0.02939,0.08384,0.02538,-0.66079,0.11165,0.08589,-0.3715,0.1605,-0.18864,-0.11296
39.36,0.4086,0.06288,0.6264,1.21625,0.1648,-0.23884,0.11169,0.08432,-0.55497,-0.17179,-0.08655,-0,-0.38272,0.03317,-0.17153,0.09089,-0.86054,-0.07521,-0.19057,-0.7251,0.56204,-0.1191,0.3784,0.33313,0.0511,-0.16466,0.69746,0.0431,1.17607,4.11003,-0.11909,0.0113,-0.02152,-0.6429,0.16084,0.10939,-0.36026,0.13812,-0.18621,-0.11036
39.38,0.41511,0.04843,0.62829,1.188,0.13618,-0.22342,0.12949,0.0719,-0.50054,-0.20678,-0.07105,-0,-0.34022,0.05152,-0.12652,0.06504,-0.64469,-0.09748,-0.1322,-0.94763,0.70788,-0.13222,0.44158,0.41073,-0.01267,-0.21244,0.40382,0.07701,1.37659,4.65932,-0.22219,-0.08394,-0.08391,-0.61959,0.20024,0.11293,-0.36731,0.11826,-0.17806,-0.1047
39.4,0.42314,0.03381,0.63218,1.15971,0.11237,-0.20528,0.14406,0.05757,-0.44538,-0.23967,-0.04998,-0,-0.29502,0.07659,-0.07938,0.03822,-0.45379,-0.12401,-0.07939,-1.19734,0.86119,-0.13486,0.50965,0.49803,-0.08592,-0.26492,0.1282,0.10463,1.59668,5.05702,-0.33149,-0.20137,-0.16109,-0.59326,0.22895,0.09347,-0.39141,0.1006,-0.16559,-0.09677
39.42,0.43255,0.01981,0.63805,1.13264,0.09452,-0.18608,0.15472,0.04247,-0.39265,-0.26944,-0.02587,-0,-0.24911,0.10576,-0.03225,0.01215,-0.28202,-0.1446,-0.03309,-1.47133,1.01809,-0.12273,0.58365,0.59577,-0.16182,-0.32023,-0.11071,0.12326,1.82651,5.26654,-0.43819,-0.33749,-0.2503,-0.56547,0.24647,0.0477,-0.43267,0.08509,-0.15001,-0.08726
39.44,0.44319,0.00709,0.64582,1.10782,0.08334,-0.16727,0.16093,0.0275,-0.34483,-0.29509,-0.00094,-0,-0.20405,0.13639,0.01301,-0.01168,-0.12089,-0.14978,0.00664,-1.76765,1.17319,-0.09013,0.66383,0.70324,-0.2331,-0.37637,-0.29897,0.13094,2.05022,5.26325,-0.53308,-0.48417,-0.34577,-0.53611,0.25307,-0.02619,-0.4924,0.07137,-0.13236,-0.07673
39.46,0.45486,-0.00382,0.65526,1.08596,0.07887,-0.14988,0.16244,0.01319,-0.30312,-0.31583,0.02341,-0,-0.1608,0.16624,0.05492,-0.03228,0.03797,-0.13288,0.0404,-2.08606,1.31952,-0.02999,0.74945,0.81708,-0.29321,-0.43133,-0.43108,0.12728,2.24441,5.04363,-0.60703,-0.62694,-0.43778,-0.50298,0.24995,-0.127,-0.57271,0.05849,-0.11358,-0.06564
39.48,0.46722,-0.01247,0.66598,1.0675,0.08042,-0.13458,0.15933,-0.00023,-0.26764,-0.33092,0.04645,-0,-0.12012,0.1933,0.09219,-0.04906,0.20086,-0.09065,0.06917,-2.42595,1.44736,0.06577,0.83813,0.93014,-0.33615,-0.48274,-0.50976,0.1136,2.37599,4.62838,-0.65053,-0.7434,-0.5116,-0.46192,0.23932,-0.24947,-0.6759,0.0449,-0.09466,-0.0545
39.5,0.47976,-0.0184,0.67731,1.05283,0.08671,-0.12186,0.15191,-0.01268,-0.23781,-0.33958,0.06792,-0,-0.08275,0.21559,0.12337,-0.06167,0.37056,-0.02304,0.09388,-2.78404,1.5437,0.20543,0.92547,1.03107,-0.35603,-0.52753,-0.5439,0.09275,2.40319,4.0605,-0.65349,-0.80403,-0.54802,-0.40719,0.22422,-0.38414,-0.80388,0.02863,-0.07672,-0.04385
39.52,0.49181,-0.02119,0.68842,1.04226,0.0961,-0.11205,0.14072,-0.02412,-0.21257,-0.34106,0.08793,-0,-0.04932,0.23112,0.14692,-0.06997,0.54525,0.06775,0.115,-3.15433,1.59435,0.39562,1.00581,1.10592,-0.34756,-0.56226,-0.54535,0.06828,2.285,3.39443,-0.60712,-0.77937,-0.528,-0.33225,0.20801,-0.51926,-0.95782,0.00762,-0.06085,-0.0342
39.54,0.50281,-0.0205,0.69845,1.03587,0.1069,-0.10538,0.1264,-0.03449,-0.19053,-0.33495,0.10689,-0,-0.01986,0.23804,0.16159,-0.0742,0.71757,0.17861,0.132,-3.52951,1.58788,0.63872,1.07391,1.1411,-0.30703,-0.58384,-0.52516,0.04338,1.99623,2.67995,-0.50716,-0.65126,-0.4399,-0.23067,0.19358,-0.64401,-1.138,-0.01992,-0.04773,-0.02587
39.56,0.51229,-0.01621,0.70656,1.03346,0.1175,-0.10198,0.10976,-0.04361,-0.17006,-0.32139,0.12537,-0,0.00645,0.23475,0.16662,-0.075,0.87355,0.30598,0.14303,-3.9007,1.51852,0.93016,1.12585,1.12537,-0.23329,-0.58999,-0.49112,0.02011,1.53936,1.95378,-0.35659,-0.42134,-0.28498,-0.09718,0.18285,-0.75038,-1.34305,-0.05509,-0.03743,-0.01885
39.58,0.51987,-0.00843,0.71194,1.03451,0.12631,-0.1019,0.09184,-0.05105,-0.14953,-0.30124,0.144,-0,0.03111,0.21991,0.16167,-0.07345,0.99094,0.44514,0.14468,-4.25449,1.38714,1.25567,1.1588,1.05027,-0.12838,-0.57931,-0.44726,-0.00051,0.95049,1.24277,-0.16727,-0.11467,-0.0798,0.07117,0.17679,-0.83269,-1.56823,-0.098,-0.02944,-0.01281
39.6,0.5252,0.00251,0.71368,1.03829,0.13181,-0.10514,0.07401,-0.0562,-0.12743,-0.27605,0.16326,-0,0.05604,0.19244,0.14684,-0.07095,1.04001,0.58938,0.13226,-4.57107,1.20097,1.59058,1.17056,0.9104,0.00221,-0.55112,-0.39456,-0.01832,0.29761,0.56956,0.0403,0.22215,0.14496,0.2741,0.17547,-0.88672,-1.8042,-0.14754,-0.02283,-0.00726
39.62,0.52795,0.01614,0.71092,1.04399,0.13267,-0.11147,0.05763,-0.05847,-0.10234,-0.24774,0.18331,-0,0.08322,0.1518,0.12266,-0.06888,0.99118,0.73054,0.10119,-4.82759,0.97124,1.90502,1.15953,0.70491,0.15021,-0.50562,-0.33252,-0.03379,-0.33623,-0.04649,0.24174,0.53303,0.35246,0.50811,0.17803,-0.90934,-2.0374,-0.20154,-0.01643,-0.00159
39.64,0.52796,0.03198,0.703,1.05087,0.12818,-0.12012,0.04352,-0.05779,-0.07277,-0.21809,0.20394,-0,0.11445,0.09829,0.09026,-0.06811,0.82701,0.86033,0.04925,-4.974,0.7097,2.17262,1.12495,0.43976,0.30586,-0.44407,-0.26131,-0.04784,-0.87954,-0.5917,0.41615,0.77091,0.51177,0.76685,0.18258,-0.89876,-2.25173,-0.25712,-0.00912,0.00475
39.66,0.52528,0.04956,0.68961,1.05839,0.11849,-0.12961,0.03168,-0.05495,-0.0372,-0.18845,0.22439,-0,0.15095,0.03352,0.05156,-0.06864,0.55141,0.9708,-0.02174,-4.974,0.42717,2.37577,1.06729,0.13041,0.45813,-0.36919,-0.18362,-0.06168,-1.28877,-1.05805,0.55072,0.90983,0.60586,1.04053,0.18607,-0.85476,-2.42893,-0.31069,2e-05,0.01213
39.68,0.52026,0.06833,0.67093,1.06614,0.10475,-0.13758,0.02127,-0.05165,0.00572,-0.15995,0.24316,-0,0.19306,-0.03902,0.00965,-0.06953,0.19376,1.05355,-0.10499,-4.974,0.1353,2.50522,0.9887,-0.19533,0.59366,-0.28581,-0.10562,-0.07666,-1.54923,-1.43934,0.64077,0.94664,0.63264,1.31369,0.18428,-0.77902,-2.54722,-0.35754,0.01157,0.02071
39.7,0.51345,0.08754,0.64765,1.0738,0.08905,-0.14089,0.01083,-0.05039,0.05683,-0.13367,0.25797,-0,0.24012,-0.11381,-0.03115,-0.06905,-0.19304,1.09926,-0.18899,-4.974,-0.15188,2.55792,0.89314,-0.49738,0.69639,-0.20101,-0.03696,-0.09409,-1.66906,-1.72787,0.68796,0.89747,0.60266,1.56427,0.172,-0.67499,-2.58072,-0.39185,0.02566,0.0303
39.72,0.50557,0.10631,0.62076,1.08104,0.07388,-0.13636,-0.00128,-0.05385,0.11638,-0.11067,0.26629,-0,0.29097,-0.18437,-0.06598,-0.06531,-0.54579,1.0991,-0.26023,-4.81942,-0.41955,2.53551,0.78567,-0.7322,0.75051,-0.12267,0.01153,-0.11498,-1.67073,-1.91614,0.69799,0.7896,0.53376,1.76741,0.14412,-0.54703,-2.5028,-0.4081,0.04175,0.04036
39.74,0.49731,0.12384,0.59119,1.08739,0.06134,-0.12179,-0.01628,-0.06399,0.18394,-0.09173,0.2662,-0,0.34493,-0.24514,-0.09061,-0.05715,-0.81155,1.04759,-0.30746,-4.57669,-0.65587,2.44344,0.67111,-0.86703,0.74568,-0.05702,0.0316,-0.13968,-1.58105,-2.00192,0.67814,0.6508,0.44413,1.90254,0.09726,-0.39888,-2.2922,-0.40348,0.05843,0.04988
39.76,0.48925,0.13947,0.5597,1.09218,0.05266,-0.09678,-0.03458,-0.08142,0.25805,-0.07732,0.25697,-0,0.40224,-0.29255,-0.10223,-0.04479,-0.96099,0.94486,-0.3246,-4.27803,-0.8538,2.29102,0.55364,-0.88954,0.68077,-0.00718,0.02008,-0.16758,-1.42507,-1.9918,0.63568,0.50256,0.34789,1.95794,0.03106,-0.2332,-1.93832,-0.37964,0.0731,0.05733
39.78,0.48191,0.1526,0.52706,1.09449,0.04814,-0.0631,-0.05547,-0.10504,0.33569,-0.06771,0.23927,-0,0.46374,-0.32494,-0.09948,-0.03008,-0.99036,0.79782,-0.31116,-3.94021,-1.00999,2.09219,0.43752,-0.80976,0.5651,0.02679,-0.02038,-0.19679,-1.2253,-1.9018,0.57772,0.35939,0.25463,1.93113,-0.05108,-0.05268,-1.44465,-0.3432,0.08183,0.06057
39.8,0.47582,0.16256,0.49425,1.09311,0.04729,-0.02456,-0.07715,-0.13221,0.41197,-0.06305,0.21506,-0,0.53035,-0.34203,-0.08223,-0.01632,-0.91756,0.61974,-0.27151,-3.585,-1.12301,1.86573,0.32777,-0.65692,0.41736,0.04723,-0.08207,-0.22416,-1.00257,-1.75593,0.51135,0.23033,0.17033,1.82749,-0.14201,0.13905,-0.82955,-0.30533,0.07942,0.05684
39.82,0.47149,0.1687,0.46228,1.08676,0.04908,0.01401,-0.09726,-0.15947,0.48128,-0.06337,0.18707,-0,0.60273,-0.3445,-0.05132,-0.00718,-0.77337,0.42643,-0.2127,-3.23575,-1.1929,1.63205,0.22961,-0.46979,0.26037,0.05779,-0.1545,-0.24607,-0.77531,-1.58148,0.44306,0.12018,0.09824,1.65728,-0.23269,0.33831,-0.12082,-0.27941,0.05988,0.04301
39.84,0.46935,0.1706,0.43184,1.07434,0.05223,0.04831,-0.11371,-0.18372,0.53925,-0.06841,0.15798,-0,0.68086,-0.33367,-0.00821,-0.00509,-0.5898,0.23038,-0.14163,-2.91124,-1.2217,1.40795,0.14688,-0.28306,0.11334,0.06235,-0.22787,-0.25972,-0.55787,-1.40247,0.3779,0.03067,0.03958,1.43203,-0.31519,0.54348,0.65325,-0.27756,0.01741,0.01598
39.86,0.46971,0.16817,0.40314,1.05522,0.05543,0.07555,-0.12514,-0.20298,0.58394,-0.07752,0.13001,-0,0.76367,-0.3114,0.04503,-0.01016,-0.39296,0.03738,-0.06334,-2.62237,-1.21383,1.20382,0.08131,-0.11871,-0.01293,0.06414,-0.29506,-0.26393,-0.36018,-1.23581,0.319,-0.03858,-0.00587,1.16301,-0.38437,0.75563,1.46717,-0.3083,-0.05276,-0.02686
39.88,0.47276,0.16172,0.37608,1.02941,0.05734,0.09448,-0.13104,-0.21634,0.61579,-0.08958,0.105,-0,0.84819,-0.28014,0.10538,-0.01982,-0.20255,-0.15293,0.01886,-2.37366,-1.17608,1.02452,0.03284,0.01499,-0.11628,0.06557,-0.35172,-0.25936,-0.18919,-1.09158,0.26799,-0.08913,-0.03911,0.86267,-0.43787,0.97725,2.29322,-0.3758,-0.15378,-0.08736
39.9,0.47858,0.15193,0.35047,0.9976,0.05661,0.10504,-0.1315,-0.22381,0.63697,-0.103,0.08463,-0,0.92933,-0.24299,0.16865,-0.02925,-0.03354,-0.34472,0.10266,-2.16589,-1.11719,0.87132,0.00028,0.12087,-0.20133,0.06818,-0.39556,-0.2482,-0.05041,-0.97476,0.2255,-0.1231,-0.06155,0.54619,-0.47526,1.21016,3.09618,-0.47982,-0.28654,-0.16613
39.92,0.4872,0.13964,0.32609,0.96086,0.05205,0.108,-0.12703,-0.22594,0.65054,-0.116,0.07028,-0,1.00093,-0.20316,0.23005,-0.03279,0.10335,-0.54293,0.18603,-1.99752,-1.04646,0.74322,-0.01814,0.20797,-0.27597,0.07279,-0.4259,-0.23354,0.05204,-0.88665,0.19146,-0.1428,-0.07473,0.23028,-0.49738,1.45376,3.83611,-0.61597,-0.44899,-0.26211
39.94,0.4987,0.1257,0.30262,0.92006,0.04287,0.10451,-0.11823,-0.22357,0.65947,-0.12715,0.0628,-0,1.05788,-0.16332,0.28527,-0.02607,0.20187,-0.74964,0.26655,-1.86509,-0.97172,0.63787,-0.02448,0.28553,-0.34719,0.07954,-0.44337,-0.21835,0.11653,-0.82616,0.16525,-0.15059,-0.08024,-0.06973,-0.50565,1.70348,4.47645,-0.77611,-0.63536,-0.37204
39.96,0.51313,0.1108,0.2796,0.87574,0.02893,0.09586,-0.1057,-0.21763,0.66592,-0.13558,0.06228,-0,1.0973,-0.12512,0.33105,-0.00757,0.26019,-0.96094,0.34071,-1.76387,-0.89827,0.55235,-0.02089,0.35856,-0.41789,0.08804,-0.44967,-0.20491,0.1445,-0.79071,0.14577,-0.14887,-0.07966,-0.34098,-0.50163,1.94882,4.9877,-0.94792,-0.83484,-0.48962
39.98,0.53051,0.09558,0.25668,0.8283,0.01086,0.08351,-0.09001,-0.2091,0.67101,-0.14103,0.06805,-0,1.11854,-0.08947,0.36494,0.02095,0.28027,-1.16446,0.40314,-1.6889,-0.82919,0.48418,-0.00951,0.4261,-0.48553,0.09724,-0.44745,-0.1948,0.14031,-0.7769,0.1317,-0.14001,-0.07457,-0.57116,-0.48692,2.17094,5.34394,-1.11356,-1.02983,-0.60447
40,0.55067,0.08073,0.23372,0.77836,-0.00994,0.06903,-0.07184,-0.19903,0.67486,-0.14372,0.07879,-0,1.12262,-0.05684,0.38495,0.05473,0.26697,-1.33925,0.44647,-1.63584,-0.76595,0.43189,0.00753,0.48143,-0.54236,0.10555,-0.44003,-0.18893,0.11065,-0.78096,0.12166,-0.12629,-0.06644,-0.74695,-0.46315,2.34237,5.51954,-1.24955,-1.19575,-0.70202
40.02,0.57335,0.06699,0.21071,0.72671,-0.03163,0.05394,-0.05189,-0.18844,0.67689,-0.14412,0.09288,-0,1.11148,-0.02744,0.3896,0.08753,0.22687,-1.46111,0.46309,-1.60095,-0.70898,0.39472,0.02824,0.515,-0.57819,0.11117,-0.43076,-0.18762,0.06366,-0.7994,0.11425,-0.10986,-0.05666,-0.85624,-0.432,2.43267,5.49275,-1.33101,-1.30591,-0.76643
40.04,0.59835,0.055,0.18761,0.6741,-0.05252,0.03938,-0.03073,-0.1781,0.67632,-0.14279,0.10888,-0,1.08717,-0.00131,0.37836,0.11398,0.16686,-1.51153,0.44814,-1.58047,-0.65804,0.37161,0.05088,0.519,-0.58484,0.11273,-0.42207,-0.1905,0.00789,-0.82962,0.10797,-0.09255,-0.04641,-0.89287,-0.39531,2.41819,5.25428,-1.33881,-1.33962,-0.78544
40.06,0.62551,0.04528,0.16419,0.62121,-0.07136,0.02594,-0.00882,-0.16848,0.67246,-0.14016,0.1258,-0,1.05141,0.02155,0.35196,0.13103,0.09355,-1.48378,0.4017,-1.57019,-0.61255,0.36063,0.074,0.49055,-0.55926,0.10968,-0.41494,-0.19642,-0.04818,-0.87021,0.10124,-0.07587,-0.03667,-0.85995,-0.35526,2.2891,4.81457,-1.26466,-1.28787,-0.75379
40.08,0.65455,0.03835,0.14024,0.56911,-0.08729,0.01374,0.01336,-0.1598,0.66489,-0.13655,0.14302,-0,1.00568,0.04097,0.31264,0.1382,0.01357,-1.38447,0.3296,-1.5655,-0.57215,0.35886,0.09625,0.43273,-0.5044,0.10244,-0.40876,-0.20344,-0.09582,-0.92075,0.09242,-0.06117,-0.02832,-0.7708,-0.31471,2.05171,4.20825,-1.11266,-1.15488,-0.67416
40.1,0.68489,0.03472,0.11571,0.51951,-0.09965,0.00256,0.03513,-0.15207,0.65336,-0.13217,0.16018,-0,0.95151,0.05646,0.26414,0.13717,-0.06608,-1.23198,0.24288,-1.56153,-0.53691,0.3627,0.11625,0.35391,-0.42863,0.09227,-0.40152,-0.20894,-0.12606,-0.98155,0.07986,-0.04967,-0.02215,-0.64748,-0.27735,1.72724,3.49329,-0.89823,-0.95675,-0.55632
40.12,0.71573,0.0349,0.0907,0.47456,-0.10785,-0.00804,0.05562,-0.14527,0.63766,-0.12714,0.17705,-0,0.89042,0.06743,0.21094,0.13078,-0.13867,-1.05092,0.15502,-1.55358,-0.50712,0.36841,0.13265,0.26534,-0.34321,0.08089,-0.39016,-0.21031,-0.1312,-1.05354,0.06211,-0.0424,-0.01882,-0.51555,-0.24704,1.34492,2.73759,-0.64307,-0.71594,-0.41383
40.14,0.74631,0.03927,0.0653,0.43608,-0.11129,-0.01855,0.07388,-0.1393,0.61725,-0.12142,0.19348,-0,0.8239,0.07353,0.15723,0.12177,-0.19902,-0.86411,0.07767,-1.53752,-0.48261,0.37277,0.14442,0.17746,-0.25864,0.06985,-0.37118,-0.20594,-0.10741,-1.13834,0.03802,-0.03989,-0.0187,-0.39637,-0.2267,0.93174,1.99817,-0.36772,-0.45332,-0.25927
40.16,0.77606,0.04794,0.03958,0.40531,-0.10934,-0.02942,0.08891,-0.13415,0.59123,-0.1149,0.2093,-0,0.7535,0.07494,0.10629,0.11191,-0.2442,-0.68786,0.01803,-1.51023,-0.46241,0.37354,0.15093,0.09774,-0.18241,0.06015,-0.34102,-0.19599,-0.05663,-1.23796,0.00701,-0.04199,-0.02171,-0.30225,-0.21761,0.50696,1.30928,-0.08752,-0.18376,-0.10156
40.18,0.80428,0.06067,0.01378,0.38298,-0.10127,-0.0409,0.0995,-0.12986,0.55843,-0.10738,0.22417,-0,0.68144,0.07239,0.06078,0.10189,-0.27332,-0.53198,-0.02141,-1.46981,-0.4448,0.36958,0.15198,0.0307,-0.11905,0.05229,-0.29643,-0.18257,0.0126,-1.35404,-0.03066,-0.04786,-0.02736,-0.23594,-0.21928,0.08377,0.68461,0.18638,0.0831,0.05367
40.2,0.83005,0.07691,-0.01156,0.36963,-0.08633,-0.05305,0.10422,-0.12663,0.51764,-0.09866,0.23749,-0,0.61097,0.0671,0.02307,0.09143,-0.28701,-0.40159,-0.04192,-1.41569,-0.42758,0.36073,0.14768,-0.02121,-0.07086,0.04629,-0.2346,-0.16956,0.08582,-1.48702,-0.07376,-0.05601,-0.03469,-0.19243,-0.22978,-0.32712,0.12442,0.44482,0.34041,0.20256
40.22,0.85231,0.09584,-0.03568,0.36554,-0.06388,-0.0658,0.10158,-0.12462,0.46777,-0.08863,0.24845,-0,0.54583,0.06052,-0.00485,0.07964,-0.28695,-0.29823,-0.04725,-1.34814,-0.4084,0.34749,0.13834,-0.05691,-0.03844,0.0418,-0.15335,-0.16139,0.14631,-1.63558,-0.12031,-0.06462,-0.04254,-0.16271,-0.24628,-0.71608,-0.37822,0.67993,0.58269,0.34214
40.24,0.87019,0.11664,-0.0579,0.37052,-0.0336,-0.07912,0.0905,-0.1238,0.40795,-0.07735,0.25633,-0,0.48916,0.05404,-0.02184,0.06547,-0.27545,-0.22069,-0.04209,-1.26767,-0.38518,0.33065,0.12442,-0.07603,-0.02102,0.03819,-0.05123,-0.16131,0.18051,-1.79621,-0.16791,-0.07204,-0.04981,-0.13859,-0.26585,-1.07458,-0.83183,0.88582,0.80501,0.46978
40.26,0.88323,0.13849,-0.07779,0.38364,0.00413,-0.09317,0.07061,-0.1238,0.33786,-0.06511,0.26052,-0,0.44284,0.04875,-0.02783,0.04805,-0.25526,-0.16569,-0.03101,-1.17478,-0.35647,0.31099,0.10649,-0.07847,-0.01673,0.03452,0.07207,-0.17018,0.18177,-1.96234,-0.21397,-0.07704,-0.05562,-0.11613,-0.2859,-1.3941,-1.24142,1.05826,1.00178,0.58239
40.28,0.89129,0.16051,-0.09502,0.40318,0.048,-0.10816,0.04249,-0.12388,0.25833,-0.05259,0.26059,-0,0.40779,0.04551,-0.02388,0.0269,-0.22962,-0.12862,-0.01832,-1.07064,-0.32173,0.28946,0.08539,-0.06417,-0.02269,0.02968,0.21469,-0.18608,0.15121,-2.12292,-0.25528,-0.0789,-0.05935,-0.09668,-0.30414,-1.66327,-1.6038,1.19322,1.16481,0.67531
40.3,0.89442,0.18156,-0.10921,0.42665,0.09558,-0.12425,0.0077,-0.12298,0.17159,-0.04087,0.25622,-0,0.38432,0.0449,-0.01193,0.00204,-0.20233,-0.10415,-0.00804,-0.95757,-0.28144,0.26717,0.0623,-0.03297,-0.03529,0.02236,0.37197,-0.20467,0.09671,-2.26166,-0.28791,-0.07726,-0.06052,-0.08641,-0.31848,-1.86622,-1.90574,1.28578,1.2825,0.74185
40.32,0.89282,0.20044,-0.12001,0.45134,0.1438,-0.14159,-0.03158,-0.11992,0.08069,-0.03121,0.24719,-0,0.37207,0.04729,0.00552,-0.02606,-0.1775,-0.08707,-0.00362,-0.83863,-0.23697,0.24531,0.03856,0.01581,-0.05086,0.01113,0.53722,-0.22037,0.0299,-2.35883,-0.3079,-0.07207,-0.05885,-0.09374,-0.32702,-1.98607,-2.1289,1.33105,1.34248,0.77484
40.34,0.88684,0.21623,-0.12721,0.47513,0.18977,-0.16031,-0.07306,-0.11369,-0.01174,-0.02466,0.23349,-0,0.36965,0.05275,0.02601,-0.05665,-0.1591,-0.07298,-0.00747,-0.71656,-0.19012,0.22481,0.01545,0.08383,-0.06656,-0.0054,0.70337,-0.22822,-0.0382,-2.39486,-0.31253,-0.06344,-0.05422,-0.12553,-0.32833,-2.01173,-2.25923,1.32676,1.33661,0.76958
40.36,0.87698,0.22847,-0.1309,0.49698,0.23124,-0.18051,-0.11455,-0.10369,-0.10405,-0.02179,0.21538,-0,0.3744,0.06096,0.04725,-0.08863,-0.15066,-0.05894,-0.02065,-0.59348,-0.14299,0.20615,-0.00597,0.17377,-0.08092,-0.02853,0.86349,-0.22514,-0.09993,-2.3528,-0.30121,-0.05161,-0.04673,-0.18426,-0.32154,-1.9428,-2.29336,1.27509,1.26473,0.72601
40.38,0.86405,0.23714,-0.13141,0.51687,0.26637,-0.20211,-0.15373,-0.08981,-0.19499,-0.02269,0.19354,-0,0.38233,0.07122,0.06716,-0.12039,-0.15535,-0.04363,-0.04268,-0.47172,-0.09836,0.18952,-0.02473,0.2888,-0.09392,-0.05923,1.00973,-0.21022,-0.1512,-2.21892,-0.27579,-0.03701,-0.03674,-0.26699,-0.30641,-1.79104,-2.23957,1.18339,1.13583,0.6494
40.4,0.84909,0.24247,-0.12929,0.53554,0.29341,-0.22471,-0.18793,-0.07249,-0.28302,-0.02703,0.16915,-0,0.38831,0.08235,0.08367,-0.14963,-0.1759,-0.02739,-0.07159,-0.35462,-0.05982,0.17493,-0.03977,0.43149,-0.10667,-0.09792,1.1324,-0.18455,-0.1907,-1.98284,-0.24028,-0.02029,-0.02491,-0.36558,-0.28334,-1.57903,-2.11597,1.06373,0.96726,0.54998
40.42,0.83326,0.24481,-0.12516,0.55399,0.31081,-0.24758,-0.21448,-0.05255,-0.36628,-0.0342,0.14362,-0,0.38718,0.09292,0.0951,-0.17376,-0.21388,-0.01154,-0.1043,-0.24603,-0.03097,0.16219,-0.05004,0.60195,-0.12056,-0.1442,1.22116,-0.1504,-0.21891,-1.6377,-0.19991,-0.00213,-0.01197,-0.46919,-0.25317,-1.33482,-1.94579,0.93031,0.78049,0.44032
40.44,0.81754,0.24454,-0.11959,0.57299,0.31764,-0.26979,-0.23147,-0.03093,-0.44298,-0.0435,0.11813,-0,0.37529,0.10152,0.10059,-0.1907,-0.26866,0.00251,-0.13716,-0.14897,-0.01411,0.15076,-0.05474,0.79557,-0.13628,-0.19643,1.2676,-0.11027,-0.23687,-1.18065,-0.15969,0.01707,0.00154,-0.56789,-0.21704,-1.08388,-1.75105,0.79562,0.59476,0.33171
40.46,0.80262,0.24192,-0.11308,0.59258,0.31382,-0.29025,-0.23826,-0.00861,-0.51149,-0.05422,0.09346,-0,0.35159,0.10692,0.10052,-0.19933,-0.33638,0.01387,-0.16628,-0.065,-0.00923,0.13971,-0.05346,1.00064,-0.15293,-0.25134,1.26702,-0.06632,-0.24535,-0.6151,-0.12354,0.0374,0.0154,-0.6549,-0.17636,-0.84459,-1.54898,0.66831,0.42337,0.23191
40.48,0.78893,0.23715,-0.10602,0.61182,0.30021,-0.30747,-0.23548,0.01328,-0.56978,-0.06559,0.07004,-0,0.31811,0.10807,0.09657,-0.19954,-0.40925,0.02222,-0.1873,0.00527,-0.01395,0.12777,-0.04622,1.1962,-0.16775,-0.30344,1.21864,-0.02051,-0.24456,0.0449,-0.09444,0.05928,0.02967,-0.72645,-0.13309,-0.62884,-1.35254,0.55356,0.27408,0.14541
40.5,0.77683,0.23032,-0.09877,0.62885,0.27849,-0.31955,-0.22482,0.03333,-0.61501,-0.07673,0.04826,-0,0.27969,0.10406,0.09147,-0.19201,-0.47572,0.02773,-0.19552,0.06144,-0.02382,0.1135,-0.03344,1.35216,-0.17629,-0.34509,1.12523,0.02511,-0.23418,0.77211,-0.07461,0.08328,0.04456,-0.78096,-0.08988,-0.44411,-1.17205,0.45425,0.15071,0.07433
40.52,0.76658,0.22151,-0.09168,0.64133,0.25073,-0.32449,-0.20849,0.05007,-0.64407,-0.08676,0.02844,-0,0.24261,0.0943,0.08833,-0.17796,-0.5231,0.03086,-0.18697,0.10331,-0.03354,0.09553,-0.01589,1.43522,-0.17342,-0.3679,0.99194,0.06842,-0.21385,1.53112,-0.0655,0.10999,0.06033,-0.81835,-0.0495,-0.29401,-1.01533,0.37155,0.05423,0.01912
40.54,0.75838,0.21078,-0.08497,0.64741,0.21888,-0.32075,-0.18851,0.06238,-0.65477,-0.09502,0.01086,-0,0.21246,0.07874,0.08949,-0.1587,-0.54159,0.03237,-0.16025,0.13113,-0.03853,0.07294,0.0054,1.41868,-0.15508,-0.36526,0.82493,0.10768,-0.18396,2.28803,-0.06748,0.13988,0.07724,-0.83968,-0.01382,-0.17791,-0.88699,0.30506,-0.01671,-0.0211
40.56,0.75236,0.19828,-0.07877,0.6463,0.18442,-0.30771,-0.16625,0.06977,-0.64664,-0.1012,-0.0042,-0,0.19278,0.05811,0.09586,-0.1355,-0.52705,0.03314,-0.11796,0.14585,-0.0361,0.04561,0.02906,1.2895,-0.11947,-0.33407,0.6311,0.14156,-0.14638,3.01452,-0.07955,0.17304,0.09544,-0.84686,0.01686,-0.09092,-0.78823,0.25313,-0.06519,-0.0482
40.58,0.74863,0.18432,-0.07316,0.63841,0.14864,-0.28586,-0.14256,0.07237,-0.62116,-0.10529,-0.01637,-0,0.18488,0.03417,0.10663,-0.10965,-0.48181,0.03423,-0.06728,0.14899,-0.02567,0.01442,0.05322,1.05062,-0.06764,-0.27536,0.41933,0.16894,-0.10487,3.68335,-0.09925,0.209,0.11478,-0.8424,0.04365,-0.02463,-0.71771,0.21337,-0.09545,-0.06465
40.6,0.74732,0.16949,-0.06821,0.62521,0.11277,-0.25672,-0.1179,0.07079,-0.58151,-0.10751,-0.02506,-0,0.18825,0.00959,0.11949,-0.08262,-0.41385,0.03677,-0.0195,0.14241,-0.0086,-0.0186,0.07546,0.72023,-0.00335,-0.19404,0.20145,0.18867,-0.06498,4.26347,-0.12275,0.24643,0.13477,-0.82928,0.06869,0.03146,-0.67262,0.18315,-0.11223,-0.07323
40.62,0.74861,0.15448,-0.06394,0.60876,0.07808,-0.22248,-0.09251,0.06594,-0.53181,-0.10823,-0.02959,-0,0.20133,-0.01262,0.13153,-0.05591,-0.33401,0.04177,0.01296,0.12797,0.01249,-0.05077,0.09326,0.32659,0.06792,-0.09754,-0.00943,0.19972,-0.03278,4.72248,-0.14541,0.28336,0.15455,-0.81042,0.09445,0.08758,-0.64958,0.1599,-0.12019,-0.07664
40.64,0.75268,0.13995,-0.06034,0.59103,0.04556,-0.18534,-0.06649,0.0588,-0.47605,-0.10783,-0.02938,-0,0.22251,-0.03021,0.14048,-0.03072,-0.25202,0.04971,0.02109,0.10718,0.03479,-0.07944,0.10479,-0.09957,0.1406,0.00614,-0.20225,0.20159,-0.01273,5.03429,-0.16264,0.31756,0.17308,-0.78812,0.12286,0.15057,-0.64546,0.14116,-0.1232,-0.07712
40.66,0.75961,0.12642,-0.05727,0.57349,0.01599,-0.14729,-0.03999,0.0503,-0.41752,-0.10667,-0.02418,-0,0.25067,-0.04236,0.14563,-0.00778,-0.174,0.06038,0.00239,0.08107,0.05585,-0.10252,0.10936,-0.52877,0.2099,0.10949,-0.36962,0.19464,-0.00628,5.18361,-0.17049,0.3467,0.18921,-0.76375,0.15469,0.22167,-0.65785,0.12477,-0.12396,-0.07624
40.68,0.76941,0.11434,-0.05455,0.55716,-0.00989,-0.11024,-0.01342,0.04135,-0.35909,-0.10501,-0.01408,-0,0.28522,-0.04972,0.14796,0.01244,-0.10244,0.07266,-0.03821,0.05033,0.0736,-0.11829,0.10758,-0.93048,0.27151,0.20491,-0.50692,0.18016,-0.01167,5.16539,-0.16563,0.36816,0.20155,-0.73786,0.1891,0.2953,-0.68514,0.10894,-0.12384,-0.07479
40.7,0.7819,0.10421,-0.05195,0.54273,-0.0312,-0.07634,0.0124,0.03286,-0.30362,-0.10309,0.00045,-0,0.32578,-0.05414,0.14987,0.0296,-0.03712,0.08461,-0.08932,0.01552,0.08621,-0.12534,0.10108,-1.27099,0.32111,0.28421,-0.61088,0.16032,-0.02429,4.98258,-0.1454,0.37887,0.20838,-0.71024,0.22365,0.35958,-0.72651,0.09243,-0.123,-0.0729
40.72,0.79678,0.09654,-0.04922,0.53061,-0.04706,-0.04769,0.03645,0.02575,-0.25366,-0.10102,0.01872,-0,0.37201,-0.058,0.1543,0.04344,0.02345,0.09392,-0.13659,-0.02271,0.09217,-0.12262,0.09202,-1.51767,0.35474,0.33963,-0.67921,0.13769,-0.0382,4.64391,-0.10836,0.37574,0.20793,-0.67979,0.25522,0.39997,-0.7821,0.07432,-0.12083,-0.07027
40.74,0.81367,0.09175,-0.04617,0.52081,-0.05705,-0.02594,0.05797,0.02077,-0.21084,-0.0988,0.04,-0,0.42338,-0.06328,0.16352,0.05385,0.08053,0.09871,-0.16797,-0.0634,0.09058,-0.10986,0.0823,-1.64739,0.36965,0.36585,-0.71116,0.11465,-0.048,4.16224,-0.05507,0.35648,0.19881,-0.64408,0.28141,0.40496,-0.85311,0.05373,-0.11665,-0.06651
40.76,0.83205,0.09007,-0.0427,0.51295,-0.0615,-0.01196,0.07668,0.01845,-0.17555,-0.09623,0.06357,-0,0.47885,-0.07092,0.17818,0.06092,0.13382,0.09798,-0.17717,-0.10503,0.0813,-0.08785,0.07312,-1.65228,0.36494,0.36135,-0.7078,0.09301,-0.0502,3.55543,0.01109,0.32021,0.1804,-0.5992,0.30147,0.37,-0.9417,0.0297,-0.11015,-0.06146
40.78,0.85113,0.09159,-0.03881,0.50635,-0.06148,-0.00595,0.09274,0.01916,-0.14712,-0.09295,0.08855,-0,0.5364,-0.08065,0.19702,0.06487,0.18076,0.09177,-0.16448,-0.14508,0.06508,-0.05866,0.06491,-1.54063,0.34162,0.32873,-0.67202,0.07408,-0.04355,2.85068,0.08326,0.26783,0.15303,-0.54003,0.31637,0.29872,-1.0503,0.00125,-0.10161,-0.05523
40.8,0.8698,0.09626,-0.03463,0.50004,-0.05863,-0.00754,0.10647,0.02306,-0.1242,-0.0885,0.11378,-0,0.59278,-0.09102,0.21701,0.06599,0.21648,0.081,-0.13588,-0.17997,0.04348,-0.0256,0.05746,-1.33467,0.30241,0.27414,-0.60835,0.05889,-0.02875,2.0871,0.15126,0.20214,0.11801,-0.46077,0.32836,0.20208,-1.18089,-0.03231,-0.09178,-0.04823
40.82,0.88672,0.10396,-0.0304,0.49298,-0.05476,-0.01594,0.1182,0.03012,-0.10498,-0.08246,0.13798,-0,0.64425,-0.10012,0.23421,0.06453,0.23536,0.06721,-0.10045,-0.20572,0.0185,0.00742,0.05027,-1.06361,0.25082,0.20552,-0.52271,0.04817,-0.00781,1.30993,0.20406,0.12718,0.07738,-0.35588,0.34003,0.09491,-1.33426,-0.07135,-0.08167,-0.04099
40.84,0.90071,0.11444,-0.02634,0.48413,-0.05122,-0.02992,0.12805,0.04001,-0.08736,-0.07465,0.16007,-0,0.68785,-0.10645,0.24518,0.06074,0.23357,0.05205,-0.06668,-0.21918,-0.00802,0.03693,0.04289,-0.75408,0.19,0.13012,-0.4221,0.04232,0.01687,0.55939,0.23357,0.04728,0.0334,-0.22126,0.35295,-0.00925,-1.50937,-0.11569,-0.07195,-0.03392
40.86,0.91091,0.12737,-0.02269,0.47261,-0.04851,-0.04779,0.13577,0.05203,-0.06906,-0.06531,0.17931,-0,0.7222,-0.10959,0.24784,0.05475,0.21082,0.03699,-0.04008,-0.21892,-0.03474,0.06051,0.03523,-0.42479,0.12212,0.05309,-0.31481,0.04137,0.04308,-0.13439,0.23731,-0.0333,-0.01155,-0.05565,0.36684,-0.10124,-1.70227,-0.16446,-0.06278,-0.02709
40.88,0.91674,0.14221,-0.01967,0.4578,-0.04622,-0.06728,0.1406,0.06498,-0.04782,-0.05524,0.19524,-0,0.7474,-0.11032,0.24167,0.0467,0.171,0.02344,-0.02277,-0.20536,-0.06066,0.07675,0.0277,-0.08746,0.0487,-0.02235,-0.21127,0.04497,0.06871,-0.74728,0.2189,-0.10989,-0.05475,0.13791,0.3791,-0.1764,-1.90438,-0.2156,-0.05371,-0.02033
40.9,0.9178,0.15816,-0.01751,0.43936,-0.04314,-0.08548,0.14136,0.07717,-0.02157,-0.04573,0.20747,-0,0.76464,-0.11047,0.22757,0.03671,0.12164,0.01273,-0.014,-0.18058,-0.0849,0.08502,0.02121,0.24985,-0.02877,-0.09412,-0.12424,0.05244,0.09159,-1.25618,0.18727,-0.17698,-0.09284,0.35145,0.38515,-0.23349,-2.10158,-0.26572,-0.04385,-0.01324
40.92,0.91384,0.17428,-0.01647,0.41716,-0.03775,-0.09933,0.13673,0.08673,0.01139,-0.0383,0.21566,-0,0.77597,-0.11237,0.20753,0.02483,0.07179,0.0059,-0.01133,-0.14782,-0.1066,0.08536,0.01686,0.57935,-0.10835,-0.16049,-0.0667,0.06279,0.10956,-1.64082,0.15379,-0.22905,-0.12243,0.57381,0.37958,-0.2732,-2.27608,-0.31068,-0.03223,-0.00541
40.94,0.90487,0.18976,-0.01674,0.39109,-0.02881,-0.10628,0.12589,0.09207,0.05218,-0.03415,0.21961,-0,0.78404,-0.11811,0.18416,0.01096,0.02882,0.00327,-0.0121,-0.11074,-0.12488,0.07846,0.01555,0.89017,-0.1873,-0.21933,-0.04808,0.07477,0.12061,-1.89012,0.1283,-0.26208,-0.14104,0.79398,0.35809,-0.29673,-2.4099,-0.34669,-0.01813,0.00345
40.96,0.89117,0.204,-0.01845,0.36094,-0.01594,-0.10481,0.10895,0.0922,0.10106,-0.03385,0.21932,-0,0.792,-0.12904,0.16053,-0.00521,-0.00365,0.00411,-0.01448,-0.07307,-0.13872,0.06571,0.01771,1.16512,-0.2615,-0.26746,-0.0717,0.08682,0.12306,-2.00615,0.11646,-0.27466,-0.14775,1.00263,0.3189,-0.3047,-2.48702,-0.371,-0.00146,0.0133
40.98,0.87343,0.21658,-0.0216,0.32671,0.00028,-0.09448,0.08714,0.08683,0.15703,-0.03727,0.21494,-0,0.80336,-0.14558,0.14026,-0.02409,-0.02601,0.00658,-0.01769,-0.03884,-0.14688,0.04929,0.02315,1.37749,-0.32477,-0.30002,-0.13404,0.09695,0.11554,-2.00378,0.11914,-0.268,-0.14327,1.19092,0.2633,-0.29668,-2.4931,-0.38183,0.01707,0.0237
41,0.85278,0.22708,-0.02612,0.28872,0.01826,-0.07591,0.06281,0.07628,0.21761,-0.04365,0.2068,-0,0.82184,-0.16715,0.12752,-0.04601,-0.04191,0.00792,-0.02191,-0.01245,-0.14786,0.0321,0.03117,1.49141,-0.36881,-0.31056,-0.2255,0.10281,0.09694,-1.90794,0.13309,-0.24555,-0.12971,1.34907,0.19558,-0.27144,-2.41489,-0.37812,0.03589,0.03377
41.02,0.83055,0.23515,-0.03186,0.24766,0.03588,-0.05043,0.03882,0.06132,0.27931,-0.05185,0.19529,-0,0.85084,-0.1925,0.12632,-0.07117,-0.05665,0.00512,-0.02787,0.00194,-0.14031,0.01736,0.04078,1.47124,-0.3852,-0.29285,-0.33311,0.10211,0.06681,-1.7483,0.15267,-0.21199,-0.10993,1.46743,0.12155,-0.22782,-2.24104,-0.35959,0.0531,0.04243
41.04,0.80788,0.24049,-0.0387,0.20439,0.05118,-0.01978,0.01764,0.04291,0.33861,-0.06069,0.18079,-0,0.89272,-0.22001,0.13937,-0.09956,-0.07494,-0.00408,-0.0363,0.00153,-0.12371,0.00794,0.05095,1.29709,-0.36875,-0.24381,-0.44462,0.09338,0.02572,-1.55253,0.17231,-0.17198,-0.08675,1.53896,0.04635,-0.16627,-1.96402,-0.32694,0.0671,0.04884
41.06,0.78556,0.24289,-0.04656,0.16004,0.0628,0.01407,0.00078,0.02217,0.39236,-0.06914,0.16361,-0,0.94813,-0.24788,0.16714,-0.13077,-0.09936,-0.02045,-0.04751,-0.01431,-0.09894,0.00585,0.06085,0.97635,-0.31997,-0.16581,-0.55082,0.07653,-0.02414,-1.34251,0.18814,-0.12939,-0.06249,1.56096,-0.02675,-0.09016,-1.58265,-0.2821,0.0771,0.05265
41.08,0.76412,0.24227,-0.05532,0.1163,0.06995,0.04869,-0.0112,0.00048,0.43751,-0.07632,0.1442,-0,1.01547,-0.27397,0.2075,-0.16377,-0.12973,-0.043,-0.06121,-0.04375,-0.06862,0.01225,0.06982,0.54877,-0.24598,-0.06775,-0.64534,0.05309,-0.07856,-1.13483,0.19824,-0.08747,-0.03898,1.53511,-0.09619,-0.0066,-1.1052,-0.22865,0.08313,0.054
41.1,0.74405,0.23858,-0.06482,0.07563,0.07235,0.08105,-0.0185,-0.02045,0.47075,-0.08144,0.12316,-0,1.09075,-0.29572,0.25588,-0.19672,-0.16332,-0.06905,-0.07649,-0.0827,-0.03696,0.02745,0.07724,0.08382,-0.15987,0.03542,-0.72372,0.02609,-0.13129,-0.94244,0.2024,-0.04906,-0.01781,1.46668,-0.16135,0.07366,-0.55074,-0.17184,0.08587,0.05347
41.12,0.72575,0.23181,-0.07488,0.04077,0.06998,0.10798,-0.02175,-0.03882,0.48908,-0.08376,0.10129,-0,1.16852,-0.31078,0.30639,-0.22713,-0.19598,-0.09506,-0.09214,-0.12585,-0.00885,0.05106,0.08265,-0.33588,-0.07752,0.12614,-0.78317,-0.00071,-0.17541,-0.77493,0.20151,-0.01656,-0.0002,1.36285,-0.22199,0.13883,0.05537,-0.11758,0.08647,0.05192
41.14,0.70945,0.22207,-0.08541,0.01373,0.06308,0.12695,-0.02177,-0.05321,0.49082,-0.08268,0.07941,-0,1.24345,-0.31809,0.35353,-0.2523,-0.22405,-0.11781,-0.10704,-0.1681,0.0116,0.08206,0.08581,-0.64009,-0.01282,0.18974,-0.82261,-0.02402,-0.20556,-0.63786,0.19681,0.00851,0.01309,1.23059,-0.27773,0.18016,0.68952,-0.07083,0.0863,0.05031
41.16,0.69521,0.20955,-0.09643,-0.00481,0.05199,0.13658,-0.01929,-0.06291,0.47634,-0.07776,0.05839,-0,1.31114,-0.31853,0.3933,-0.26952,-0.24546,-0.13511,-0.12049,-0.20551,0.02206,0.11873,0.08683,-0.78765,0.02549,0.21801,-0.84277,-0.04175,-0.21942,-0.53272,0.18943,0.02571,0.0219,1.07568,-0.32756,0.19463,1.33306,-0.03464,0.08678,0.04954
41.18,0.68303,0.19473,-0.10801,-0.01548,0.03729,0.13666,-0.01497,-0.06784,0.44835,-0.06875,0.03929,-0,1.36779,-0.31514,0.42308,-0.27595,-0.25992,-0.14591,-0.1321,-0.23518,0.02205,0.15842,0.08611,-0.76919,0.03424,0.20977,-0.84589,-0.05307,-0.21793,-0.45782,0.1803,0.03554,0.02658,0.90359,-0.36929,0.18551,1.96839,-0.01015,0.08935,0.05044
41.2,0.6729,0.17832,-0.12021,-0.01991,0.01978,0.12796,-0.00938,-0.06848,0.41159,-0.05564,0.02347,-0,1.4097,-0.31273,0.44127,-0.26863,-0.26851,-0.15004,-0.1417,-0.25495,0.01275,0.1974,0.08433,-0.60303,0.01507,0.16997,-0.83541,-0.05816,-0.20474,-0.40944,0.17021,0.03923,0.02789,0.72044,-0.39942,0.16143,2.57454,0.00294,0.0954,0.05379
41.22,0.6649,0.16122,-0.13305,-0.02026,0.00037,0.11187,-0.0029,-0.06562,0.37172,-0.03862,0.01231,-0,1.43337,-0.31669,0.44706,-0.24502,-0.27306,-0.14794,-0.14929,-0.26346,-0.00355,0.2316,0.08223,-0.32627,-0.0269,0.10758,-0.81529,-0.05786,-0.18482,-0.38286,0.15976,0.03836,0.02675,0.53259,-0.414,0.13362,3.1287,0.006,0.10618,0.06022
41.24,0.65906,0.14422,-0.14663,-0.0186,-0.02012,0.09,0.00433,-0.06013,0.33357,-0.01816,0.00673,-0,1.43602,-0.33112,0.44037,-0.20398,-0.27539,-0.14042,-0.15503,-0.26036,-0.02413,0.25768,0.08037,0.01675,-0.08466,0.03279,-0.78927,-0.05332,-0.16253,-0.37317,0.14933,0.03446,0.02406,0.34539,-0.41025,0.11218,3.61167,0.00114,0.12257,0.07013
41.26,0.65535,0.12793,-0.16114,-0.01651,-0.04108,0.06398,0.01252,-0.05288,0.30008,0.00492,0.00685,-0,1.41602,-0.35762,0.42184,-0.14659,-0.27676,-0.12849,-0.15919,-0.24653,-0.04617,0.27376,0.07892,0.381,-0.1502,-0.04463,-0.76046,-0.04575,-0.14043,-0.37584,0.13909,0.02875,0.0205,0.16292,-0.38772,0.10346,4.01017,-0.00899,0.14483,0.08355
41.28,0.65371,0.11285,-0.17672,-0.01502,-0.06195,0.03557,0.02212,-0.04472,0.27232,0.02932,0.01191,-0,1.37304,-0.39472,0.39291,-0.07677,-0.27768,-0.11343,-0.16212,-0.22421,-0.06673,0.27946,0.07766,0.71975,-0.21422,-0.11513,-0.73144,-0.03641,-0.11907,-0.38688,0.12905,0.02211,0.01654,-0.01067,-0.3487,0.10959,4.3141,-0.02121,0.17246,0.10009
41.3,0.65406,0.09951,-0.19341,-0.01459,-0.08207,0.00682,0.03378,-0.03651,0.24989,0.0531,0.02042,-0,1.30805,-0.43809,0.35586,-0.00121,-0.278,-0.09675,-0.16422,-0.19686,-0.08267,0.27561,0.07601,0.98393,-0.26622,-0.16921,-0.7044,-0.02664,-0.09741,-0.40294,0.11915,0.01515,0.01251,-0.16988,-0.298,0.12879,4.51319,-0.03187,0.20402,0.11877
41.32,0.65635,0.08841,-0.21117,-0.01526,-0.10076,-0.02018,0.04812,-0.02912,0.23149,0.0741,0.03055,-0,1.22302,-0.48189,0.31335,0.07211,-0.27712,-0.08001,-0.1658,-0.16839,-0.09118,0.26382,0.07325,1.13005,-0.29636,-0.19873,-0.68105,-0.01786,-0.07353,-0.42164,0.10927,0.00826,0.00856,-0.30822,-0.24185,0.15628,4.59668,-0.03755,0.2372,0.13814
41.34,0.66054,0.07992,-0.23,-0.01664,-0.11744,-0.04375,0.06559,-0.02324,0.21561,0.09059,0.04067,-0,1.12042,-0.52071,0.26784,0.13639,-0.27428,-0.06433,-0.16693,-0.14193,-0.09058,0.24594,0.06877,1.13377,-0.29865,-0.19941,-0.66219,-0.01147,-0.04565,-0.44197,0.09917,0.00168,0.0048,-0.41973,-0.1862,0.18545,4.55519,-0.03599,0.26898,0.15639
41.36,0.66654,0.07418,-0.25003,-0.01801,-0.13174,-0.06278,0.0862,-0.0194,0.20097,0.10161,0.04974,-0,1.00331,-0.55084,0.22129,0.18752,-0.26884,-0.05022,-0.16743,-0.11915,-0.08095,0.2238,0.06229,0.99946,-0.27315,-0.17251,-0.64753,-0.00883,-0.01291,-0.46458,0.08849,-0.00445,0.00125,-0.49967,-0.13578,0.20864,4.3826,-0.0268,0.29561,0.17136
41.38,0.67421,0.07116,-0.27129,-0.01832,-0.14335,-0.07674,0.10936,-0.01795,0.18682,0.10701,0.05731,-0,0.87624,-0.57036,0.17549,0.22402,-0.26032,-0.0376,-0.16674,-0.10023,-0.06432,0.19925,0.05392,0.76342,-0.22665,-0.12543,-0.63576,-0.01128,0.02422,-0.4916,0.07684,-0.00996,-0.00202,-0.54398,-0.09426,0.21705,4.07722,-0.0117,0.31245,0.18044
41.4,0.68329,0.07072,-0.29366,-0.01621,-0.15195,-0.0854,0.13378,-0.01912,0.17292,0.1073,0.06338,-0,0.74572,-0.57873,0.13227,0.24643,-0.24849,-0.02597,-0.16405,-0.08421,-0.04441,0.17431,0.04421,0.48947,-0.17178,-0.07089,-0.62473,-0.02015,0.06382,-0.52646,0.06386,-0.01468,-0.00496,-0.54888,-0.06459,0.20115,3.64277,0.00576,0.31397,0.1806
41.42,0.69344,0.07264,-0.31686,-0.01016,-0.15712,-0.08881,0.15765,-0.02303,0.15925,0.10335,0.06827,-0,0.61915,-0.57626,0.09348,0.25646,-0.23329,-0.01466,-0.15842,-0.06949,-0.02556,0.15082,0.0339,0.25066,-0.12324,-0.02333,-0.61152,-0.03672,0.10297,-0.57361,0.04919,-0.01845,-0.00751,-0.51199,-0.04898,0.1529,3.08867,0.0214,0.29503,0.16905
41.44,0.70424,0.07668,-0.34061,0.00121,-0.1584,-0.08726,0.17909,-0.02968,0.14553,0.09614,0.07231,-0,0.50261,-0.56353,0.06044,0.25625,-0.21487,-0.00305,-0.14911,-0.05452,-0.01111,0.13,0.02365,0.10217,-0.09222,0.00632,-0.59261,-0.06206,0.13859,-0.63811,0.03241,-0.02115,-0.00962,-0.43465,-0.04851,0.06925,2.4302,0.03209,0.25283,0.14428
41.46,0.71525,0.08256,-0.36468,0.01899,-0.15528,-0.08133,0.19629,-0.03892,0.13086,0.08664,0.07575,-0,0.3998,-0.54115,0.03384,0.24777,-0.19361,0.00921,-0.13577,-0.03826,-0.00236,0.11212,0.01385,0.06313,-0.08266,0.01419,-0.56396,-0.09683,0.16785,-0.72523,0.01304,-0.0228,-0.01134,-0.32374,-0.06281,-0.04514,1.69127,0.03699,0.1884,0.10691
41.48,0.72585,0.08994,-0.3887,0.04376,-0.14725,-0.07188,0.20745,-0.05038,0.11376,0.07575,0.07867,-0,0.31253,-0.50972,0.01383,0.23277,-0.17028,0.02204,-0.11861,-0.02047,0.00165,0.09661,0.00468,0.11237,-0.09042,0.00431,-0.52125,-0.141,0.18808,-0.83967,-0.00933,-0.02353,-0.01272,-0.19299,-0.08996,-0.17637,0.91034,0.03774,0.10747,0.06015
41.5,0.73523,0.09837,-0.41198,0.07551,-0.13378,-0.06007,0.21067,-0.06345,0.0924,0.06443,0.08095,-0,0.24158,-0.47002,0.0003,0.21275,-0.14612,0.03494,-0.09842,-0.00171,0.00374,0.08231,-0.00385,0.19445,-0.10446,-0.01261,-0.46014,-0.19366,0.1966,-0.98491,-0.03487,-0.02354,-0.01389,-0.06258,-0.12656,-0.30202,0.14296,0.03814,0.02017,0.00968
41.52,0.74247,0.10739,-0.43368,0.11367,-0.11445,-0.04725,0.20416,-0.0773,0.06487,0.05352,0.08235,-0,0.18696,-0.42287,-0.00702,0.18897,-0.12262,0.04718,-0.07634,0.01692,0.00755,0.0679,-0.0117,0.23962,-0.11086,-0.02303,-0.37663,-0.25309,0.19127,-1.16253,-0.06348,-0.02313,-0.01499,0.04489,-0.16834,-0.3964,-0.54872,0.04286,-0.06148,-0.03779
41.54,0.74679,0.11662,-0.45302,0.15731,-0.08905,-0.0347,0.18663,-0.09101,0.02969,0.04359,0.08268,-0,0.14756,-0.36898,-0.00859,0.16239,-0.10101,0.05822,-0.05345,0.03429,0.01604,0.0525,-0.01873,0.1924,-0.09848,-0.01612,-0.26743,-0.31705,0.17132,-1.37164,-0.09476,-0.02268,-0.0162,0.11082,-0.21111,-0.43889,-1.11476,0.05576,-0.12749,-0.07665
41.56,0.74762,0.12576,-0.46944,0.20499,-0.05778,-0.02354,0.15764,-0.10363,-0.01382,0.03487,0.08183,-0,0.12108,-0.30896,-0.00508,0.13371,-0.08203,0.06798,-0.03063,0.04952,0.0304,0.03603,-0.02458,0.03154,-0.06297,0.01232,-0.13076,-0.38267,0.13812,-1.60761,-0.12788,-0.02266,-0.01773,0.12486,-0.25119,-0.4196,-1.52869,0.07858,-0.17241,-0.10385
41.58,0.7447,0.13462,-0.48251,0.25442,-0.02153,-0.01485,0.1179,-0.11407,-0.06507,0.0272,0.07984,-0,0.10424,-0.24384,0.00262,0.10358,-0.066,0.07676,-0.00863,0.0619,0.04968,0.01955,-0.0286,-0.22384,-0.00802,0.05875,0.03261,-0.44601,0.09556,-1.86014,-0.16136,-0.02362,-0.01982,0.08576,-0.28524,-0.34076,-1.78685,0.11048,-0.19563,-0.11895
41.6,0.73798,0.14298,-0.49178,0.30233,0.01803,-0.00965,0.06932,-0.12105,-0.12213,0.02024,0.07685,-0,0.09308,-0.17539,0.01337,0.07284,-0.05301,0.08519,0.01172,0.07084,0.07099,0.0051,-0.02985,-0.51836,0.05541,0.11265,0.21862,-0.50174,0.04986,-2.11216,-0.19284,-0.02617,-0.02271,0.00021,-0.31002,-0.21544,-1.90283,0.14823,-0.20043,-0.12368
41.62,0.7276,0.15063,-0.49683,0.34512,0.05872,-0.00894,0.01461,-0.12323,-0.18226,0.01347,0.07304,-0,0.08326,-0.10611,0.02582,0.04261,-0.04297,0.09395,0.02966,0.07591,0.09052,-0.00484,-0.02728,-0.77848,0.11279,0.16001,0.42079,-0.54399,0.00807,-2.34211,-0.21959,-0.03079,-0.02656,-0.12026,-0.32259,-0.0629,-1.90046,0.18722,-0.19241,-0.12102
41.64,0.71385,0.15746,-0.49747,0.38012,0.09844,-0.01356,-0.04338,-0.11955,-0.24304,0.00638,0.06842,-0,0.07026,-0.03876,0.03834,0.01421,-0.03554,0.10361,0.04463,0.07711,0.10499,-0.00846,-0.02013,-0.93939,0.1513,0.18846,0.63204,-0.5679,-0.02424,-2.52844,-0.23915,-0.03765,-0.03135,-0.26346,-0.32098,0.09799,-1.80625,0.2231,-0.17735,-0.11407
41.66,0.69722,0.16346,-0.49383,0.40636,0.13544,-0.02402,-0.10194,-0.10946,-0.30284,-0.00152,0.06283,-0,0.04964,0.02364,0.04904,-0.01073,-0.03021,0.11437,0.05647,0.07496,0.11273,-0.00524,-0.00814,-0.96315,0.16353,0.1907,0.84521,-0.57066,-0.04449,-2.65213,-0.24988,-0.04634,-0.03679,-0.41895,-0.3046,0.25266,-1.64486,0.2528,-0.15983,-0.1053
41.68,0.67845,0.16871,-0.48644,0.42454,0.16811,-0.0405,-0.15814,-0.093,-0.36052,-0.01057,0.05589,-0,0.0172,0.07737,0.05563,-0.03008,-0.02628,0.12598,0.06529,0.0706,0.1138,0.00383,0.00831,-0.84277,0.14818,0.16536,1.05154,-0.55166,-0.05327,-2.69613,-0.25093,-0.05583,-0.04225,-0.57747,-0.2744,0.39074,-1.43883,0.27453,-0.14303,-0.09645
41.7,0.65869,0.17327,-0.47614,0.43659,0.19471,-0.06272,-0.20845,-0.07084,-0.41497,-0.0209,0.04711,-0,-0.03086,0.11772,0.05542,-0.04112,-0.02296,0.13768,0.07141,0.06574,0.10983,0.01638,0.02818,-0.5991,0.10945,0.11637,1.23957,-0.51224,-0.05377,-2.64462,-0.24209,-0.06447,-0.04679,-0.72997,-0.23287,0.50467,-1.20937,0.28745,-0.12891,-0.08857
41.72,0.63923,0.17721,-0.46397,0.44509,0.2136,-0.09002,-0.24931,-0.04405,-0.46499,-0.03251,0.03588,-0,-0.09765,0.13979,0.0458,-0.04117,-0.0193,0.14848,0.07523,0.06237,0.10352,0.02931,0.05015,-0.27206,0.05528,0.0513,1.39683,-0.45502,-0.05033,-2.4842,-0.22373,-0.07035,-0.04935,-0.86819,-0.18339,0.58914,-0.97534,0.29147,-0.11842,-0.08219
41.74,0.62116,0.18048,-0.45085,0.45243,0.22369,-0.1214,-0.27801,-0.01386,-0.5095,-0.04526,0.02157,-0,-0.18527,0.13999,0.0248,-0.0285,-0.01425,0.15754,0.07731,0.06254,0.09803,0.03967,0.07317,0.09149,-0.00493,-0.02098,1.5134,-0.38313,-0.04643,-2.2068,-0.19675,-0.07188,-0.04908,-0.98619,-0.12944,0.64118,-0.75121,0.2871,-0.11172,-0.07745
41.76,0.60523,0.18295,-0.43749,0.46032,0.22478,-0.15548,-0.29341,0.01851,-0.54749,-0.05895,0.0036,-0,-0.29426,0.11717,-0.00824,-0.00311,-0.0066,0.1644,0.07831,0.06802,0.09664,0.04518,0.09677,0.44464,-0.0617,-0.09165,1.58408,-0.29989,-0.0434,-1.81292,-0.16271,-0.06821,-0.04556,-1.0811,-0.07418,0.66013,-0.54633,0.27536,-0.10837,-0.07416
41.78,0.59186,0.18434,-0.42444,0.46952,0.21759,-0.19021,-0.29584,0.05156,-0.57773,-0.07312,-0.01838,-0,-0.42266,0.07298,-0.05242,0.03293,0.00496,0.169,0.07899,0.08032,0.1026,0.04433,0.12095,0.73954,-0.10536,-0.15173,1.60829,-0.20932,-0.04002,-1.315,-0.12405,-0.05928,-0.03888,-1.15253,-0.02081,0.64728,-0.36643,0.25783,-0.10738,-0.07189
41.8,0.58132,0.18425,-0.41218,0.47994,0.20362,-0.22275,-0.28687,0.08342,-0.59854,-0.0871,-0.04445,-0,-0.56568,0.01168,-0.10517,0.07559,0.02175,0.17156,0.08019,0.10062,0.11907,0.03633,0.14597,0.92671,-0.12607,-0.19192,1.58899,-0.1166,-0.03294,-0.73847,-0.08415,-0.04583,-0.02961,-1.20157,0.02719,0.60558,-0.2153,0.23665,-0.10736,-0.07003
41.82,0.57378,0.18221,-0.40111,0.49089,0.18468,-0.24992,-0.26864,0.11203,-0.60809,-0.10007,-0.07446,-0,-0.71707,-0.06092,-0.16298,0.11981,0.0449,0.17243,0.08277,0.12998,0.14862,0.02105,0.17203,0.96314,-0.11544,-0.20409,1.53136,-0.02745,-0.01792,-0.11634,-0.04677,-0.02905,-0.0186,-1.2302,0.06645,0.53914,-0.09516,0.21411,-0.10679,-0.06791
41.84,0.56926,0.17785,-0.39148,0.5016,0.16235,-0.2691,-0.24318,0.13575,-0.60508,-0.11135,-0.1082,-0,-0.87164,-0.13901,-0.22249,0.16101,0.07514,0.17181,0.08756,0.16947,0.19241,-0.00109,0.19908,0.82607,-0.06936,-0.18388,1.44144,0.05315,0.00837,0.52027,-0.01494,-0.01023,-0.00672,-1.2408,0.09468,0.45289,-0.0062,0.1921,-0.10447,-0.06501
41.86,0.56764,0.17103,-0.38336,0.51151,0.13761,-0.27867,-0.21197,0.15363,-0.58921,-0.12059,-0.14542,-0,-1.02642,-0.21755,-0.28102,0.19593,0.11251,0.16964,0.09526,0.2202,0.2495,-0.02894,0.22648,0.52344,0.00984,-0.13261,1.32557,0.12159,0.04697,1.14647,0.00966,0.00947,0.00532,-1.23601,0.11118,0.35258,0.05361,0.17183,-0.09981,-0.0611
41.88,0.56868,0.16192,-0.3767,0.52027,0.11098,-0.27816,-0.17608,0.16536,-0.56146,-0.12772,-0.18559,-0,-1.17979,-0.2919,-0.33629,0.22258,0.15599,0.16557,0.10638,0.28294,0.31625,-0.06051,0.25276,0.09833,0.11237,-0.05809,1.19106,0.17516,0.096,1.73988,0.02663,0.02893,0.01687,-1.21859,0.11688,0.24556,0.08802,0.15384,-0.09293,-0.05626
41.9,0.57205,0.15096,-0.3714,0.52765,0.08268,-0.26797,-0.13642,0.17102,-0.52395,-0.13284,-0.22762,-0,-1.33039,-0.35731,-0.38604,0.2399,0.20354,0.15901,0.12118,0.35782,0.38634,-0.09288,0.27559,-0.3742,0.22151,0.02599,1.04664,0.21164,0.15083,2.27635,0.03656,0.04692,0.02731,-1.19136,0.11401,0.14104,0.1017,0.13823,-0.08462,-0.05091
41.92,0.57741,0.13882,-0.36732,0.5336,0.0529,-0.24918,-0.09385,0.17105,-0.47951,-0.1361,-0.27001,-0,-1.47722,-0.40923,-0.42851,0.24763,0.2529,0.14952,0.13961,0.44445,0.4522,-0.12286,0.29233,-0.80526,0.31766,0.1034,0.90132,0.22946,0.20541,2.73133,0.04068,0.06227,0.03604,-1.15708,0.10549,0.04839,0.09955,0.12482,-0.07598,-0.04562
41.94,0.58451,0.12613,-0.36431,0.53829,0.02191,-0.22327,-0.04928,0.16612,-0.43091,-0.13768,-0.31127,-0,-1.62061,-0.44423,-0.46326,0.24631,0.3031,0.13722,0.16121,0.54226,0.50737,-0.14805,0.30109,-1.1199,0.3845,0.16034,0.76222,0.22845,0.25445,3.08525,0.04052,0.07402,0.04264,-1.11821,0.09422,-0.0258,0.08594,0.11325,-0.06803,-0.0409
41.96,0.59319,0.11343,-0.36219,0.54217,-0.00969,-0.19202,-0.00386,0.15715,-0.38053,-0.13768,-0.34998,-0,-1.76239,-0.46048,-0.49177,0.23727,0.35521,0.12316,0.18501,0.65036,0.54798,-0.16746,0.3014,-1.2752,0.41308,0.18875,0.63353,0.2104,0.29476,3.32629,0.0376,0.08166,0.04686,-1.07699,0.08266,-0.07945,0.06436,0.10303,-0.0613,-0.03698
41.98,0.6034,0.10125,-0.36076,0.54595,-0.0407,-0.15775,0.04061,0.14534,-0.33066,-0.13612,-0.384,-0,-1.90489,-0.45777,-0.51727,0.22271,0.4122,0.10956,0.20925,0.76678,0.57273,-0.18153,0.2944,-1.26329,0.4025,0.18683,0.51727,0.17926,0.32523,3.44883,0.0335,0.08499,0.04868,-1.03569,0.07278,-0.11506,0.03741,0.09373,-0.05592,-0.03387
42,0.61504,0.09016,-0.35985,0.55055,-0.06918,-0.12336,0.08153,0.1322,-0.28377,-0.13294,-0.384,-0,-2.04982,-0.43708,-0.54432,0.20556,0.47818,0.09964,0.23143,0.88793,0.58238,-0.19186,0.28256,-1.10669,0.35886,0.15827,0.41432,0.14096,0.34634,3.45114,0.0297,0.08412,0.0482,-0.99679,0.06616,-0.1387,0.00688,0.085,-0.05162,-0.03137
42.02,0.62804,0.08076,-0.35932,0.55692,-0.09296,-0.09197,0.11605,0.11932,-0.24234,-0.12797,-0.384,-0,-2.19807,-0.39999,-0.57779,0.18895,0.55685,0.09686,0.24873,1.00951,0.57908,-0.20087,0.26895,-0.8474,0.29264,0.11034,0.32466,0.10218,0.35948,3.33492,0.0275,0.07934,0.04561,-0.96231,0.0641,-0.15804,-0.02647,0.07648,-0.04799,-0.02921
42.04,0.64233,0.07358,-0.35904,0.56581,-0.11052,-0.06608,0.14221,0.108,-0.20814,-0.12094,-0.384,-0,-2.35015,-0.34793,-0.62161,0.17526,0.64962,0.10361,0.2589,1.12841,0.5657,-0.21144,0.25622,-0.53243,0.21513,0.05151,0.24699,0.06862,0.36626,3.10628,0.02768,0.07101,0.04113,-0.93278,0.06764,-0.1799,-0.06336,0.06773,-0.04463,-0.02712
42.06,0.65782,0.069,-0.35891,0.57767,-0.12153,-0.04713,0.15957,0.09907,-0.18199,-0.11149,-0.384,-0,-2.50594,-0.28187,-0.6777,0.16559,0.75383,0.12031,0.2608,1.24356,0.54538,-0.22658,0.24584,-0.20523,0.13632,-0.01,0.17871,0.04391,0.36798,2.77761,0.03031,0.05965,0.03503,-0.9065,0.0776,-0.20842,-0.10614,0.0581,-0.04136,-0.02495
42.08,0.67425,0.06726,-0.35886,0.59245,-0.12691,-0.03557,0.16928,0.0929,-0.16383,-0.09927,-0.384,-0,-2.66347,-0.20269,-0.74535,0.15972,0.8616,0.1451,0.25454,1.35533,0.52165,-0.24928,0.23809,0.09419,0.06493,-0.06616,0.11643,0.02954,0.36547,2.37017,0.0347,0.0459,0.02765,-0.87961,0.09452,-0.24439,-0.15856,0.04681,-0.03824,-0.02274
42.1,0.69116,0.06855,-0.35887,0.60959,-0.12854,-0.03108,0.17369,0.08951,-0.15303,-0.08397,-0.384,-0,-2.818,-0.11158,-0.82108,0.15627,0.95983,0.17396,0.24123,1.46461,0.4983,-0.28238,0.23219,0.32796,0.00877,-0.10891,0.05664,0.02523,0.35909,1.91476,0.03949,0.03064,0.01943,-0.84649,0.1186,-0.28546,-0.22533,0.03302,-0.03561,-0.02064
42.12,0.7079,0.07298,-0.35889,0.6281,-0.12869,-0.03283,0.17562,0.08872,-0.14848,-0.06535,-0.384,-0,-2.96292,-0.01006,-0.89965,0.15323,1.03288,0.20169,0.22254,1.57283,0.47896,-0.3284,0.22667,0.46504,-0.02616,-0.13136,-0.00403,0.02962,0.34868,1.44658,0.0431,0.01484,0.01085,-0.80063,0.14968,-0.32733,-0.31169,0.01593,-0.03388,-0.0189
42.14,0.72381,0.08056,-0.35888,0.64683,-0.12922,-0.03972,0.17739,0.09029,-0.14861,-0.04327,-0.384,-0,-3.09181,0.10045,-0.9757,0.14857,1.06708,0.22335,0.19995,1.68245,0.46615,-0.38937,0.21982,0.48993,-0.0375,-0.12983,-0.06869,0.04101,0.3336,0.99626,0.04442,-0.00071,0.0023,-0.73572,0.18723,-0.36573,-0.42287,-0.0052,-0.03334,-0.01767
42.16,0.73832,0.09111,-0.35875,0.66447,-0.13102,-0.05059,0.18013,0.09397,-0.15141,-0.01771,-0.37059,-0,-3.19947,0.21837,-1.04462,0.14065,1.05381,0.23514,0.17436,1.79705,0.46073,-0.46643,0.21001,0.40872,-0.02772,-0.10525,-0.13991,0.05786,0.31278,0.58521,0.04322,-0.01548,-0.00591,-0.64672,0.23019,-0.3976,-0.5633,-0.03089,-0.03401,-0.01695
42.18,0.75083,0.10422,-0.35838,0.67949,-0.13389,-0.06409,0.18363,0.09957,-0.15436,0.01097,-0.35583,-0,-3.28128,0.34115,-1.10228,0.12845,0.99022,0.23456,0.14616,1.92044,0.46183,-0.55928,0.19586,0.25106,-0.00449,-0.06371,-0.21912,0.0788,0.28486,0.2277,0.04029,-0.02911,-0.01356,-0.53063,0.27659,-0.42118,-0.73553,-0.06123,-0.03553,-0.01658
42.2,0.76063,0.11919,-0.35761,0.69008,-0.13662,-0.07875,0.18642,0.10685,-0.15458,0.04194,-0.34562,-0,-3.33239,0.46451,-1.14453,0.11154,0.87881,0.22025,0.11553,2.0558,0.46709,-0.66579,0.17626,0.06681,0.02011,-0.01577,-0.30624,0.10253,0.2485,-0.06578,0.03731,-0.04133,-0.02042,-0.38704,0.32344,-0.4356,-0.93917,-0.09574,-0.03727,-0.01622
42.22,0.76693,0.13515,-0.3563,0.69443,-0.13747,-0.09299,0.18637,0.11554,-0.1492,0.07406,-0.34119,-0,-3.34791,0.58305,-1.16733,0.09002,0.72624,0.19196,0.08263,2.20558,0.47336,-0.78277,0.15023,-0.08733,0.03269,0.02643,-0.40004,0.12783,0.20287,-0.28807,0.03628,-0.05191,-0.02631,-0.21769,0.36704,-0.44063,-1.17077,-0.13332,-0.03837,-0.01546
42.24,0.7691,0.15129,-0.35435,0.69136,-0.13485,-0.10544,0.18147,0.12523,-0.13604,0.10632,-0.34325,-0,-3.32387,0.69171,-1.16752,0.06434,0.54178,0.15065,0.04799,2.3718,0.47766,-0.90742,0.1167,-0.16753,0.02295,0.05346,-0.49907,0.15368,0.14833,-0.43678,0.03878,-0.06079,-0.03113,-0.02555,0.40384,-0.43629,-1.42421,-0.1724,-0.03793,-0.01386
42.26,0.76679,0.16692,-0.35174,0.6807,-0.1278,-0.11499,0.1704,0.13533,-0.11408,0.13794,-0.3517,-0,-3.2581,0.78637,-1.14329,0.03528,0.33693,0.09871,0.01275,2.5557,0.47785,-1.03783,0.07449,-0.15618,-0.01314,0.0615,-0.60192,0.1792,0.08715,-0.51519,0.04539,-0.06807,-0.0349,0.18502,0.43088,-0.4228,-1.68992,-0.21083,-0.03513,-0.01104
42.28,0.75991,0.18142,-0.34861,0.6635,-0.11616,-0.12076,0.15279,0.14495,-0.08375,0.16821,-0.36565,-0,-3.15078,0.86328,-1.09442,0.00422,0.12679,0.04035,-0.02094,2.75635,0.47275,-1.17213,0.0226,-0.06525,-0.07235,0.05297,-0.70653,0.20349,0.02408,-0.53148,0.05548,-0.07396,-0.03777,0.40676,0.44561,-0.40053,-1.95282,-0.24561,-0.02922,-0.00669
42.3,0.74867,0.19411,-0.3452,0.64186,-0.1005,-0.12202,0.12918,0.15288,-0.04683,0.19624,-0.38338,-0,-3.00448,0.91845,-1.02224,-0.02685,-0.06921,-0.01829,-0.04987,2.96954,0.46209,-1.30767,-0.03953,0.06745,-0.14491,0.03568,-0.80958,0.22544,-0.03368,-0.49743,0.06737,-0.0787,-0.03993,0.62854,0.44579,-0.37003,-2.1912,-0.27276,-0.01963,-0.00062
42.32,0.73348,0.20433,-0.34182,0.61832,-0.08193,-0.11821,0.10072,0.15783,-0.00593,0.22113,-0.384,-0,-2.82327,0.94811,-0.92905,-0.05565,-0.23031,-0.07036,-0.07041,3.18894,0.44625,-1.44124,-0.11206,0.19101,-0.21784,0.02014,-0.90707,0.24373,-0.07841,-0.42627,0.07887,-0.08249,-0.04158,0.83735,0.42975,-0.33168,-2.38006,-0.28811,-0.00607,0.0072
42.34,0.71474,0.21162,-0.33876,0.59493,-0.06167,-0.10901,0.06873,0.15875,0.03659,0.24225,-0.384,-0,-2.61114,0.95004,-0.81728,-0.08033,-0.33973,-0.11016,-0.07972,3.40838,0.42597,-1.57013,-0.19495,0.25992,-0.27997,0.01576,-0.99567,0.25708,-0.10508,-0.33019,0.08804,-0.08535,-0.0428,1.02229,0.39699,-0.28515,-2.49737,-0.28855,0.01122,0.01655
42.36,0.69293,0.21582,-0.3362,0.57263,-0.04087,-0.09446,0.03453,0.15509,0.07905,0.25941,-0.384,-0,-2.37176,0.92454,-0.68936,-0.09989,-0.38813,-0.13435,-0.07648,3.6228,0.40224,-1.69245,-0.28783,0.24657,-0.3251,0.02821,-1.07339,0.26429,-0.11335,-0.21915,0.09376,-0.08704,-0.0435,1.17671,0.3488,-0.22927,-2.52814,-0.27307,0.03132,0.02689
42.38,0.66865,0.2171,-0.33425,0.5513,-0.02072,-0.07508,-0.0004,0.14692,0.12033,0.27276,-0.384,-0,-2.11011,0.87478,-0.54857,-0.11415,-0.37383,-0.14208,-0.06115,3.82681,0.37635,-1.8062,-0.38925,0.1444,-0.35255,0.05869,-1.1391,0.26421,-0.1081,-0.10125,0.09581,-0.08707,-0.04345,1.29748,0.28873,-0.16233,-2.46487,-0.24296,0.05237,0.03723
42.4,0.64281,0.21582,-0.33297,0.53003,-0.00257,-0.05189,-0.03418,0.1348,0.1595,0.28265,-0.384,-0,-1.83382,0.8065,-0.39977,-0.12345,-0.30159,-0.13444,-0.03572,4.01333,0.35003,-1.90845,-0.49626,-0.03438,-0.36609,0.10437,-1.19189,0.25574,-0.09849,0.01645,0.09473,-0.08471,-0.04224,1.38359,0.22249,-0.08266,-2.3066,-0.20169,0.07161,0.0462
42.42,0.61644,0.21245,-0.33238,0.50747,0.01218,-0.02629,-0.06483,0.11971,0.19578,0.28954,-0.384,-0,-1.55198,0.72684,-0.24877,-0.12847,-0.17968,-0.11368,-0.00294,4.17435,0.3249,-1.99567,-0.60504,-0.26624,-0.372,0.15996,-1.23097,0.23811,-0.09522,0.12801,0.09149,-0.0792,-0.03942,1.43552,0.15672,0.01066,-2.05722,-0.1539,0.08606,0.05232
42.44,0.59034,0.2074,-0.33249,0.48236,0.02242,0.00029,-0.09076,0.10269,0.22858,0.29408,-0.384,-0,-1.27215,0.64238,-0.10076,-0.12994,-0.01626,-0.08206,0.03464,4.30334,0.30167,-2.06475,-0.71233,-0.52684,-0.37631,0.22006,-1.25594,0.21135,-0.10654,0.22922,0.08703,-0.07014,-0.03476,1.45524,0.09682,0.11705,-1.72363,-0.10402,0.09354,0.05455
42.46,0.56494,0.20092,-0.3333,0.45383,0.02746,0.02643,-0.11107,0.08473,0.25755,0.29705,-0.384,-0,-0.9993,0.55824,0.04022,-0.12854,0.18238,-0.04133,0.0753,4.39646,0.27964,-2.11368,-0.81605,-0.79732,-0.38302,0.28052,-1.26696,0.1768,-0.13547,0.31772,0.08205,-0.05775,-0.02833,1.44631,0.04575,0.23344,-1.31578,-0.05549,0.09336,0.05268
42.48,0.5405,0.19318,-0.33479,0.42177,0.02706,0.05059,-0.12546,0.06694,0.28228,0.29941,-0.384,-0,-0.73765,0.47839,0.17032,-0.12481,0.41104,0.0072,0.118,4.45206,0.25678,-2.14115,-0.91461,-1.064,-0.39351,0.33838,-1.26465,0.13737,-0.17889,0.3923,0.07692,-0.04299,-0.02064,1.41381,0.00411,0.35322,-0.84957,-0.01086,0.08654,0.04736
42.5,0.51724,0.18424,-0.33698,0.38692,0.0213,0.07099,-0.134,0.05054,0.30214,0.30217,-0.384,-0,-0.49255,0.4063,0.285,-0.11917,0.66359,0.06223,0.16195,4.46964,0.23,-2.14611,-1.00619,-1.31597,-0.40671,0.39132,-1.24994,0.09761,-0.22813,0.45217,0.07175,-0.02759,-0.0126,1.36409,-0.02925,0.46594,-0.34861,0.02773,0.07552,0.04007
42.52,0.49538,0.17414,-0.33985,0.35052,0.01051,0.08575,-0.13698,0.03681,0.31639,0.30628,-0.384,-0,-0.26978,0.34485,0.37964,-0.11202,0.93089,0.12177,0.2061,4.44913,0.19583,-2.12732,-1.08863,-1.54391,-0.41962,0.43742,-1.22392,0.06268,-0.27194,0.49692,0.06652,-0.01359,-0.00527,1.30387,-0.05636,0.55949,0.15947,0.05867,0.06353,0.03268
42.54,0.47498,0.1629,-0.34347,0.31366,-0.00486,0.09345,-0.13476,0.02669,0.3245,0.31247,-0.384,-0,-0.07319,0.29573,0.4512,-0.10379,1.19847,0.18239,0.24869,4.3903,0.15121,-2.08323,-1.15995,-1.73979,-0.42817,0.47517,-1.18788,0.03677,-0.30068,0.5269,0.06115,-0.00265,0.00046,1.23904,-0.07922,0.6239,0.65021,0.08101,0.05351,0.02688
42.56,0.45594,0.15054,-0.34794,0.27699,-0.02425,0.0934,-0.12778,0.02068,0.32644,0.32103,-0.384,-0,0.09631,0.2592,0.4992,-0.09506,1.4441,0.23852,0.2867,4.29281,0.09424,-2.01208,-1.21845,-1.89605,-0.4277,0.50328,-1.14337,0.02213,-0.30931,0.54341,0.05563,0.00437,0.00411,1.17395,-0.0991,0.65368,1.10559,0.09468,0.04752,0.02383
42.58,0.43813,0.13722,-0.35339,0.24089,-0.04687,0.08566,-0.11652,0.01877,0.32263,0.33179,-0.384,-0,0.23972,0.23431,0.52551,-0.08666,1.63509,0.28173,0.31546,4.15675,0.02472,-1.91228,-1.26227,-2.00399,-0.41313,0.52045,-1.09255,0.01893,-0.29795,0.54864,0.05005,0.00744,0.00569,1.11186,-0.11617,0.64818,1.51139,0.10033,0.04657,0.02405
42.6,0.42153,0.12332,-0.35997,0.20578,-0.0716,0.07101,-0.10157,0.0206,0.31389,0.34404,-0.3646,-0,0.35841,0.21935,0.53368,-0.07963,1.72939,0.30109,0.32878,3.98323,-0.05555,-1.78303,-1.28898,-2.05313,-0.37923,0.52518,-1.03839,0.02558,-0.2712,0.54534,0.04468,0.00723,0.00554,1.05529,-0.12951,0.61079,1.85376,0.09912,0.05077,0.02754
42.62,0.40617,0.1093,-0.3678,0.17206,-0.09718,0.05064,-0.0835,0.02555,0.30128,0.35682,-0.32626,-0,0.45374,0.21226,0.52797,-0.07504,1.68701,0.2861,0.32077,3.77438,-0.14331,-1.62474,-1.29592,-2.03367,-0.32176,0.51616,-0.98422,0.03944,-0.23616,0.53637,0.03982,0.00484,0.00424,1.00604,-0.13759,0.54746,2.11981,0.0925,0.05963,0.0339
42.64,0.39207,0.09556,-0.37708,0.13993,-0.12249,0.0258,-0.06282,0.03293,0.28588,0.36923,-0.28428,-0,0.52741,0.21101,0.51239,-0.07359,1.48808,0.23126,0.2887,3.53308,-0.23483,-1.43947,-1.28115,-1.94101,-0.23935,0.49291,-0.93283,0.0577,-0.19953,0.52419,0.03569,0.00133,0.00236,0.96467,-0.1391,0.46485,2.3009,0.08184,0.07231,0.04255
42.66,0.37909,0.08236,-0.38801,0.10936,-0.14675,-0.00231,-0.03993,0.04202,0.26869,0.38063,-0.23939,-0,0.58148,0.21379,0.49,-0.07537,1.14641,0.13951,0.23516,3.26364,-0.32618,-1.2319,-1.2441,-1.77938,-0.13508,0.45642,-0.88608,0.0779,-0.16582,0.51052,0.03232,-0.00247,0.00034,0.93036,-0.13354,0.36936,2.39467,0.06831,0.08786,0.0528
42.68,0.36709,0.0699,-0.40078,0.08029,-0.16933,-0.03242,-0.01528,0.05206,0.25077,0.3906,-0.19247,-0,0.61795,0.21915,0.46294,-0.07977,0.71525,0.02379,0.16896,2.97391,-0.41267,-1.01111,-1.18596,-1.5638,-0.01757,0.40953,-0.84515,0.09792,-0.13718,0.49639,0.02958,-0.00599,-0.00154,0.9011,-0.1214,0.26756,2.40436,0.05291,0.10509,0.06381
42.7,0.35601,0.0584,-0.41543,0.0529,-0.18958,-0.06298,0.01043,0.06216,0.23327,0.39884,-0.14492,-0,0.63828,0.22589,0.4326,-0.08555,0.2829,-0.09407,0.10437,2.67649,-0.48842,-0.79127,-1.10971,-1.31947,0.09914,0.35685,-0.81088,0.11584,-0.11379,0.48217,0.02717,-0.00895,-0.00313,0.87407,-0.1041,0.16666,2.33746,0.03658,0.12258,0.07458
42.72,0.34582,0.04813,-0.43197,0.0276,-0.20684,-0.09237,0.03643,0.0714,0.2173,0.40506,-0.0983,-0,0.64344,0.23305,0.39982,-0.09122,-0.05139,-0.18914,0.05727,2.38597,-0.54729,-0.58857,-1.0193,-1.07579,0.19895,0.30378,-0.78376,0.12991,-0.09474,0.46748,0.02473,-0.0112,-0.00434,0.84592,-0.08369,0.07382,2.20397,0.02018,0.13874,0.08402
42.74,0.33647,0.03927,-0.45041,0.00495,-0.2206,-0.11923,0.06206,0.07895,0.20355,0.40886,-0.0539,-0,0.63431,0.23984,0.36504,-0.09545,-0.21397,-0.24238,0.03913,2.11367,-0.58474,-0.41587,-0.91845,-0.85712,0.26904,0.25481,-0.76358,0.13866,-0.0789,0.4509,0.02183,-0.0127,-0.00518,0.81296,-0.06243,-0.00542,2.01471,0.00443,0.15214,0.09121
42.76,0.32782,0.03191,-0.47086,-0.01443,-0.23058,-0.14263,0.08685,0.08417,0.1921,0.40971,-0.01239,-0,0.61207,0.24546,0.32852,-0.09739,-0.18177,-0.24666,0.05299,1.86492,-0.5991,-0.27951,-0.81018,-0.67711,0.30333,0.2126,-0.74928,0.14091,-0.06565,0.42993,0.01804,-0.01346,-0.00567,0.77143,-0.04259,-0.0679,1.78103,-0.01009,0.16163,0.09551
42.78,0.3197,0.02608,-0.49331,-0.02961,-0.23662,-0.16193,0.11039,0.08652,0.18251,0.40688,0.02584,-0,0.5784,0.24915,0.29073,-0.09675,0.01151,-0.2082,0.09228,1.64028,-0.59164,-0.17957,-0.69746,-0.53869,0.30307,0.17803,-0.73902,0.13577,-0.05515,0.40104,0.01294,-0.01348,-0.00583,0.71788,-0.02654,-0.11258,1.51632,-0.02281,0.16629,0.09653
42.8,0.31201,0.02185,-0.51754,-0.03931,-0.2386,-0.17659,0.13211,0.08556,0.17389,0.39946,0.0604,-0,0.53548,0.2501,0.25249,-0.09374,0.28294,-0.14478,0.14217,1.43777,-0.56606,-0.11166,-0.58388,-0.43649,0.27565,0.15068,-0.73033,0.12257,-0.04837,0.35987,0.00618,-0.01279,-0.00572,0.64943,-0.01683,-0.13976,1.23703,-0.03308,0.16539,0.09414
42.82,0.30465,0.01927,-0.54316,-0.04196,-0.23638,-0.18613,0.15128,0.08094,0.16505,0.38648,0.0909,-0,0.48562,0.24758,0.21478,-0.08889,0.52663,-0.07982,0.18399,1.25385,-0.52727,-0.06882,-0.47321,-0.36023,0.23191,0.12931,-0.72027,0.10085,-0.04658,0.30133,-0.0026,-0.01146,-0.0054,0.56389,-0.01581,-0.15043,0.96057,-0.04019,0.1584,0.08836
42.84,0.29749,0.01838,-0.56982,-0.03601,-0.22971,-0.19036,0.16714,0.07242,0.15467,0.36712,0.11716,-0,0.43056,0.24118,0.17824,-0.0829,0.65185,-0.03397,0.20192,1.08351,-0.47977,-0.04371,-0.36821,-0.29864,0.18243,0.11226,-0.70551,0.07039,-0.05069,0.21975,-0.0138,-0.00963,-0.005,0.45968,-0.02501,-0.14566,0.70118,-0.04354,0.14513,0.07935
42.86,0.29033,0.01916,-0.59718,-0.02014,-0.21828,-0.18939,0.17892,0.05995,0.1414,0.34088,0.13929,-0,0.37123,0.23098,0.14291,-0.07654,0.6088,-0.01951,0.18749,0.9209,-0.42666,-0.03,-0.27015,-0.2423,0.13517,0.09784,-0.68249,0.03135,-0.06067,0.10925,-0.02787,-0.00756,-0.00467,0.33628,-0.04465,-0.12619,0.46796,-0.0427,0.12593,0.06744
42.88,0.28297,0.02151,-0.6248,0.00656,-0.20177,-0.18366,0.18577,0.04374,0.12401,0.30784,0.15753,-0,0.30816,0.21765,0.10847,-0.07064,0.39525,-0.03903,0.14075,0.76073,-0.36982,-0.02293,-0.17944,-0.18483,0.09524,0.08447,-0.64755,-0.01546,-0.07536,-0.03545,-0.04524,-0.00566,-0.00468,0.19513,-0.07336,-0.09246,0.26621,-0.03742,0.1018,0.05318
42.9,0.27522,0.02528,-0.65189,0.04455,-0.17994,-0.17394,0.18667,0.02435,0.10144,0.26877,0.17208,-0,0.24189,0.20243,0.07455,-0.06615,0.05173,-0.0865,0.06947,0.59939,-0.31031,-0.01937,-0.09646,-0.12303,0.06549,0.07086,-0.59716,-0.06835,-0.09263,-0.21816,-0.06614,-0.00446,-0.0053,0.04026,-0.10832,-0.0448,0.09936,-0.02765,0.07446,0.03743
42.92,0.26697,0.03026,-0.67746,0.09383,-0.15268,-0.16118,0.18063,0.00256,0.07291,0.2248,0.18301,-0,0.17315,0.18689,0.04087,-0.06406,-0.35477,-0.15027,-0.01382,0.43462,-0.24856,-0.01752,-0.02167,-0.05602,0.04721,0.0559,-0.52805,-0.1252,-0.11,-0.44092,-0.09056,-0.00448,-0.00682,-0.12285,-0.14597,0.0161,-0.03038,-0.01354,0.04597,0.02117
42.94,0.25809,0.03623,-0.70061,0.15397,-0.12013,-0.14636,0.16705,-0.02077,0.03789,0.17701,0.19037,-0,0.10279,0.17249,0.00728,-0.06533,-0.75429,-0.21718,-0.0961,0.26417,-0.18434,-0.01634,0.04468,0.01646,0.041,0.03852,-0.43749,-0.18407,-0.12567,-0.70384,-0.11811,-0.00608,-0.00938,-0.28926,-0.18317,0.0886,-0.12261,0.00456,0.01819,0.00528
42.96,0.24851,0.04293,-0.72064,0.22393,-0.08282,-0.13047,0.146,-0.04476,-0.00372,0.12616,0.19422,-0,0.03197,0.16028,-0.02606,-0.07075,-1.08848,-0.27521,-0.16649,0.08551,-0.11703,-0.01525,0.10259,0.09478,0.0473,0.01768,-0.32377,-0.2435,-0.13916,-1.00398,-0.14784,-0.00925,-0.01293,-0.4555,-0.21784,0.16935,-0.17878,0.02601,-0.00754,-0.00958
42.98,0.23824,0.05003,-0.73696,0.30151,-0.042,-0.11462,0.11843,-0.06831,-0.05126,0.07309,0.19453,-0,-0.03724,0.15098,-0.05843,-0.08093,-1.31167,-0.31363,-0.21637,-0.10298,-0.04615,-0.01397,0.15183,0.1792,0.06653,-0.00754,-0.18709,-0.30213,-0.15136,-1.33302,-0.17805,-0.01363,-0.01716,-0.6185,-0.24889,0.25259,-0.20173,0.04969,-0.03027,-0.02292
43,0.22747,0.05707,-0.74893,0.38306,0.00021,-0.10009,0.08622,-0.09001,-0.10314,0.01903,0.19124,-0,-0.10154,0.14506,-0.08836,-0.09623,-1.38875,-0.32291,-0.23892,-0.30091,0.02819,-0.01252,0.19155,0.26923,0.09903,-0.03777,-0.03011,-0.35825,-0.16419,-1.67569,-0.20608,-0.01848,-0.02151,-0.77446,-0.27589,0.32989,-0.195,0.07394,-0.04926,-0.03426
43.02,0.21648,0.06358,-0.75588,0.46421,0.04119,-0.0882,0.05172,-0.10831,-0.15725,-0.03456,0.18415,-0,-0.15719,0.14271,-0.11406,-0.1168,-1.29792,-0.29605,-0.22968,-0.50669,0.10541,-0.01097,0.22063,0.3638,0.14482,-0.0735,0.14276,-0.4097,-0.17963,-2.01205,-0.22884,-0.02292,-0.02533,-0.91915,-0.2988,0.39154,-0.16242,0.09682,-0.06392,-0.04318
43.04,0.20552,0.0692,-0.75744,0.54133,0.07854,-0.08005,0.01715,-0.12194,-0.21177,-0.08649,0.17297,-0,-0.20148,0.14376,-0.13412,-0.14249,-1.03686,-0.23099,-0.18777,-0.7196,0.18488,-0.00903,0.23842,0.46165,0.20323,-0.11531,0.32704,-0.45408,-0.19847,-2.3223,-0.24352,-0.02619,-0.02803,-1.04922,-0.31781,0.42894,-0.10789,0.11668,-0.07395,-0.04943
43.06,0.19475,0.07373,-0.75358,0.61222,0.11044,-0.07635,-0.01583,-0.13013,-0.26547,-0.13593,0.15738,-0,-0.23362,0.14756,-0.14796,-0.17275,-0.62842,-0.13257,-0.11701,-0.94042,0.26604,-0.00586,0.24527,0.56145,0.27236,-0.16382,0.51856,-0.48872,-0.2193,-2.58893,-0.24813,-0.02785,-0.02926,-1.16274,-0.3332,0.43623,-0.03551,0.13238,-0.07937,-0.05294
43.08,0.18435,0.07717,-0.74474,0.67573,0.13551,-0.07739,-0.04589,-0.13259,-0.31742,-0.1821,0.13712,-0,-0.25475,0.15297,-0.15588,-0.20643,-0.12457,-0.01363,-0.02664,-1.17003,0.34779,1e-05,0.24258,0.66095,0.34852,-0.21941,0.71217,-0.51042,-0.23812,-2.79519,-0.24154,-0.02781,-0.02893,-1.2584,-0.34516,0.41045,0.0499,0.14328,-0.0805,-0.05384
43.1,0.17454,0.07961,-0.73178,0.73123,0.15251,-0.08312,-0.0718,-0.12945,-0.36663,-0.22393,0.11212,-0,-0.26741,0.15838,-0.15873,-0.24159,0.39516,0.10543,0.06908,-1.40787,0.42794,0.01062,0.23258,0.75656,0.42597,-0.28182,0.90063,-0.51531,-0.24862,-2.92336,-0.22338,-0.02628,-0.02711,-1.33462,-0.35364,0.3514,0.14255,0.14908,-0.07787,-0.05244
43.12,0.16557,0.08121,-0.71575,0.77845,0.16043,-0.09323,-0.0925,-0.12111,-0.41215,-0.2602,0.08246,-0,-0.27482,0.16203,-0.15767,-0.27597,0.83958,0.20082,0.15372,-1.6525,0.5034,0.02849,0.21785,0.84434,0.49778,-0.34996,1.07579,-0.49963,-0.24375,-2.95655,-0.19398,-0.0236,-0.02403,-1.38981,-0.35825,0.26143,0.23636,0.14978,-0.07221,-0.04912
43.14,0.15767,0.0821,-0.69768,0.81775,0.15861,-0.1072,-0.10735,-0.10827,-0.45349,-0.28996,0.04835,-0,-0.28,0.16235,-0.15362,-0.30761,1.13083,0.25191,0.21329,-1.90342,0.57095,0.05645,0.20075,0.92197,0.55749,-0.42191,1.23117,-0.46104,-0.2182,-2.88293,-0.15429,-0.02003,-0.01988,-1.42328,-0.35825,0.14538,0.32633,0.14567,-0.06443,-0.04441
43.16,0.15095,0.08238,-0.67839,0.85015,0.14701,-0.12433,-0.11624,-0.09188,-0.4908,-0.3128,0.0102,-0,-0.28522,0.1583,-0.14706,-0.33526,1.22081,0.24559,0.23925,-2.16146,0.62746,0.09745,0.18302,0.98985,0.59996,-0.49462,1.36336,-0.39973,-0.17022,-2.69915,-0.10603,-0.01564,-0.01481,-1.43584,-0.35253,0.011,0.40916,0.13742,-0.05566,-0.03898
43.18,0.14547,0.08203,-0.65868,0.87707,0.12624,-0.14354,-0.11956,-0.07331,-0.52464,-0.32871,-0.03107,-0,-0.29174,0.14945,-0.13795,-0.35827,1.09405,0.17731,0.2289,-2.42697,0.66952,0.15426,0.16586,1.05089,0.62133,-0.56328,1.47123,-0.3191,-0.10233,-2.41222,-0.05208,-0.01029,-0.00887,-1.4298,-0.33963,-0.12995,0.48277,0.12611,-0.04734,-0.03363
43.2,0.14131,0.081,-0.6394,0.90003,0.09757,-0.16338,-0.11805,-0.05435,-0.55562,-0.33783,-0.07387,-0,-0.29993,0.13593,-0.12588,-0.37629,0.76418,0.05035,0.1847,-2.69804,0.69312,0.22907,0.15007,1.10937,0.61862,-0.62112,1.55471,-0.22572,-0.02115,-2.03937,0.00345,-0.00367,-0.00215,-1.40865,-0.31788,-0.26165,0.54565,0.11323,-0.04115,-0.02936
43.22,0.13854,0.07915,-0.6214,0.92043,0.0627,-0.18225,-0.11261,-0.03689,-0.58411,-0.34054,-0.11626,-0,-0.30961,0.11832,-0.1104,-0.38912,0.26606,-0.12595,0.1127,-2.97106,0.69413,0.32329,0.1363,1.16868,0.5902,-0.66052,1.61418,-0.12777,0.06456,-1.60383,0.05592,0.00463,0.00534,-1.37645,-0.28577,-0.36744,0.59682,0.10035,-0.03875,-0.02714
43.24,0.13723,0.0764,-0.60536,0.93939,0.02333,-0.19873,-0.10412,-0.02239,-0.61014,-0.33758,-0.15655,-0,-0.32067,0.09742,-0.09149,-0.39664,-0.35426,-0.33868,0.02046,-3.24262,0.66935,0.43722,0.12513,1.22849,0.53657,-0.67513,1.65031,-0.03258,0.1469,-1.12824,0.10151,0.01499,0.01359,-1.33716,-0.24255,-0.43521,0.63624,0.08875,-0.04121,-0.02761
43.26,0.13735,0.07266,-0.59173,0.95767,-0.01893,-0.21187,-0.09329,-0.01154,-0.63317,-0.33019,-0.19369,-0,-0.33341,0.0742,-0.06994,-0.39874,-1.04397,-0.57216,-0.08383,-3.51004,0.61748,0.56941,0.11731,1.28255,0.46122,-0.66134,1.66391,0.05477,0.22057,-0.63181,0.138,0.02771,0.02266,-1.29431,-0.18884,-0.46098,0.66499,0.07911,-0.04866,-0.03087
43.28,0.13883,0.06797,-0.58075,0.97544,-0.06229,-0.22111,-0.08074,-0.00428,-0.65188,-0.3202,-0.227,-0,-0.34855,0.04994,-0.04762,-0.39527,-1.73967,-0.80647,-0.19099,-3.76942,0.53954,0.71561,0.11381,1.31762,0.37134,-0.61859,1.65568,0.13114,0.28276,-0.13325,0.16465,0.0429,0.03255,-1.2512,-0.12712,-0.44948,0.68509,0.07155,-0.06014,-0.03642
43.3,0.14157,0.06245,-0.57267,0.99223,-0.10454,-0.22613,-0.06702,6e-05,-0.66408,-0.30997,-0.25589,-0,-0.36708,0.02633,-0.02746,-0.38601,-2.36557,-1.01685,-0.2904,-4.01394,0.43901,0.86814,0.11584,1.31446,0.27771,-0.54924,1.62602,0.19453,0.33238,0.34601,0.18179,0.06034,0.04318,-1.21117,-0.0618,-0.41279,0.69901,0.06574,-0.07372,-0.04319
43.32,0.14541,0.05628,-0.56769,1.00723,-0.1433,-0.22681,-0.05263,0.00245,-0.6671,-0.30205,-0.2798,-0,-0.39003,0.00514,-0.01275,-0.37078,-2.84534,-1.17781,-0.37154,-4.23503,0.32078,1.0173,0.12457,1.25288,0.19234,-0.45774,1.57495,0.24386,0.36948,0.78362,0.1904,0.07952,0.0543,-1.17724,0.00179,-0.36656,0.70911,0.06108,-0.08703,-0.04989
43.34,0.1502,0.04961,-0.56591,1.01982,-0.1766,-0.22308,-0.03783,0.00385,-0.65853,-0.29868,-0.29831,-0,-0.41815,-0.01233,-0.00608,-0.34958,-3.1231,-1.27033,-0.42669,-4.42547,0.18961,1.15391,0.14064,1.11969,0.12482,-0.34964,1.50204,0.27905,0.39476,1.16133,0.19169,0.09969,0.06558,-1.15147,0.05927,-0.32473,0.71681,0.05692,-0.098,-0.05539
43.36,0.15577,0.04258,-0.56733,1.02992,-0.20318,-0.21499,-0.02265,0.00498,-0.63676,-0.30139,-0.31119,-0,-0.45163,-0.02559,-0.00853,-0.32277,-3.1773,-1.28663,-0.45269,-4.58089,0.04961,1.27067,0.16376,0.91463,0.07988,-0.23125,1.40683,0.30099,0.4092,1.46735,0.18691,0.11976,0.07646,-1.13457,0.1082,-0.29606,0.72203,0.05275,-0.10546,-0.05901
43.38,0.16191,0.03529,-0.57181,1.03792,-0.22236,-0.2027,-0.007,0.00622,-0.60123,-0.31097,-0.31824,-0,-0.48976,-0.03494,-0.01955,-0.29134,-3.02317,-1.23108,-0.45106,-4.69894,-0.09498,1.36151,0.19243,0.65331,0.05725,-0.11044,1.28946,0.31135,0.41379,1.69439,0.17724,0.13822,0.08618,-1.12593,0.14798,-0.28343,0.72306,0.04819,-0.10913,-0.06061
43.4,0.16831,0.02793,-0.57907,1.04464,-0.23379,-0.18654,0.00925,0.00767,-0.55246,-0.32742,-0.31926,-0,-0.53084,-0.04127,-0.03713,-0.25698,-2.70759,-1.1185,-0.42724,-4.77783,-0.23885,1.42077,0.224,0.36632,0.05256,0.00294,1.15124,0.3123,0.40944,1.83717,0.16383,0.15299,0.09364,-1.12375,0.17934,-0.28474,0.7165,0.04311,-0.10949,-0.06045
43.42,0.17461,0.02072,-0.58871,1.05105,-0.23754,-0.16701,0.02617,0.00929,-0.49167,-0.35012,-0.314,-0,-0.5726,-0.04573,-0.0585,-0.22169,-2.29435,-0.9694,-0.38877,-4.81606,-0.37612,1.44354,0.25515,0.0911,0.05928,0.09869,0.99436,0.30613,0.39698,1.89272,0.14777,0.16184,0.09765,-1.12492,0.20377,-0.29484,0.69747,0.03745,-0.10747,-0.05904
43.44,0.18042,0.01397,-0.60018,1.05811,-0.23439,-0.14467,0.04388,0.01109,-0.42015,-0.37789,-0.30235,-0,-0.61298,-0.04935,-0.08117,-0.18718,-1.84364,-0.80334,-0.34292,-4.81282,-0.50172,1.42691,0.28282,-0.14076,0.0712,0.1692,0.82111,0.29502,0.37731,1.86273,0.13007,0.16293,0.09724,-1.12463,0.22315,-0.30823,0.65987,0.03121,-0.10398,-0.05688
43.46,0.18534,0.00801,-0.61273,1.06657,-0.22598,-0.12027,0.06243,0.01328,-0.33914,-0.40897,-0.28445,-0,-0.65051,-0.05275,-0.10351,-0.15454,-1.3998,-0.63512,-0.29522,-4.76843,-0.61198,1.37095,0.3047,-0.31148,0.08403,0.21131,0.63389,0.28081,0.35162,1.75543,0.11169,0.1553,0.09195,-1.11619,0.23929,-0.3209,0.59678,0.02433,-0.09968,-0.05433
43.48,0.18891,0.00329,-0.62535,1.07687,-0.21497,-0.09487,0.08167,0.01626,-0.25036,-0.44078,-0.26086,-0,-0.68419,-0.05603,-0.12475,-0.12435,-0.99142,-0.47493,-0.24945,-4.68462,-0.70386,1.27926,0.31921,-0.41772,0.09581,0.22639,0.43664,0.2651,0.32163,1.58668,0.09366,0.13897,0.08184,-1.09093,0.25378,-0.33071,0.5009,0.01672,-0.0949,-0.05154
43.5,0.19064,0.00041,-0.63666,1.0891,-0.20489,-0.06997,0.10117,0.02063,-0.15646,-0.46986,-0.23263,-0,-0.71309,-0.05884,-0.14475,-0.09704,-0.63551,-0.32984,-0.20802,-4.56452,-0.77415,1.15884,0.32528,-0.46777,0.10657,0.21944,0.23585,0.24933,0.28956,1.37939,0.07723,0.1149,0.06753,-1.03869,0.26784,-0.33703,0.36524,0.00837,-0.0897,-0.04857
43.52,0.18999,-4e-05,-0.64515,1.10321,-0.1995,-0.0472,0.12015,0.02694,-0.06059,-0.49239,-0.20108,-0,-0.73624,-0.06071,-0.16356,-0.07283,-0.34041,-0.20442,-0.17234,-4.41187,-0.81969,1.01856,0.32235,-0.4766,0.1175,0.19745,0.03935,0.23461,0.25771,1.15956,0.06358,0.08467,0.04999,-0.94919,0.28229,-0.34005,0.18403,-0.00072,-0.08393,-0.0453
43.54,0.18656,0.00238,-0.6495,1.11922,-0.20183,-0.02772,0.13761,0.03556,0.03456,-0.50513,-0.16752,-0,-0.75271,-0.06153,-0.18107,-0.05169,-0.10763,-0.10081,-0.14294,-4.2298,-0.83833,0.86676,0.31043,-0.45989,0.12988,0.16724,-0.14634,0.22162,0.22755,0.95009,0.05343,0.05005,0.03024,-0.81422,0.29774,-0.33975,-0.04586,-0.01049,-0.07733,-0.04159
43.56,0.18018,0.0078,-0.64878,1.13735,-0.2135,-0.01191,0.15234,0.0464,0.12717,-0.50606,-0.13309,-0,-0.76148,-0.06184,-0.19668,-0.03325,0.06632,-0.01897,-0.1197,-4.02073,-0.82962,0.71016,0.29032,-0.43006,0.14429,0.13411,-0.31727,0.2104,0.1993,0.76729,0.0468,0.01281,0.00928,-0.62971,0.3145,-0.33524,-0.32318,-0.02084,-0.06954,-0.03722
43.58,0.17094,0.01596,-0.64253,1.15796,-0.23447,0.00062,0.1628,0.05883,0.21567,-0.49447,-0.09902,-0,-0.76144,-0.06298,-0.20901,-0.017,0.18785,0.04245,-0.10208,-3.78781,-0.79496,0.55476,0.26367,-0.39533,0.16025,0.10176,-0.47098,0.2005,0.17195,0.6214,0.04295,-0.02505,-0.01183,-0.39743,0.33257,-0.32457,-0.63992,-0.03154,-0.06023,-0.03201
43.6,0.15923,0.02624,-0.63069,1.18132,-0.26316,0.0108,0.16708,0.0717,0.29806,-0.47085,-0.06683,-0,-0.75123,-0.06691,-0.21593,-0.00248,0.2646,0.08544,-0.08937,-3.53614,-0.73737,0.40688,0.23302,-0.36026,0.17633,0.07257,-0.60523,0.19107,0.14371,0.51833,0.04059,-0.06109,-0.03186,-0.12566,0.35146,-0.30497,-0.98005,-0.04218,-0.04915,-0.0258
43.62,0.14559,0.03779,-0.61353,1.20753,-0.297,0.01991,0.16332,0.08352,0.37216,-0.43655,-0.03809,-0,-0.72928,-0.07582,-0.2148,0.01056,0.30442,0.11232,-0.08069,-3.272,-0.66099,0.27265,0.20117,-0.32676,0.19066,0.04794,-0.71796,0.18103,0.11264,0.46033,0.03817,-0.09286,-0.04952,0.17301,0.37036,-0.27369,-1.32214,-0.05226,-0.03611,-0.0185
43.64,0.13048,0.04976,-0.59147,1.23634,-0.33335,0.02935,0.15031,0.09288,0.43641,-0.39343,-0.01404,-0,-0.69389,-0.09148,-0.20298,0.02189,0.31505,0.12586,-0.0749,-3.00067,-0.57029,0.15657,0.17023,-0.29544,0.20188,0.02845,-0.80817,0.16932,0.07742,0.44601,0.03438,-0.11849,-0.06389,0.48553,0.38835,-0.2291,-1.64435,-0.06139,-0.02105,-0.01004
43.66,0.11416,0.06142,-0.56513,1.26701,-0.3699,0.04045,0.12802,0.09871,0.49021,-0.34375,0.00478,-0,-0.64349,-0.11472,-0.17824,0.03067,0.3039,0.1294,-0.07061,-2.72598,-0.46996,0.06082,0.14108,-0.26672,0.20967,0.01412,-0.87639,0.15503,0.03807,0.47025,0.02838,-0.13717,-0.07455,0.79992,0.40453,-0.17178,-1.92681,-0.06938,-0.00405,-0.00047
43.68,0.09684,0.07211,-0.53548,1.29796,-0.40459,0.05433,0.0979,0.10031,0.53355,-0.2905,0.01834,-0,-0.57695,-0.14516,-0.13899,0.03528,0.27802,0.12677,-0.06617,-2.45217,-0.36551,-0.01411,0.11345,-0.24127,0.21485,0.00459,-0.9241,0.13757,-0.00358,0.52415,0.02004,-0.14907,-0.08161,1.10334,0.4179,-0.10509,-2.14993,-0.07624,0.01451,0.00999
43.7,0.07874,0.08112,-0.50394,1.32673,-0.43528,0.07182,0.06277,0.09722,0.5666,-0.23755,0.02696,-0,-0.49399,-0.18119,-0.08447,0.03347,0.244,0.12207,-0.05973,-2.18567,-0.26382,-0.06859,0.08629,-0.22015,0.21913,-0.00072,-0.95314,0.11673,-0.04398,0.59552,0.0098,-0.15505,-0.08549,1.38022,0.42731,-0.03527,-2.29283,-0.08206,0.0339,0.02095
43.72,0.06008,0.08782,-0.47218,1.35038,-0.45992,0.09338,0.02615,0.08929,0.58959,-0.18912,0.0312,-0,-0.39524,-0.22033,-0.01478,0.02289,0.20758,0.11899,-0.04938,-1.93401,-0.17216,-0.10343,0.05829,-0.20447,0.22449,-0.00252,-0.96551,0.09261,-0.07893,0.67104,-0.00145,-0.15634,-0.0868,1.61423,0.43165,0.02985,-2.33585,-0.08699,0.05318,0.03187
43.74,0.04102,0.09171,-0.44155,1.36622,-0.47689,0.11906,-0.0089,0.07667,0.60303,-0.14853,0.03174,-0,-0.28219,-0.25998,0.06907,0.00203,0.17298,0.11987,-0.03324,-1.7028,-0.0963,-0.12008,0.02855,-0.19467,0.23221,-0.00148,-0.96354,0.0654,-0.10551,0.73934,-0.01279,-0.15413,-0.08613,1.79276,0.43025,0.08293,-2.26602,-0.09119,0.07157,0.04232
43.76,0.0216,0.09258,-0.41289,1.37236,-0.48518,0.1483,-0.04043,0.05992,0.60782,-0.1176,0.02938,-0,-0.15759,-0.29766,0.16476,-0.02903,0.14265,0.12507,-0.00968,-1.49448,-0.03949,-0.12059,-0.00293,-0.19014,0.24223,0.00178,-0.95003,0.0354,-0.12325,0.79295,-0.0234,-0.14932,-0.08393,1.90952,0.4232,0.11838,-2.08129,-0.09487,0.08857,0.05203
43.78,0.0019,0.09048,-0.38666,1.36775,-0.48437,0.17975,-0.06751,0.04016,0.60522,-0.09675,0.02502,-0,-0.02648,-0.33087,0.26796,-0.06826,0.11743,0.1327,0.02254,-1.30955,-0.00264,-0.10761,-0.03481,-0.18907,0.25294,0.00673,-0.92837,0.00319,-0.13431,0.82836,-0.03258,-0.14244,-0.08046,1.96413,0.41144,0.1324,-1.79262,-0.09818,0.10394,0.06085
43.8,-0.01778,0.08571,-0.36318,1.35197,-0.47451,0.21114,-0.08993,0.01905,0.59671,-0.08532,0.01963,-0,0.10336,-0.35689,0.3719,-0.11172,0.09692,0.13901,0.06406,-1.1483,0.01501,-0.08427,-0.06444,-0.18872,0.26131,0.01286,-0.90239,-0.0302,-0.14296,0.84521,-0.03966,-0.13376,-0.07589,1.96056,0.39667,0.12263,-1.42357,-0.1012,0.11749,0.06868
43.82,-0.03701,0.07869,-0.34258,1.325,-0.45599,0.23974,-0.10787,-0.00149,0.5837,-0.08197,0.01416,-0,0.22285,-0.37306,0.46865,-0.15447,0.07997,0.13946,0.11469,-1.01078,0.01545,-0.05383,-0.08858,-0.18606,0.26375,0.01971,-0.8757,-0.06339,-0.15419,0.84516,-0.04406,-0.12337,-0.07027,1.90549,0.38088,0.08833,-1.00506,-0.10394,0.12905,0.07541
43.84,-0.05531,0.0699,-0.32466,1.2868,-0.42948,0.26316,-0.12171,-0.01983,0.56719,-0.08495,0.00935,-0,0.32441,-0.37761,0.55133,-0.19216,0.0653,0.13051,0.17328,-0.89575,0.00145,-0.01933,-0.10463,-0.17866,0.25742,0.02688,-0.85064,-0.09504,-0.17184,0.83052,-0.04545,-0.11135,-0.06365,1.8067,0.36555,0.03079,-0.56728,-0.10632,0.13845,0.08093
43.86,-0.07218,0.05985,-0.30878,1.23731,-0.39598,0.27979,-0.13181,-0.03494,0.5476,-0.09237,0.00562,-0,0.40352,-0.37007,0.61537,-0.22184,0.05193,0.11084,0.23732,-0.80026,-0.02354,0.01653,-0.11146,-0.16534,0.24119,0.03395,-0.82762,-0.12397,-0.1972,0.80342,-0.04387,-0.09789,-0.05617,1.67244,0.35129,-0.04602,-0.13568,-0.10814,0.14552,0.08515
43.88,-0.08696,0.04913,-0.29397,1.17666,-0.35707,0.28883,-0.13837,-0.04633,0.52486,-0.10212,0.00309,-0,0.45846,-0.3515,0.65833,-0.24202,0.0394,0.08178,0.3024,-0.72032,-0.05528,0.05121,-0.10957,-0.14643,0.21595,0.04046,-0.80517,-0.14894,-0.22853,0.76573,-0.03977,-0.08346,-0.04809,1.51217,0.33776,-0.13486,0.2668,-0.1091,0.15004,0.0879
43.9,-0.09879,0.03842,-0.27911,1.1055,-0.31503,0.29003,-0.14135,-0.05392,0.49855,-0.11196,0.00165,-0,0.48946,-0.32427,0.67917,-0.2523,0.02781,0.04714,0.36203,-0.65178,-0.08879,0.08204,-0.10078,-0.12369,0.18447,0.04587,-0.78025,-0.16851,-0.26121,0.71921,-0.03393,-0.06881,-0.03985,1.33702,0.32389,-0.22515,0.61688,-0.10877,0.15161,0.08895
43.92,-0.10666,0.02847,-0.263,1.02454,-0.27237,0.28348,-0.14054,-0.05785,0.46799,-0.11966,0.00103,-0,0.49785,-0.2914,0.67772,-0.25292,0.0176,0.01204,0.40875,-0.59059,-0.11894,0.10649,-0.08765,-0.09963,0.15054,0.04961,-0.74893,-0.18117,-0.28904,0.6653,-0.0273,-0.05486,-0.03198,1.15823,0.30815,-0.30485,0.89246,-0.10662,0.14978,0.08799
43.94,-0.10975,0.01985,-0.24445,0.93388,-0.23104,0.26939,-0.1357,-0.0584,0.43225,-0.12337,0.00092,-0,0.48545,-0.25555,0.65428,-0.24446,0.00925,-0.01878,0.43609,-0.53274,-0.1414,0.12258,-0.07262,-0.07661,0.11757,0.05119,-0.70716,-0.18567,-0.3062,0.60471,-0.02073,-0.04234,-0.02487,0.98428,0.28892,-0.36353,1.07724,-0.1022,0.14413,0.08478
43.96,-0.10756,0.01285,-0.22237,0.83277,-0.19206,0.24797,-0.12668,-0.05592,0.39033,-0.1218,0.00106,-0,0.45416,-0.21848,0.60947,-0.22753,0.00298,-0.04204,0.43987,-0.47435,-0.15333,0.12925,-0.05752,-0.05617,0.0879,0.05033,-0.65159,-0.18134,-0.30859,0.53748,-0.0148,-0.03165,-0.01877,0.81953,0.26479,-0.39431,1.16347,-0.09514,0.13436,0.07911
43.98,-0.10001,0.00754,-0.19598,0.72034,-0.15567,0.21958,-0.11353,-0.05079,0.34145,-0.11433,0.00125,-0,0.40607,-0.18117,0.54448,-0.20289,-0.00122,-0.05604,0.41836,-0.41215,-0.15334,0.12628,-0.0435,-0.03912,0.06271,0.04695,-0.58003,-0.16814,-0.29409,0.46335,-0.00985,-0.02286,-0.01371,0.66512,0.23477,-0.39405,1.15162,-0.08525,0.12038,0.07095
44,-0.09247,0.00223,-0.16959,0.6079,-0.11927,0.19118,-0.10037,-0.04565,0.29257,-0.10685,0.00145,-0,0.35798,-0.14385,0.47949,-0.17825,-0.00542,-0.07003,0.39686,-0.34995,-0.15335,0.12331,-0.02949,-0.02206,0.03752,0.04357,-0.50846,-0.15494,-0.27959,0.38921,-0.0049,-0.01408,-0.00866,0.5107,0.20476,-0.39379,1.13978,-0.07536,0.10639,0.06278
