T,J1,J2,J3,J4,J5,J6,J7,J8,J9,J10,J11,J12,J13,J14,J15,J16,J17,J18,J19,J20,J21,J22,J23,J24,J25,J26,J27,J28,J29,J30,J31,J32,J33,J34,J35,J36,J37,J38,J39,J40
0,-0.04382,-0.00667,0.03789,0.01733,0.01712,-0.00116,-0.10347,-0.02092,0.01746,-0.18449,0.01107,-0.02749,-0.56289,-0.15579,-0.52049,0.0477,0.30861,-0.02492,0.00089,-0.44598,0.00156,0.5208,-0.00215,0.01842,0.03908,-0.02098,0.0331,-0.1589,-1.05069,-0.03339,0.06289,0.09083,0.04859,0.04089,0.1307,0.52737,-0.00269,0.04486,-0.02434,-0.01586
0.02,-0.04473,-0.00685,0.03885,0.01748,0.0182,-0.0009,-0.10591,-0.02151,0.01811,-0.19171,0.01102,-0.0285,-0.56528,-0.16386,-0.53563,0.04934,0.30775,-0.01929,0.00294,-0.44845,0.00584,0.53706,-0.00168,0.01052,0.04075,-0.02351,0.0335,-0.16092,-1.06518,-0.03425,0.06383,0.09211,0.04925,0.04092,0.13349,0.53831,-0.0027,0.04572,-0.02474,-0.01617
0.04,-0.04545,-0.00705,0.0397,0.01734,0.01959,-0.00054,-0.10842,-0.02204,0.01882,-0.19845,0.0107,-0.02941,-0.56705,-0.17278,-0.5549,0.05086,0.30151,-0.01161,0.00593,-0.4493,0.01234,0.55219,-0.00145,-0.00206,0.04105,-0.0267,0.03371,-0.16007,-1.06204,-0.03495,0.0637,0.09189,0.04909,0.04036,0.13485,0.54262,-0.00273,0.04591,-0.02485,-0.01627
0.06,-0.04621,-0.00732,0.04066,0.01692,0.02148,-8e-05,-0.11179,-0.02262,0.01972,-0.20536,0.01007,-0.0303,-0.57386,-0.18343,-0.58389,0.05244,0.29067,-0.002,0.01003,-0.45232,0.02156,0.5688,-0.00169,-0.02028,0.03945,-0.03071,0.03397,-0.1563,-1.04147,-0.03562,0.06249,0.09019,0.04812,0.0394,0.13502,0.54095,-0.0028,0.04547,-0.02469,-0.01621
0.08,-0.04728,-0.00774,0.04193,0.01625,0.02403,0.00048,-0.11689,-0.02335,0.02095,-0.21296,0.00915,-0.03126,-0.5923,-0.19657,-0.62864,0.05429,0.27627,0.00919,0.01535,-0.46191,0.03389,0.58947,-0.00266,-0.04495,0.03525,-0.03567,0.03449,-0.14954,-1.00351,-0.03643,0.06019,0.08703,0.04633,0.0382,0.13426,0.53385,-0.00295,0.04439,-0.02433,-0.01599
0.1,-0.04893,-0.00836,0.04374,0.01534,0.02739,0.00111,-0.12462,-0.02434,0.02262,-0.22163,0.00791,-0.03232,-0.62985,-0.21275,-0.69532,0.05655,0.25971,0.02126,0.02191,-0.48307,0.04955,0.61659,-0.0047,-0.07655,0.02767,-0.04158,0.03557,-0.13971,-0.94826,-0.03752,0.05676,0.08242,0.04374,0.03703,0.13277,0.52175,-0.00324,0.04268,-0.0238,-0.01564
0.12,-0.05143,-0.00924,0.04629,0.01425,0.03167,0.00177,-0.13585,-0.02568,0.02483,-0.23147,0.00639,-0.03352,-0.69458,-0.23218,-0.78977,0.05933,0.24288,0.03309,0.0296,-0.52123,0.06848,0.6521,-0.00818,-0.11496,0.01585,-0.04829,0.03748,-0.12684,-0.87624,-0.03902,0.05221,0.0764,0.04035,0.03616,0.13076,0.50501,-0.00371,0.04033,-0.02317,-0.01519
0.14,-0.05503,-0.01044,0.04974,0.01303,0.03686,0.00238,-0.15134,-0.02742,0.02764,-0.24223,0.00462,-0.03483,-0.7948,-0.25451,-0.91681,0.06265,0.22833,0.04301,0.03808,-0.58206,0.09015,0.69724,-0.01346,-0.15918,-0.00107,-0.05546,0.04052,-0.11109,-0.78894,-0.04104,0.04657,0.06912,0.03625,0.03595,0.12843,0.4841,-0.00441,0.03736,-0.02249,-0.01465
0.16,-0.05992,-0.01197,0.05422,0.01177,0.04285,0.00284,-0.17162,-0.02961,0.03105,-0.25324,0.00271,-0.03615,-0.93832,-0.2787,-1.0792,0.06646,0.21938,0.04869,0.04676,-0.67102,0.11336,0.75218,-0.0209,-0.20692,-0.02378,-0.06247,0.04496,-0.09296,-0.68955,-0.04364,0.04001,0.06084,0.03158,0.03685,0.12599,0.45971,-0.00538,0.03383,-0.02185,-0.01406
0.18,-0.06622,-0.01385,0.05973,0.01062,0.04933,0.00302,-0.19683,-0.03222,0.03496,-0.26327,0.00081,-0.03735,-1.13142,-0.30278,-1.27642,0.07054,0.22033,0.04703,0.05463,-0.79272,0.13608,0.81556,-0.03079,-0.25414,-0.05268,-0.06834,0.05104,-0.07339,-0.58385,-0.04681,0.03282,0.05205,0.02661,0.03936,0.1237,0.43298,-0.00665,0.02987,-0.02135,-0.01347
0.2,-0.07393,-0.01604,0.06615,0.00976,0.05579,0.00273,-0.22663,-0.03515,0.03919,-0.27053,-0.00085,-0.0382,-1.37789,-0.32375,-1.50361,0.07448,0.23628,0.03419,0.06036,-0.95027,0.15533,0.8842,-0.04327,-0.29509,-0.08771,-0.07179,0.05893,-0.05386,-0.48042,-0.05049,0.0255,0.04347,0.02174,0.04404,0.12185,0.40557,-0.00823,0.02571,-0.02111,-0.01294
0.22,-0.08299,-0.01847,0.07332,0.00943,0.06162,0.00179,-0.26037,-0.03826,0.04346,-0.27308,-0.00203,-0.03846,-1.67912,-0.33801,-1.75201,0.07742,0.27246,0.00582,0.06255,-1.14498,0.16751,0.95372,-0.05845,-0.32365,-0.12836,-0.0715,0.06877,-0.03599,-0.38876,-0.05458,0.01858,0.03588,0.01742,0.05146,0.1207,0.37931,-0.01011,0.02156,-0.02125,-0.01253
0.24,-0.09333,-0.0211,0.08105,0.00986,0.06625,5e-05,-0.29736,-0.04142,0.04748,-0.26935,-0.00252,-0.03795,-2.03468,-0.34203,-2.01033,0.07781,0.33295,-0.04256,0.06028,-1.37621,0.16907,1.01948,-0.07641,-0.33552,-0.17381,-0.06667,0.08075,-0.02108,-0.31611,-0.059,0.0125,0.02988,0.01398,0.06215,0.12041,0.35545,-0.01223,0.01762,-0.02184,-0.01229
0.26,-0.10489,-0.02391,0.08921,0.01127,0.06925,-0.00257,-0.33703,-0.04448,0.05098,-0.25858,-0.00224,-0.0366,-2.44128,-0.33289,-2.26462,0.07318,0.41969,-0.11503,0.05339,-1.64037,0.15692,1.0771,-0.09726,-0.32976,-0.22285,-0.05729,0.09512,-0.0097,-0.26545,-0.06372,0.00744,0.02569,0.01156,0.07646,0.1209,0.33434,-0.01449,0.0139,-0.02286,-0.01222
0.28,-0.11755,-0.02686,0.09765,0.01386,0.07035,-0.00603,-0.37856,-0.04729,0.05368,-0.24102,-0.00118,-0.03446,-2.88976,-0.30837,-2.4964,0.06011,0.5316,-0.21474,0.04271,-1.92879,0.12861,1.12211,-0.12097,-0.30919,-0.27347,-0.04439,0.1121,-0.00172,-0.2354,-0.06876,0.00335,0.02315,0.01007,0.09448,0.12189,0.31546,-0.0167,0.01035,-0.02419,-0.01229
0.3,-0.13104,-0.02993,0.10613,0.0178,0.06936,-0.01022,-0.42075,-0.04965,0.05529,-0.21784,0.00052,-0.03172,-3.36263,-0.26699,-2.68182,0.0345,0.66406,-0.34311,0.02987,-2.22656,0.08235,1.14916,-0.1472,-0.2798,-0.32265,-0.02996,0.13177,0.00351,-0.22118,-0.07414,3e-05,0.02181,0.00928,0.11597,0.12287,0.29764,-0.01864,0.00681,-0.02565,-0.01243
0.32,-0.14503,-0.03306,0.11439,0.02317,0.06616,-0.01492,-0.46214,-0.05138,0.05556,-0.19081,0.00265,-0.02864,-3.83604,-0.20778,-2.79603,-0.00757,0.80896,-0.4986,0.01693,-2.51516,0.01707,1.15057,-0.1754,-0.24891,-0.36683,-0.01682,0.15416,0.00688,-0.21618,-0.07987,-0.0028,0.02105,0.00886,0.14049,0.1232,0.27925,-0.02001,0.00307,-0.02696,-0.01256
0.34,-0.15925,-0.03624,0.12223,0.02996,0.06069,-0.01984,-0.50157,-0.05235,0.05444,-0.16175,0.00493,-0.02545,-4.28429,-0.13019,-2.82091,-0.06849,0.95505,-0.67517,0.00568,-2.77746,-0.06756,1.1147,-0.20489,-0.22233,-0.40279,-0.00827,0.17937,0.00924,-0.21401,-0.08606,-0.00543,0.02032,0.00851,0.16765,0.12216,0.25831,-0.02058,-0.00109,-0.02787,-0.01257
0.36,-0.17352,-0.03946,0.12952,0.03797,0.05288,-0.02469,-0.53832,-0.05251,0.05216,-0.13226,0.00697,-0.02231,-4.68159,-0.03418,-2.75053,-0.14798,1.08775,-0.8605,-0.0028,-3.00039,-0.17075,1.02504,-0.23489,-0.20257,-0.42819,-0.00795,0.2076,0.01113,-0.20993,-0.09288,-0.00808,0.01923,0.00801,0.19721,0.11905,0.23269,-0.02017,-0.0059,-0.02817,-0.01237
0.38,-0.1877,-0.04272,0.13619,0.04678,0.04278,-0.02908,-0.57192,-0.05192,0.04928,-0.10387,0.00835,-0.01934,-4.974,0.07903,-2.59276,-0.24222,1.18796,-1.0342,-0.00819,-3.17376,-0.28977,0.86034,-0.26429,-0.18854,-0.44146,-0.01977,0.23896,0.01274,-0.20121,-0.10056,-0.01084,0.01759,0.00726,0.22883,0.11319,0.20029,-0.01872,-0.01156,-0.0277,-0.01186
0.4,-0.20156,-0.04599,0.14214,0.05571,0.03054,-0.03253,-0.60187,-0.05072,0.04663,-0.07823,0.00851,-0.01661,-4.974,0.20648,-2.36746,-0.34381,1.2323,-1.16802,-0.01071,-3.28863,-0.41949,0.59531,-0.29145,-0.17593,-0.44162,-0.04786,0.27323,0.0139,-0.18702,-0.10929,-0.0137,0.01544,0.00627,0.26193,0.104,0.15938,-0.01626,-0.01815,-0.02635,-0.01096
0.42,-0.2148,-0.04924,0.14729,0.06394,0.01643,-0.03458,-0.62769,-0.04911,0.04518,-0.05693,0.00693,-0.01418,-4.974,0.34415,-2.09893,-0.44338,1.19787,-1.232,-0.01062,-3.33801,-0.55341,0.20074,-0.31435,-0.15804,-0.42826,-0.09595,0.31,0.01427,-0.16788,-0.11918,-0.01658,0.01294,0.00511,0.29575,0.09113,0.10904,-0.01288,-0.02569,-0.02408,-0.00961
0.44,-0.22722,-0.05245,0.15159,0.07074,0.00069,-0.03488,-0.64911,-0.04728,0.04573,-0.04112,0.00319,-0.01206,-4.974,0.48828,-1.80485,-0.53249,1.07006,-1.20446,-0.00763,-3.31916,-0.68554,-0.35594,-0.33095,-0.12687,-0.40183,-0.16655,0.34877,0.01351,-0.14498,-0.13026,-0.01936,0.0103,0.00388,0.32961,0.07465,0.04978,-0.00873,-0.03402,-0.02095,-0.00781
0.46,-0.23868,-0.05564,0.15507,0.07558,-0.01641,-0.03335,-0.66629,-0.04543,0.04873,-0.03125,-0.00288,-0.01026,-4.88783,0.6358,-1.48984,-0.60517,0.84856,-1.07912,-0.00043,-3.23545,-0.81122,-1.10808,-0.33939,-0.07403,-0.36389,-0.26001,0.38905,0.01148,-0.11967,-0.14237,-0.02197,0.0077,0.00267,0.36297,0.05529,-0.01581,-0.00397,-0.04282,-0.01716,-0.00566
0.48,-0.2491,-0.0588,0.1578,0.07815,-0.03445,-0.03021,-0.67959,-0.04373,0.05424,-0.02715,-0.01116,-0.00876,-4.47519,0.78334,-1.14598,-0.65778,0.55032,-0.86763,0.01336,-3.09727,-0.92639,-2.08449,-0.33793,0.0088,-0.31745,-0.37368,0.43,0.00827,-0.09359,-0.15509,-0.02435,0.00531,0.00155,0.39519,0.03457,-0.0824,0.00113,-0.05153,-0.01311,-0.00336
0.5,-0.25831,-0.06194,0.1599,0.07827,-0.0528,-0.02591,-0.68949,-0.04233,0.06191,-0.02811,-0.02121,-0.00752,-3.96624,0.9263,-0.7558,-0.6882,0.20868,-0.59813,0.03693,-2.92149,-1.02685,-3.30176,-0.32487,0.12879,-0.267,-0.50147,0.47021,0.00421,-0.06879,-0.16765,-0.02645,0.00329,0.00059,0.42534,0.01486,-0.14201,0.00625,-0.05928,-0.00936,-0.00122
0.52,-0.2661,-0.06502,0.16144,0.07595,-0.07075,-0.02112,-0.69644,-0.0414,0.07113,-0.03313,-0.03242,-0.00655,-3.41815,1.05951,-0.29438,-0.69501,-0.13493,-0.30793,0.07324,-2.72811,-1.10899,-4.75416,-0.29837,0.28921,-0.2176,-0.63457,0.50794,-0.00026,-0.04755,-0.17906,-0.02818,0.00181,-0.00012,0.45237,-0.00118,-0.18586,0.01103,-0.06516,-0.00653,0.0004
0.54,-0.2723,-0.06802,0.16251,0.07136,-0.08777,-0.0165,-0.70078,-0.04099,0.08115,-0.04108,-0.04416,-0.00582,-2.88312,1.17892,0.26871,-0.67678,-0.44382,-0.03244,0.12368,-2.53508,-1.17161,-6.40169,-0.25638,0.48559,-0.17344,-0.76275,0.54168,-0.00474,-0.03201,-0.18833,-0.02949,0.00103,-0.00051,0.47555,-0.01147,-0.20746,0.01519,-0.06848,-0.00508,0.00124
0.56,-0.27679,-0.07087,0.16316,0.06488,-0.10364,-0.0127,-0.70275,-0.04109,0.09117,-0.0508,-0.05587,-0.00529,-2.39901,1.28238,0.96594,-0.63174,-0.69391,0.20151,0.18682,-2.35547,-1.21704,-8.15563,-0.19678,0.70222,-0.13703,-0.87494,0.57037,-0.00894,-0.02393,-0.19457,-0.0303,0.00108,-0.00053,0.49469,-0.01502,-0.20482,0.01866,-0.06901,-0.00522,0.00119
0.58,-0.2795,-0.07351,0.16344,0.05717,-0.1184,-0.01036,-0.70243,-0.04155,0.10028,-0.06107,-0.06703,-0.00492,-1.99068,1.36899,1.82645,-0.55789,-0.87365,0.37545,0.25768,-2.19809,-1.25096,-8.954,-0.11772,0.90966,-0.10927,-0.95843,0.59327,-0.01266,-0.02476,-0.19697,-0.03056,0.00206,-9e-05,0.51007,-0.01212,-0.18084,0.02149,-0.06703,-0.00685,0.00029
0.6,-0.28034,-0.0758,0.16334,0.04917,-0.13215,-0.01006,-0.69973,-0.04215,0.10744,-0.07056,-0.07706,-0.00467,-1.67427,1.43836,2.86886,-0.45326,-0.98112,0.4773,0.32782,-2.0691,-1.28161,-8.954,-0.01812,1.06588,-0.0898,-0.99864,0.6097,-0.01579,-0.0356,-0.19479,-0.03019,0.00406,0.00085,0.52219,-0.00407,-0.14276,0.02389,-0.06325,-0.00959,-0.00123
0.62,-0.27925,-0.07759,0.16281,0.04188,-0.14495,-0.01231,-0.69457,-0.04265,0.11164,-0.07796,-0.08546,-0.0045,-1.45864,1.49083,4.09241,-0.31609,-1.02097,0.50122,0.38713,-1.97255,-1.3181,-8.954,0.10232,1.12635,-0.07748,-0.98194,0.61901,-0.01821,-0.05692,-0.18738,-0.02915,0.0071,0.00234,0.53155,0.00715,-0.1001,0.0261,-0.05863,-0.01291,-0.00307
0.64,-0.27619,-0.07874,0.1618,0.03607,-0.15668,-0.0173,-0.68708,-0.04289,0.11219,-0.08219,-0.09197,-0.00437,-1.34485,1.52838,5.46665,-0.14481,-1.00142,0.44883,0.42685,-1.91032,-1.3682,-8.954,0.24305,1.06002,-0.07061,-0.90034,0.62066,-0.01981,-0.08802,-0.17438,-0.02741,0.01112,0.00434,0.53835,0.01956,-0.06181,0.0284,-0.0541,-0.01626,-0.00492
0.66,-0.27119,-0.07921,0.16023,0.03209,-0.16697,-0.02482,-0.6778,-0.04289,0.10897,-0.08256,-0.09677,-0.00425,-1.3258,1.55519,6.91929,0.06114,-0.93258,0.33043,0.44153,-1.88207,-1.43669,-8.954,0.40224,0.86081,-0.06727,-0.75518,0.61432,-0.02038,-0.12646,-0.15585,-0.02507,0.01592,0.00678,0.54233,0.03148,-0.03439,0.03103,-0.05042,-0.01921,-0.00655
0.68,-0.26444,-0.07896,0.15802,0.02987,-0.17506,-0.03415,-0.66782,-0.04283,0.10244,-0.07876,-0.10043,-0.00414,-1.38671,1.57754,8.32206,0.29977,-0.82629,0.16602,0.4293,-1.88568,-1.52441,-8.954,0.57549,0.55167,-0.06534,-0.559,0.5999,-0.01965,-0.16775,-0.13246,-0.02231,0.02112,0.00945,0.54267,0.04152,-0.02166,0.03418,-0.04813,-0.0214,-0.00776
0.7,-0.25621,-0.07806,0.15511,0.02897,-0.17983,-0.04408,-0.65868,-0.04303,0.09364,-0.07085,-0.1038,-0.00402,-1.50647,1.60317,8.954,0.56535,-0.69603,-0.01558,0.39145,-1.91764,-1.62819,-8.954,0.75512,0.18193,-0.06263,-0.33487,0.5776,-0.01728,-0.20537,-0.10553,-0.01939,0.02618,0.01205,0.53807,0.04856,-0.02512,0.03793,-0.04761,-0.02257,-0.00841
0.72,-0.24688,-0.07657,0.15143,0.02871,-0.18009,-0.0532,-0.652,-0.04391,0.08391,-0.05916,-0.10789,-0.00389,-1.66138,1.63973,8.954,0.84936,-0.55546,-0.18236,0.33145,-1.97374,-1.74208,-7.18022,0.93179,-0.18648,-0.05694,-0.11076,0.54793,-0.01296,-0.23213,-0.07679,-0.01666,0.03048,0.01425,0.52709,0.05179,-0.04422,0.04231,-0.04903,-0.02254,-0.00841
0.74,-0.23675,-0.07456,0.14691,0.02835,-0.17518,-0.06034,-0.64882,-0.04578,0.07451,-0.04418,-0.11355,-0.00376,-1.83012,1.69264,8.954,1.14278,-0.41591,-0.30792,0.25375,-2.04961,-1.85941,-5.22549,1.09759,-0.49977,-0.04624,0.08918,0.51182,-0.00651,-0.24231,-0.04793,-0.01436,0.03351,0.01579,0.50883,0.05095,-0.07666,0.04722,-0.05229,-0.02127,-0.00776
0.76,-0.22603,-0.07212,0.14151,0.02716,-0.16535,-0.06484,-0.64913,-0.04882,0.06642,-0.02658,-0.12134,-0.00363,-1.99648,1.76338,8.954,1.43662,-0.28525,-0.37705,0.1633,-2.14084,-1.97381,-3.41455,1.24761,-0.7255,-0.02884,0.25004,0.47076,0.002,-0.23311,-0.02042,-0.01262,0.03506,0.01654,0.48337,0.04641,-0.11838,0.05247,-0.05701,-0.01891,-0.00654
0.78,-0.21488,-0.06931,0.13524,0.02451,-0.15193,-0.06657,-0.65179,-0.05297,0.0603,-0.00728,-0.13137,-0.0035,-2.14887,1.84862,8.9045,1.71983,-0.16851,-0.38652,0.06603,-2.24239,-2.07857,-1.85117,1.37916,-0.85408,-0.00348,0.36615,0.4272,0.01214,-0.20509,0.00432,-0.01144,0.03514,0.01651,0.45211,0.03929,-0.16332,0.05769,-0.06239,-0.01582,-0.00496
0.8,-0.20352,-0.06626,0.12819,0.01984,-0.13723,-0.06586,-0.65469,-0.05797,0.05664,0.01241,-0.14335,-0.00337,-2.27892,1.94021,7.50379,1.97772,-0.06906,-0.34328,-0.03078,-2.34815,-2.16596,-0.59422,1.4905,-0.89471,0.03049,0.43909,0.38465,0.02311,-0.16176,0.02479,-0.0107,0.03401,0.01588,0.41772,0.03134,-0.2035,0.06233,-0.06733,-0.01255,-0.00331
0.82,-0.19218,-0.06308,0.12053,0.01276,-0.12401,-0.06329,-0.65529,-0.06348,0.0557,0.03087,-0.15667,-0.00324,-2.3812,2.02718,5.94329,2.19429,0.01105,-0.26032,-0.11945,-2.45181,-2.2278,0.33163,1.58053,-0.86809,0.07311,0.47503,0.34698,0.0339,-0.10844,0.03951,-0.01025,0.03206,0.01484,0.38355,0.0245,-0.23061,0.06576,-0.07063,-0.00971,-0.00195
0.84,-0.18106,-0.05987,0.11241,0.00315,-0.11459,-0.05941,-0.65143,-0.06918,0.05757,0.04637,-0.17066,-0.0031,-2.4536,2.09881,4.42458,2.35709,0.07132,-0.15138,-0.19381,-2.54854,-2.25693,0.93047,1.64912,-0.79716,0.12373,0.48195,0.31734,0.04354,-0.05049,0.04744,-0.00994,0.02968,0.01363,0.35258,0.02024,-0.23851,0.06733,-0.07134,-0.00779,-0.00112
0.86,-0.17027,-0.05673,0.10397,-0.00873,-0.11035,-0.05465,-0.64196,-0.07486,0.06213,0.05717,-0.18467,-0.00297,-2.49752,2.14659,3.08294,2.46026,0.11273,-0.02767,-0.25023,-2.63579,-2.24825,1.23038,1.69719,-0.70126,0.18077,0.46778,0.29739,0.05124,0.00768,0.0482,-0.0097,0.02716,0.01239,0.32681,0.01915,-0.22488,0.06655,-0.06906,-0.00701,-0.00094
0.88,-0.15993,-0.05372,0.09541,-0.02216,-0.11155,-0.04922,-0.62688,-0.08046,0.06901,0.06138,-0.19802,-0.00283,-2.5174,2.16422,1.98615,2.50423,0.1374,0.10208,-0.28741,-2.71284,-2.19887,1.27866,1.72628,-0.5951,0.24135,0.43992,0.28731,0.05632,0.06237,0.04212,-0.00951,0.02473,0.01125,0.30732,0.0208,-0.19181,0.06307,-0.06397,-0.00731,-0.00138
0.9,-0.15027,-0.05097,0.08702,-0.03587,-0.11756,-0.04324,-0.60733,-0.08595,0.07759,0.057,-0.20989,-0.0027,-2.51998,2.14721,1.14988,2.4941,0.14807,0.23059,-0.30578,-2.77994,-2.10799,1.13662,1.73791,-0.48964,0.30091,0.40524,0.28615,0.05821,0.11028,0.03011,-0.00946,0.02257,0.01025,0.29452,0.02388,-0.14522,0.05661,-0.0568,-0.0084,-0.00226
0.92,-0.14156,-0.04859,0.07911,-0.04834,-0.12714,-0.03672,-0.58516,-0.09133,0.08719,0.04215,-0.21938,-0.00257,-2.51276,2.09282,0.5544,2.43709,0.14768,0.35157,-0.30699,-2.83788,-1.97674,0.87161,1.73272,-0.39248,0.35389,0.36974,0.29232,0.05642,0.14863,0.01329,-0.00962,0.02077,0.00943,0.28846,0.02662,-0.09311,0.04694,-0.04854,-0.00986,-0.00331
0.94,-0.13404,-0.04673,0.07197,-0.05818,-0.13898,-0.02961,-0.56233,-0.09665,0.09725,0.01554,-0.22566,-0.00243,-2.5022,2.00038,0.16126,2.33953,0.13902,0.45966,-0.29356,-2.88769,-1.80795,0.54764,1.70952,-0.30807,0.3947,0.33812,0.3042,0.05064,0.17577,-0.00747,-0.0101,0.01933,0.00876,0.28896,0.02735,-0.04286,0.03365,-0.04008,-0.01128,-0.00431
0.96,-0.12786,-0.04551,0.06572,-0.06431,-0.15189,-0.02185,-0.54058,-0.10192,0.10744,-0.02308,-0.22809,-0.00231,-2.49247,1.87197,-0.07461,2.2053,0.12449,0.55,-0.26874,-2.93035,-1.60682,0.22057,1.66483,-0.23808,0.41848,0.31356,0.32054,0.04077,0.19152,-0.03182,-0.01092,0.01817,0.00819,0.29577,0.02486,0.00039,0.01614,-0.03196,-0.01237,-0.0051
0.98,-0.12312,-0.04506,0.06043,-0.06605,-0.16483,-0.01343,-0.52147,-0.10715,0.11764,-0.07258,-0.22618,-0.00219,-2.48524,1.7134,-0.19931,2.0363,0.10621,0.61738,-0.23659,-2.96636,-1.38242,-0.06077,1.59294,-0.18208,0.42092,0.29785,0.3404,0.02704,0.19707,-0.05982,-0.01205,0.01711,0.00764,0.30856,0.01859,0.03388,-0.00626,-0.0244,-0.01299,-0.00562
1,-0.11995,-0.04555,0.05611,-0.06298,-0.17683,-0.00446,-0.50659,-0.11223,0.12783,-0.13032,-0.21956,-0.00208,-2.4799,1.53456,-0.25695,1.83339,0.08601,0.65576,-0.20198,-2.99534,-1.14843,-0.25286,1.48657,-0.13833,0.39818,0.29167,0.36309,0.00999,0.19475,-0.09178,-0.01337,0.01589,0.00698,0.32691,0.00849,0.05666,-0.03422,-0.01733,-0.0131,-0.00587
1.02,-0.11846,-0.04714,0.05275,-0.05488,-0.18703,0.00491,-0.49743,-0.11698,0.13804,-0.19269,-0.20796,-0.00198,-2.47411,1.34749,-0.28657,1.59676,0.06545,0.65919,-0.17003,-3.0158,-0.92071,-0.32018,1.33821,-0.10441,0.34727,0.29468,0.38819,-0.0096,0.18757,-0.12818,-0.01474,0.01421,0.00611,0.35042,-0.00511,0.06901,-0.06832,-0.01055,-0.01277,-0.0059
1.04,-0.11872,-0.04999,0.05028,-0.04173,-0.19485,0.01452,-0.4951,-0.12118,0.1483,-0.25613,-0.19125,-0.0019,-2.46456,1.16304,-0.31896,1.32594,0.04556,0.62374,-0.1451,-3.02499,-0.71275,-0.24127,1.14212,-0.07797,0.26687,0.30559,0.41565,-0.031,0.17874,-0.16981,-0.01599,0.0118,0.00488,0.37879,-0.02184,0.07183,-0.10908,-0.00377,-0.01207,-0.00577
1.06,-0.1207,-0.05424,0.04857,-0.02366,-0.20009,0.02425,-0.5002,-0.12454,0.15858,-0.31749,-0.16943,-0.00184,-2.44754,0.98928,-0.37458,1.02083,0.02687,0.54906,-0.13025,-3.01889,-0.53329,-0.01337,0.8964,-0.0571,0.15823,0.32207,0.44579,-0.05357,0.17131,-0.21759,-0.01697,0.00842,0.00322,0.41184,-0.04136,0.06619,-0.15683,0.00328,-0.01108,-0.00556
1.08,-0.12427,-0.05997,0.04741,-0.00114,-0.20285,0.03396,-0.51274,-0.12671,0.16871,-0.37368,-0.1429,-0.0018,-2.41918,0.83239,-0.46269,0.6841,0.00954,0.43913,-0.12719,-2.99212,-0.38708,0.34511,0.60525,-0.04075,0.02614,0.34069,0.47909,-0.07664,0.16821,-0.27224,-0.01751,0.00394,0.00105,0.44926,-0.0633,0.05325,-0.21131,0.01078,-0.00989,-0.00532
1.1,-0.1292,-0.06716,0.04658,0.025,-0.20354,0.04341,-0.53216,-0.12726,0.17828,-0.42131,-0.1125,-0.00179,-2.37563,0.69787,-0.58171,0.32308,-0.00652,0.30239,-0.13646,-2.93823,-0.27649,0.79563,0.2799,-0.02874,-0.12073,0.35694,0.51591,-0.09934,0.17224,-0.33396,-0.01746,-0.00169,-0.00166,0.4904,-0.08713,0.0343,-0.27144,0.0188,-0.00859,-0.00509
1.12,-0.13521,-0.07576,0.04586,0.05373,-0.20273,0.05235,-0.55757,-0.12571,0.18656,-0.45684,-0.07947,-0.0018,-2.31337,0.59015,-0.72208,-0.05147,-0.02156,0.1503,-0.15741,-2.85075,-0.20185,1.28762,-0.06384,-0.02132,-0.27113,0.3658,0.55655,-0.12077,0.1858,-0.40251,-0.0167,-0.00841,-0.00487,0.5345,-0.11225,0.01065,-0.33563,0.02729,-0.00727,-0.0049
1.14,-0.14204,-0.08567,0.04505,0.0842,-0.20109,0.06062,-0.58808,-0.12163,0.19246,-0.47727,-0.04529,-0.00184,-2.2297,0.51103,-0.87057,-0.42835,-0.03596,-0.00489,-0.188,-2.72479,-0.16094,1.77112,-0.41035,-0.01852,-0.41355,0.36275,0.6013,-0.1402,0.21055,-0.47746,-0.01515,-0.01611,-0.00854,0.58096,-0.13817,-0.01643,-0.40246,0.03619,-0.00605,-0.00481
1.16,-0.14949,-0.09682,0.04404,0.11583,-0.19931,0.0683,-0.62286,-0.11476,0.19449,-0.4805,-0.01164,-0.0019,-2.12337,0.45872,-1.01264,-0.7968,-0.05024,-0.15117,-0.22462,-2.55866,-0.14867,2.20366,-0.7462,-0.0196,-0.53744,0.3444,0.65035,-0.15729,0.24701,-0.55818,-0.01287,-0.02461,-0.0126,0.62954,-0.16458,-0.04561,-0.47087,0.04541,-0.00504,-0.00485
1.18,-0.15735,-0.10901,0.04276,0.14818,-0.19814,0.07558,-0.66092,-0.10501,0.19068,-0.4654,0.01936,-0.00197,-1.99544,0.42819,-1.13195,-1.14386,-0.06487,-0.27583,-0.26171,-2.35544,-0.15723,2.54861,-1.05812,-0.02291,-0.63241,0.3088,0.70345,-0.17192,0.29421,-0.64321,-0.01,-0.03363,-0.01691,0.67998,-0.19114,-0.07535,-0.53975,0.0548,-0.00437,-0.00508
1.2,-0.1654,-0.12192,0.04126,0.18063,-0.19833,0.08274,-0.70092,-0.09254,0.17875,-0.43168,0.04498,-0.00206,-1.84977,0.412,-1.21,-1.45233,-0.0801,-0.36503,-0.29197,-2.12347,-0.17672,2.77249,-1.33091,-0.02609,-0.68774,0.2555,0.75959,-0.18403,0.34967,-0.72983,-0.00686,-0.04271,-0.02125,0.73166,-0.2173,-0.10371,-0.6075,0.06411,-0.00419,-0.00553
1.22,-0.17337,-0.13511,0.03962,0.21236,-0.20052,0.08999,-0.74122,-0.07769,0.15649,-0.37981,0.06249,-0.00214,-1.69187,0.40194,-1.2286,-1.70339,-0.09544,-0.40627,-0.30802,-1.87422,-0.197,2.84775,-1.54913,-0.02655,-0.69414,0.1857,0.81716,-0.19354,0.40997,-0.81455,-0.00377,-0.05129,-0.02535,0.78366,-0.24228,-0.12857,-0.67229,0.07295,-0.00461,-0.00625
1.24,-0.18102,-0.14825,0.03791,0.24237,-0.20499,0.09735,-0.7802,-0.0608,0.12264,-0.31105,0.07009,-0.00222,-1.5269,0.39094,-1.17453,-1.88255,-0.10908,-0.39287,-0.30502,-1.61847,-0.2102,2.75945,-1.70144,-0.02233,-0.64703,0.10236,0.87451,-0.2002,0.47181,-0.89429,-0.00101,-0.05889,-0.02898,0.8351,-0.26515,-0.14814,-0.73277,0.08097,-0.00568,-0.00722
1.26,-0.18818,-0.16114,0.03622,0.26941,-0.21149,0.10454,-0.8163,-0.04229,0.07743,-0.22769,0.0676,-0.00229,-1.3589,0.3745,-1.043,-1.98318,-0.11736,-0.32723,-0.2825,-1.36458,-0.21246,2.51065,-1.78322,-0.01261,-0.54914,0.01065,0.93007,-0.20353,0.53251,-0.96689,0.00129,-0.0652,-0.032,0.88518,-0.28484,-0.16121,-0.78842,0.08785,-0.0073,-0.00837
1.28,-0.19464,-0.17368,0.0346,0.29177,-0.21916,0.11092,-0.84778,-0.02269,0.02316,-0.13374,0.05663,-0.00233,-1.19179,0.35117,-0.83934,-2.00647,-0.11461,-0.22204,-0.24499,-1.12001,-0.20429,2.12505,-1.79634,0.00208,-0.41178,-0.08126,0.98195,-0.20278,0.58971,-1.03066,0.00314,-0.07001,-0.03428,0.93281,-0.29997,-0.16713,-0.8392,0.09326,-0.0092,-0.00954
1.3,-0.20017,-0.1857,0.03313,0.30718,-0.22657,0.11542,-0.87247,-0.00283,-0.03583,-0.03523,0.04035,-0.00237,-1.03047,0.32228,-0.57862,-1.95971,-0.09312,-0.09925,-0.20137,-0.89297,-0.19002,1.6457,-1.7478,0.01984,-0.2542,-0.16218,1.02765,-0.19694,0.64086,-1.08392,0.00467,-0.07318,-0.03577,0.97629,-0.30878,-0.1657,-0.8851,0.09686,-0.01099,-0.01052
1.32,-0.2045,-0.19707,0.03187,0.31316,-0.23184,0.11681,-0.88808,0.01632,-0.09408,0.06085,0.0228,-0.00238,-0.88016,0.29095,-0.28178,-1.85388,-0.04346,0.01483,-0.16233,-0.6917,-0.17584,1.12504,-1.64748,0.03772,-0.09927,-0.22005,1.06436,-0.18495,0.6834,-1.12523,0.00605,-0.07463,-0.03641,1.01356,-0.30948,-0.1573,-0.92622,0.0983,-0.01221,-0.01104
1.34,-0.20735,-0.20777,0.03091,0.30779,-0.23301,0.11406,-0.89272,0.03388,-0.14658,0.14842,0.00785,-0.00237,-0.74462,0.26034,0.03043,-1.70095,0.045,0.09685,-0.13642,-0.52201,-0.1671,0.60974,-1.50572,0.05214,0.03322,-0.24575,1.08975,-0.16606,0.71517,-1.1542,0.00748,-0.07433,-0.03619,1.04285,-0.30086,-0.14319,-0.96324,0.09739,-0.01244,-0.01089
1.36,-0.20855,-0.21795,0.03032,0.29026,-0.22821,0.10655,-0.88539,0.04914,-0.1897,0.22329,-0.00143,-0.00234,-0.62533,0.23268,0.34041,-1.51272,0.18332,0.13123,-0.12747,-0.3861,-0.16636,0.13202,-1.33225,0.05915,0.13069,-0.23558,1.10247,-0.14018,0.73466,-1.172,0.00914,-0.07239,-0.03514,1.06302,-0.28277,-0.12573,-0.99752,0.09422,-0.01147,-0.00996
1.38,-0.20797,-0.22786,0.03017,0.26111,-0.21577,0.0942,-0.86603,0.06152,-0.22107,0.28283,-0.00286,-0.00228,-0.52225,0.20919,0.63222,-1.30174,0.38195,0.11103,-0.13405,-0.28343,-0.17301,-0.28884,-1.13709,0.05439,0.18806,-0.19191,1.10215,-0.10809,0.74088,-1.18127,0.01117,-0.06897,-0.03334,1.07348,-0.25636,-0.10863,-1.03094,0.08913,-0.00923,-0.00825
1.4,-0.20552,-0.23777,0.03057,0.22212,-0.19423,0.07748,-0.83545,0.07041,-0.23917,0.32534,0.00492,-0.00219,-0.43485,0.19033,0.8896,-1.08224,0.6492,0.03691,-0.15019,-0.21205,-0.18351,-0.64219,-0.93136,0.03306,0.20625,-0.1225,1.08912,-0.07153,0.73316,-1.18581,0.01365,-0.06438,-0.03092,1.07394,-0.224,-0.0968,-1.0655,0.08277,-0.00586,-0.00585
1.42,-0.20117,-0.24791,0.03161,0.17588,-0.16239,0.05723,-0.79495,0.07533,-0.24322,0.35006,0.02237,-0.00207,-0.36243,0.17592,1.09762,-0.86848,0.98863,-0.08483,-0.16762,-0.16937,-0.19261,-0.92386,-0.72609,-0.01002,0.18994,-0.03819,1.0642,-0.03284,0.71105,-1.18977,0.01661,-0.05892,-0.02803,1.06434,-0.1887,-0.09534,-1.10307,0.07589,-0.00159,-0.00294
1.44,-0.19494,-0.25854,0.03335,0.1249,-0.11949,0.03441,-0.74578,0.07614,-0.2333,0.35749,0.04888,-0.00191,-0.30393,0.16509,1.24665,-0.67158,1.39563,-0.24481,-0.17897,-0.15261,-0.19483,-1.13564,-0.52945,-0.08014,0.14496,0.0504,1.02841,0.00574,0.6744,-1.19671,0.02009,-0.05289,-0.0248,1.04482,-0.15316,-0.10813,-1.14503,0.06911,0.00336,0.0003
1.46,-0.18694,-0.26988,0.03584,0.07129,-0.06542,0.01002,-0.68893,0.07322,-0.21042,0.34971,0.08248,-0.00172,-0.25798,0.15633,1.33474,-0.49796,1.85347,-0.4316,-0.17988,-0.15895,-0.18565,-1.2844,-0.3457,-0.18224,0.07677,0.13482,0.98293,0.04237,0.62353,-1.20889,0.02412,-0.04645,-0.02131,1.01579,-0.11925,-0.13664,-1.19202,0.0628,0.00879,0.00371
1.48,-0.17745,-0.28201,0.03904,0.01704,-0.00117,-0.01477,-0.62549,0.06753,-0.17677,0.33049,0.11956,-0.0015,-0.22329,0.14752,1.3674,-0.3503,2.329,-0.63073,-0.16958,-0.18568,-0.16177,-1.38052,-0.17621,-0.32021,-0.00956,0.20862,0.92936,0.0754,0.55964,-1.22703,0.02867,-0.03972,-0.01764,0.97813,-0.08813,-0.17955,-1.24341,0.05709,0.01452,0.00716
1.5,-0.16693,-0.29484,0.04286,-0.03562,0.07093,-0.03845,-0.55699,0.06052,-0.1356,0.30503,0.15498,-0.00127,-0.19901,0.13613,1.35597,-0.2291,2.77214,-0.82409,-0.15043,-0.23018,-0.12114,-1.43605,-0.0211,-0.49585,-0.10894,0.26673,0.87002,0.10314,0.48502,-1.25033,0.03369,-0.03282,-0.01387,0.93331,-0.06056,-0.23285,-1.29717,0.0519,0.02036,0.01045
1.52,-0.15598,-0.30812,0.04715,-0.08438,0.14771,-0.05935,-0.48514,0.0538,-0.09069,0.27913,0.18327,-0.00104,-0.1848,0.11944,1.31493,-0.1332,3.12635,-0.99284,-0.12651,-0.28987,-0.06314,-1.46273,0.12018,-0.70778,-0.21639,0.30559,0.80752,0.12402,0.40277,-1.27686,0.03903,-0.02586,-0.01007,0.8831,-0.037,-0.2909,-1.35019,0.04709,0.0261,0.01341
1.54,-0.14518,-0.32153,0.05179,-0.12737,0.22611,-0.07597,-0.41122,0.04856,-0.04529,0.25793,0.20063,-0.00083,-0.18047,0.09497,1.25859,-0.05962,3.34607,-1.12249,-0.10157,-0.36206,0.01129,-1.46999,0.24895,-0.94999,-0.32752,0.32372,0.74413,0.13696,0.31613,-1.30424,0.0445,-0.01895,-0.00632,0.82901,-0.01761,-0.34812,-1.39917,0.04246,0.03154,0.01592
1.56,-0.13508,-0.33475,0.05665,-0.16334,0.30356,-0.08719,-0.33595,0.04527,-0.00172,0.24515,0.2062,-0.00066,-0.18587,0.06078,1.19911,-0.00361,3.40835,-1.20609,-0.0778,-0.44351,0.09919,-1.46372,0.36696,-1.21009,-0.43845,0.32218,0.68153,0.14168,0.22832,-1.32988,0.04985,-0.01219,-0.00269,0.77211,-0.00227,-0.3999,-1.44092,0.03785,0.03646,0.01787
1.58,-0.12622,-0.34732,0.06164,-0.19146,0.37747,-0.09223,-0.25993,0.0436,0.03851,0.24297,0.20236,-0.00052,-0.20077,0.01582,1.14639,0.04085,3.31487,-1.24422,-0.05563,-0.5298,0.19487,-1.44587,0.47535,-1.46679,-0.54494,0.30463,0.62118,0.13867,0.14319,-1.35092,0.0547,-0.00574,0.00072,0.71342,0.00925,-0.44242,-1.4722,0.03322,0.04066,0.01925
1.6,-0.11923,-0.3586,0.06657,-0.211,0.44481,-0.0905,-0.18424,0.04256,0.07428,0.25228,0.19418,-0.00042,-0.2249,-0.03993,1.10841,0.08035,3.08843,-1.24354,-0.03409,-0.615,0.28971,-1.41485,0.57387,-1.68991,-0.64185,0.27686,0.56474,0.12909,0.06564,-1.36413,0.05857,0.00016,0.0038,0.65426,0.01718,-0.47233,-1.48945,0.02861,0.04384,0.02004
1.62,-0.11469,-0.36789,0.07128,-0.22147,0.50261,-0.08171,-0.11026,0.04095,0.10473,0.27289,0.18769,-0.00036,-0.25785,-0.1056,1.09101,0.12135,2.76416,-1.2141,-0.01148,-0.69275,0.3739,-1.36706,0.66128,-1.84731,-0.7241,0.24527,0.51375,0.11444,0.00082,-1.36633,0.06093,0.00522,0.00638,0.59596,0.02182,-0.48687,-1.48934,0.02415,0.04571,0.02025
1.64,-0.11301,-0.37465,0.07557,-0.22292,0.54911,-0.06596,-0.03917,0.0379,0.12925,0.30383,0.18744,-0.00034,-0.29909,-0.17989,1.09698,0.16939,2.37733,-1.16608,0.01382,-0.75815,0.43927,-1.29907,0.73652,-1.91631,-0.7886,0.21473,0.46878,0.09626,-0.04751,-1.35515,0.06142,0.00926,0.00838,0.53918,0.02363,-0.48444,-1.46972,0.01994,0.0461,0.01992
1.66,-0.11428,-0.37864,0.07926,-0.21618,0.58444,-0.04394,0.02826,0.03337,0.14749,0.3434,0.19483,-0.00035,-0.34771,-0.26099,1.12553,0.22835,1.95675,-1.10781,0.04266,-0.80893,0.4811,-1.20943,0.79931,-1.89159,-0.83549,0.18718,0.42911,0.07597,-0.07801,-1.32962,0.05993,0.01224,0.00977,0.48369,0.02339,-0.46504,-1.43042,0.01603,0.04495,0.01909
1.68,-0.11822,-0.37996,0.08218,-0.20302,0.61049,-0.01712,0.09114,0.0282,0.15909,0.38886,0.20761,-0.00039,-0.40206,-0.34604,1.17194,0.29992,1.52592,-1.04561,0.07475,-0.84528,0.49823,-1.09972,0.84982,-1.78713,-0.86805,0.16149,0.39283,0.05493,-0.0917,-1.29051,0.05664,0.01429,0.01062,0.42868,0.02222,-0.43044,-1.3737,0.01241,0.04244,0.01786
1.7,-0.12424,-0.37894,0.0841,-0.18596,0.6304,0.01226,0.14805,0.02409,0.16362,0.43638,0.22033,-0.00044,-0.45952,-0.43067,1.22785,0.38332,1.106,-0.98426,0.10862,-0.86924,0.49232,-0.97486,0.88815,-1.63348,-0.89181,0.13408,0.35736,0.03458,-0.09145,-1.24024,0.05203,0.01564,0.01106,0.37321,0.02148,-0.38408,-1.30418,0.00906,0.03889,0.01634
1.72,-0.13155,-0.37607,0.08481,-0.16782,0.64797,0.04156,0.19738,0.02304,0.1606,0.48147,0.2262,-0.0005,-0.51703,-0.50966,1.28279,0.47594,0.71506,-0.92716,0.14208,-0.8838,0.46693,-0.84175,0.91439,-1.46837,-0.91299,0.10042,0.31982,0.01632,-0.08111,-1.18223,0.0467,0.01657,0.01124,0.3163,0.02261,-0.33023,-1.22772,0.00598,0.0347,0.01466
1.74,-0.13935,-0.37184,0.08414,-0.15099,0.66685,0.06857,0.23812,0.02668,0.14974,0.51992,0.21975,-0.00056,-0.5721,-0.57814,1.32652,0.5745,0.36502,-0.87636,0.17312,-0.89203,0.42637,-0.70719,0.92905,-1.32302,-0.93638,0.05708,0.27748,0.00116,-0.0645,-1.11983,0.04119,0.01733,0.01127,0.25684,0.02684,-0.27279,-1.14969,0.00318,0.03025,0.01293
1.76,-0.14687,-0.3667,0.08203,-0.13697,0.69001,0.09184,0.27039,0.03568,0.13111,0.54828,0.1987,-0.0006,-0.62322,-0.63229,1.35049,0.67544,0.06054,-0.83263,0.20037,-0.89646,0.3751,-0.57673,0.93338,-1.2133,-0.96389,0.00333,0.22818,-0.01043,-0.04476,-1.05585,0.03592,0.01805,0.01125,0.19366,0.03496,-0.21467,-1.07407,0.00069,0.02581,0.01121
1.78,-0.15342,-0.36105,0.07856,-0.1264,0.71941,0.11065,0.29521,0.0496,0.10538,0.56378,0.16462,-0.00063,-0.66967,-0.66905,1.348,0.77434,-0.19873,-0.79591,0.22301,-0.89883,0.31794,-0.45546,0.92933,-1.13829,-0.99396,-0.05812,0.1708,-0.01842,-0.02435,-0.99289,0.03112,0.01878,0.01123,0.12601,0.04722,-0.15802,-1.00377,-0.00141,0.02156,0.00956
1.8,-0.15828,-0.35529,0.07396,-0.1192,0.7559,0.12477,0.3142,0.06695,0.07375,0.56406,0.12253,-0.00063,-0.71105,-0.68574,1.31386,0.8654,-0.41539,-0.76572,0.24056,-0.90012,0.26022,-0.34881,0.9194,-1.08311,-1.02176,-0.12117,0.10551,-0.02314,-0.00514,-0.9337,0.02694,0.01945,0.01117,0.05405,0.06334,-0.10472,-0.94118,-0.00295,0.01762,0.00798
1.82,-0.1608,-0.34975,0.06851,-0.11481,0.79933,0.13427,0.32921,0.08568,0.03774,0.54735,0.07927,-0.00062,-0.7472,-0.68032,1.24437,0.9425,-0.59295,-0.74134,0.25278,-0.90078,0.20708,-0.26168,0.90608,-1.02576,-1.04097,-0.17811,0.03343,-0.02513,0.01143,-0.88082,0.02347,0.01993,0.01106,-0.02141,0.08269,-0.05629,-0.88807,-0.00378,0.01406,0.00651
1.84,-0.16054,-0.34458,0.06257,-0.11248,0.8489,0.13941,0.34203,0.10388,-0.00141,0.51282,0.04099,-0.0006,-0.77839,-0.6522,1.13748,1.00129,-0.7355,-0.72199,0.2597,-0.90104,0.16213,-0.19664,0.89121,-0.94644,-1.04631,-0.22238,-0.04406,-0.02498,0.02438,-0.83569,0.02072,0.02012,0.01087,-0.09936,0.10463,-0.01362,-0.84503,-0.00374,0.01091,0.00514
1.86,-0.1574,-0.33965,0.05649,-0.11139,0.90311,0.14052,0.35414,0.12023,-0.04291,0.46108,0.01154,-0.00055,-0.80532,-0.60287,0.99328,1.04044,-0.84719,-0.70692,0.26165,-0.9012,0.12676,-0.15278,0.8755,-0.83425,-1.03539,-0.25036,-0.1255,-0.02326,0.03317,-0.79814,0.01868,0.01997,0.01058,-0.17873,0.12861,0.02314,-0.8112,-0.00278,0.00814,0.00386
1.88,-0.15165,-0.33464,0.05068,-0.11073,0.95941,0.13802,0.36652,0.13396,-0.08616,0.39456,-0.00764,-0.0005,-0.82889,-0.53644,0.81519,1.06159,-0.93107,-0.69555,0.25923,-0.90164,0.10017,-0.12582,0.85859,-0.68971,-1.00919,-0.26159,-0.20883,-0.02054,0.03757,-0.76659,0.0173,0.01952,0.01022,-0.25779,0.15403,0.05432,-0.78447,-0.00095,0.00566,0.00264
1.9,-0.14388,-0.32905,0.04562,-0.10972,1.01401,0.1323,0.37964,0.1447,-0.13051,0.31761,-0.01711,-0.00045,-0.84995,-0.45949,0.61044,1.06867,-0.98834,-0.68762,0.25322,-0.90276,0.07996,-0.10897,0.83927,-0.52415,-0.97166,-0.25818,-0.29092,-0.01735,0.03759,-0.73854,0.01655,0.0189,0.00984,-0.33375,0.18009,0.08041,-0.76195,0.00163,0.0034,0.00146
1.92,-0.13488,-0.32232,0.04179,-0.10757,1.06252,0.12376,0.39354,0.15238,-0.17521,0.2356,-0.01867,-0.0004,-0.86901,-0.37968,0.38853,1.06647,-1.01879,-0.68298,0.24439,-0.90476,0.06309,-0.0947,0.81596,-0.35491,-0.92823,-0.24364,-0.36818,-0.01424,0.03341,-0.71108,0.01637,0.01825,0.00952,-0.40327,0.2057,0.10178,-0.74043,0.00478,0.00129,0.00032
1.94,-0.12539,-0.31394,0.03951,-0.10345,1.10132,0.11273,0.40804,0.15719,-0.2197,0.15332,-0.01441,-0.00036,-0.88604,-0.3034,0.1585,1.05901,-1.02224,-0.68135,0.2332,-0.90722,0.04705,-0.07698,0.78735,-0.19788,-0.88356,-0.2214,-0.43779,-0.01175,0.02534,-0.68153,0.01669,0.01771,0.00929,-0.46378,0.22953,0.11872,-0.71697,0.00836,-0.00073,-0.0008
1.96,-0.11593,-0.30354,0.03885,-0.09652,1.12829,0.09949,0.42285,0.15949,-0.2636,0.07423,-0.00615,-0.00033,-0.90025,-0.23451,-0.07226,1.04831,-0.99951,-0.68208,0.2197,-0.90885,0.03072,-0.05292,0.75297,-0.06292,-0.8402,-0.19393,-0.49834,-0.01048,0.01391,-0.64796,0.01738,0.01735,0.0092,-0.51408,0.25001,0.13124,-0.6894,0.01226,-0.0027,-0.00191
1.98,-0.10691,-0.29104,0.03962,-0.0859,1.14279,0.08438,0.43747,0.1598,-0.30636,0.00086,0.00467,-0.00031,-0.90989,-0.17448,-0.29654,1.03424,-0.95282,-0.68412,0.20354,-0.90739,0.01474,-0.02335,0.71355,0.04629,-0.79853,-0.16264,-0.5495,-0.01108,-0.00013,-0.60958,0.01825,0.01719,0.00923,-0.55411,0.26506,0.13902,-0.6566,0.01646,-0.00459,-0.003
2,-0.09864,-0.27666,0.04139,-0.07084,1.14527,0.06787,0.45112,0.15876,-0.34701,-0.06462,0.01693,-0.0003,-0.91236,-0.12323,-0.50581,1.01487,-0.88567,-0.686,0.18417,-0.89982,0.00139,0.00747,0.67115,0.13061,-0.75727,-0.12822,-0.5915,-0.01422,-0.01572,-0.56684,0.01909,0.01721,0.00934,-0.58448,0.27213,0.1413,-0.61859,0.02091,-0.00636,-0.00405
2.02,-0.09135,-0.26081,0.04359,-0.05077,1.13685,0.0505,0.46295,0.15698,-0.38433,-0.12028,0.02975,-0.0003,-0.90488,-0.07994,-0.69106,0.98776,-0.80225,-0.68578,0.16109,-0.883,-0.00617,0.03342,0.62867,0.19361,-0.71395,-0.09106,-0.62473,-0.02047,-0.03163,-0.52109,0.01965,0.01735,0.00949,-0.60605,0.26863,0.13719,-0.57629,0.02561,-0.00791,-0.00503
2.04,-0.08515,-0.24393,0.04569,-0.02553,1.11881,0.03274,0.47236,0.15499,-0.41735,-0.16487,0.04236,-0.0003,-0.8856,-0.04397,-0.84532,0.95182,-0.70662,-0.68093,0.13427,-0.85478,-0.00515,0.04897,0.58904,0.23968,-0.66546,-0.05181,-0.64969,-0.03002,-0.04668,-0.4739,0.01979,0.01761,0.00965,-0.61976,0.25282,0.12609,-0.53087,0.03061,-0.00923,-0.00596
2.06,-0.07995,-0.2264,0.04725,0.0044,1.09235,0.01495,0.4792,0.15308,-0.44556,-0.19795,0.05403,-0.0003,-0.85447,-0.01556,-0.96487,0.90867,-0.60241,-0.66833,0.10442,-0.81486,0.00597,0.05087,0.55482,0.27256,-0.60856,-0.01185,-0.66683,-0.04255,-0.0599,-0.42671,0.01945,0.01801,0.00983,-0.62639,0.22438,0.10808,-0.48359,0.03599,-0.01037,-0.00687
2.08,-0.07557,-0.20866,0.04798,0.03765,1.05869,-0.0025,0.48377,0.15134,-0.46878,-0.21958,0.06395,-0.0003,-0.81363,0.00373,-1.04854,0.86333,-0.49358,-0.6443,0.07338,-0.76524,0.02724,0.03846,0.52829,0.29473,-0.54041,0.02625,-0.67631,-0.057,-0.07038,-0.38117,0.01873,0.01865,0.01008,-0.62648,0.18485,0.0841,-0.43609,0.04186,-0.01149,-0.00784
2.1,-0.07174,-0.19133,0.04765,0.07188,1.01923,-0.01911,0.48671,0.14971,-0.48689,-0.23007,0.07116,-0.0003,-0.76733,0.01106,-1.09659,0.82394,-0.38494,-0.60483,0.04408,-0.71018,0.05722,0.01346,0.51172,0.30718,-0.45899,0.05868,-0.67796,-0.0717,-0.07725,-0.33934,0.01783,0.01967,0.01047,-0.62026,0.1375,0.05599,-0.39058,0.04829,-0.01281,-0.00899
2.12,-0.06817,-0.17505,0.04614,0.10426,0.97538,-0.03429,0.48873,0.14796,-0.49971,-0.22992,0.07477,-0.00029,-0.72078,0.00331,-1.11049,0.79952,-0.28139,-0.54628,0.01982,-0.65513,0.09351,-0.02053,0.50703,0.30984,-0.36313,0.0813,-0.67136,-0.08463,-0.07979,-0.30337,0.01701,0.02124,0.01109,-0.60777,0.08655,0.02605,-0.34949,0.05527,-0.01458,-0.01042
2.14,-0.0646,-0.16032,0.04343,0.13233,0.92824,-0.04759,0.49031,0.14581,-0.50702,-0.21998,0.07426,-0.00029,-0.67834,-0.02124,-1.09321,0.79656,-0.18636,-0.46629,0.00308,-0.60488,0.13334,-0.05878,0.51516,0.30238,-0.25239,0.09113,-0.65619,-0.09413,-0.07771,-0.27471,0.01645,0.02349,0.01203,-0.58911,0.03586,-0.00368,-0.31458,0.06272,-0.01706,-0.01224
2.16,-0.06082,-0.14731,0.03957,0.1545,0.87853,-0.05874,0.49146,0.14299,-0.50854,-0.20161,0.0698,-0.00027,-0.64243,-0.06164,-1.04962,0.81661,-0.10093,-0.36483,-0.00531,-0.56254,0.17395,-0.09579,0.53556,0.28478,-0.12732,0.08736,-0.63257,-0.09926,-0.07136,-0.2537,0.01624,0.02647,0.01332,-0.56468,-0.01174,-0.03176,-0.28654,0.0704,-0.02043,-0.01452
2.18,-0.0567,-0.13598,0.03476,0.16998,0.827,-0.06757,0.49171,0.13922,-0.50392,-0.17683,0.06224,-0.00026,-0.61353,-0.1137,-0.98682,0.85553,-0.02438,-0.24508,-0.00627,-0.52959,0.21232,-0.12507,0.56595,0.25757,0.00953,0.07168,-0.60125,-0.09982,-0.0618,-0.23958,0.0163,0.03016,0.01496,-0.53539,-0.05432,-0.0572,-0.26503,0.07786,-0.02478,-0.01727
2.2,-0.05225,-0.12617,0.0293,0.17856,0.77467,-0.07397,0.49007,0.13429,-0.49271,-0.14832,0.05311,-0.00024,-0.59068,-0.17018,-0.91401,0.90415,0.04497,-0.11372,-0.00218,-0.50627,0.24497,-0.1392,0.60237,0.222,0.15306,0.04791,-0.56366,-0.09625,-0.05075,-0.2308,0.01644,0.03439,0.01688,-0.50274,-0.09047,-0.07931,-0.24905,0.08441,-0.03009,-0.02043
2.22,-0.04753,-0.11765,0.02357,0.18044,0.72267,-0.0778,0.4854,0.128,-0.47447,-0.11888,0.04415,-0.00022,-0.57196,-0.22247,-0.84084,0.95067,0.10903,0.02086,0.00382,-0.49177,0.26842,-0.13105,0.63974,0.18002,0.29701,0.02107,-0.52154,-0.08931,-0.04013,-0.22527,0.01639,0.03893,0.01897,-0.46849,-0.11922,-0.09753,-0.2372,0.08929,-0.03628,-0.02389
2.24,-0.04262,-0.11013,0.01787,0.17614,0.67165,-0.07897,0.47677,0.12021,-0.44901,-0.09065,0.03673,-0.00019,-0.5552,-0.26323,-0.77508,0.9843,0.16925,0.15153,0.00879,-0.48426,0.27996,-0.09586,0.67281,0.1344,0.43637,-0.0041,-0.4763,-0.07961,-0.03146,-0.22067,0.01583,0.04345,0.02108,-0.43401,-0.14029,-0.11156,-0.22796,0.09181,-0.04325,-0.02756
2.26,-0.03757,-0.10323,0.01239,0.16646,0.62159,-0.07744,0.46376,0.11087,-0.41657,-0.06465,0.03146,-0.00016,-0.53837,-0.288,-0.72114,0.99763,0.22599,0.27399,0.01067,-0.48085,0.27823,-0.03284,0.69666,0.08889,0.56871,-0.02399,-0.42873,-0.0674,-0.02543,-0.21467,0.01446,0.04758,0.02302,-0.40007,-0.15419,-0.1213,-0.21989,0.09159,-0.05091,-0.03136
2.28,-0.03246,-0.0966,0.00721,0.15254,0.57211,-0.07322,0.44668,0.10003,-0.37816,-0.04087,0.02809,-0.00014,-0.51993,-0.2955,-0.6801,0.98713,0.27794,0.38625,0.00837,-0.47765,0.26335,0.05404,0.7066,0.04865,0.69342,-0.03618,-0.37928,-0.05257,-0.02185,-0.20498,0.01198,0.05086,0.02455,-0.36692,-0.16209,-0.12681,-0.21176,0.08853,-0.05913,-0.03519
2.3,-0.02736,-0.08991,0.00235,0.1358,0.52289,-0.06639,0.42652,0.08794,-0.33562,-0.01853,0.02572,-0.00011,-0.49888,-0.28706,-0.65047,0.95268,0.32174,0.48764,0.00177,-0.47007,0.23673,0.15626,0.69816,0.02033,0.81063,-0.0393,-0.32841,-0.03479,-0.01982,-0.18944,0.00813,0.05276,0.0254,-0.33462,-0.16565,-0.12817,-0.20257,0.0828,-0.06765,-0.03893
2.32,-0.02241,-0.08291,-0.00217,0.11782,0.47366,-0.05709,0.40463,0.07494,-0.29124,0.00352,0.02309,-8e-05,-0.47495,-0.26577,-0.6292,0.89679,0.35224,0.5785,-0.00852,-0.45361,0.20074,0.26279,0.66775,0.01128,0.92062,-0.03295,-0.27663,-0.01372,-0.01822,-0.16599,0.00269,0.05275,0.02527,-0.3031,-0.16664,-0.12546,-0.1915,0.07472,-0.0761,-0.0424
2.34,-0.01769,-0.0754,-0.00634,0.09986,0.42404,-0.04552,0.38219,0.06132,-0.247,0.02645,0.01911,-6e-05,-0.44869,-0.23542,-0.61279,0.82358,0.36317,0.66049,-0.02131,-0.42516,0.15817,0.3634,0.61386,0.02805,1.02378,-0.01781,-0.22419,0.01072,-0.01632,-0.13275,-0.00457,0.05057,0.02403,-0.27198,-0.1666,-0.11876,-0.17773,0.0646,-0.084,-0.04538
2.36,-0.01324,-0.06724,-0.01014,0.0828,0.37355,-0.032,0.35993,0.04721,-0.20422,0.05114,0.01317,-4e-05,-0.42163,-0.19985,-0.59816,0.73833,0.34766,0.73648,-0.03495,-0.38398,0.11208,0.45055,0.53811,0.07527,1.12025,0.00422,-0.17121,0.03805,-0.01426,-0.08814,-0.01376,0.04635,0.0217,-0.24069,-0.16659,-0.10821,-0.16037,0.0527,-0.0907,-0.04759
2.38,-0.00907,-0.05838,-0.01345,0.06713,0.32201,-0.01703,0.33824,0.03269,-0.16379,0.07786,0.0053,-3e-05,-0.39655,-0.16306,-0.58295,0.64805,0.29834,0.80997,-0.04724,-0.33218,0.06606,0.51921,0.44603,0.15509,1.20902,0.02987,-0.11802,0.06703,-0.01319,-0.03122,-0.02489,0.04065,0.01854,-0.20862,-0.16707,-0.09403,-0.13862,0.03925,-0.09538,-0.04865
2.4,-0.00521,-0.04898,-0.0161,0.05315,0.26982,-0.00144,0.31728,0.0179,-0.12648,0.10621,-0.00391,-1e-05,-0.3774,-0.12928,-0.56562,0.56154,0.20769,0.88434,-0.05546,-0.27465,0.02436,0.56605,0.34693,0.267,1.28734,0.05457,-0.06551,0.09552,-0.01507,0.03808,-0.03781,0.03447,0.01503,-0.17544,-0.16799,-0.07663,-0.11181,0.02458,-0.09699,-0.04815
2.42,-0.00171,-0.03926,-0.01787,0.04103,0.21786,0.01385,0.29706,0.00307,-0.09295,0.13537,-0.01354,-1e-05,-0.3683,-0.10227,-0.54532,0.48767,0.06942,0.9621,-0.05678,-0.21765,-0.00883,0.58938,0.25166,0.40798,1.35104,0.07327,-0.01497,0.12103,-0.02214,0.11921,-0.05226,0.02901,0.01172,-0.14102,-0.16899,-0.05647,-0.07923,0.00896,-0.09452,-0.04566
2.44,0.00139,-0.02949,-0.0186,0.03086,0.16687,0.02797,0.27726,-0.01152,-0.0635,0.16458,-0.02281,-0,-0.37202,-0.08411,-0.52168,0.4324,-0.1196,1.04425,-0.049,-0.16658,-0.03082,0.58937,0.16902,0.57271,1.39555,0.08183,0.03241,0.14153,-0.03599,0.21148,-0.06805,0.02524,0.00911,-0.10533,-0.16957,-0.03393,-0.03991,-0.00749,-0.0874,-0.04097
2.46,0.00406,-0.01985,-0.01821,0.02265,0.11732,0.04031,0.25724,-0.02556,-0.03797,0.19341,-0.03135,0,-0.38879,-0.07441,-0.49474,0.39684,-0.35711,1.12956,-0.03111,-0.12463,-0.04124,0.56841,0.10346,0.75322,1.41654,0.07791,0.07579,0.15604,-0.05687,0.31411,-0.08513,0.02376,0.00748,-0.0684,-0.16936,-0.00927,0.00751,-0.02488,-0.07575,-0.03416
2.48,0.00627,-0.01055,-0.01675,0.01647,0.06975,0.05041,0.23619,-0.03853,-0.01594,0.22157,-0.0392,0,-0.41591,-0.07024,-0.46508,0.37707,-0.63331,1.21373,-0.00347,-0.09278,-0.04222,0.53121,0.05515,0.93738,1.4098,0.06121,0.11434,0.16459,-0.08342,0.42546,-0.10347,0.02466,0.0069,-0.03064,-0.16811,0.01723,0.06438,-0.04345,-0.06056,-0.02571
2.5,0.00796,-0.00186,-0.01438,0.01244,0.02503,0.05788,0.21333,-0.04965,0.00307,0.24876,-0.04667,0,-0.44806,-0.06647,-0.43402,0.36507,-0.93001,1.289,0.03215,-0.07031,-0.03791,0.48455,0.02079,1.10823,1.37099,0.03328,0.14699,0.16802,-0.11272,0.54248,-0.12289,0.02765,0.0073,0.00698,-0.16568,0.045,0.13178,-0.06343,-0.04363,-0.01648
2.52,0.00905,0.0059,-0.01134,0.01067,-0.01573,0.06244,0.18799,-0.05806,0.01961,0.27461,-0.0542,0,-0.47836,-0.05697,-0.4032,0.3506,-1.22336,1.34491,0.07297,-0.05541,-0.03353,0.436,-0.00499,1.24596,1.29561,-0.00299,0.17251,0.16758,-0.14109,0.66127,-0.14314,0.03219,0.00846,0.0431,-0.16209,0.07322,0.21044,-0.08502,-0.02719,-0.00751
2.54,0.00953,0.01253,-0.0079,0.01107,-0.05177,0.064,0.15979,-0.06304,0.03441,0.29896,-0.06213,0,-0.50018,-0.03617,-0.37412,0.32395,-1.48891,1.36994,0.11585,-0.04582,-0.0339,0.39193,-0.02815,1.33184,1.17908,-0.04414,0.19,0.16449,-0.16536,0.77839,-0.16392,0.03771,0.01016,0.07651,-0.15747,0.10079,0.30092,-0.10842,-0.0132,0.00027
2.56,0.00945,0.01794,-0.00433,0.01327,-0.08289,0.06277,0.12876,-0.0642,0.04848,0.32185,-0.07051,0,-0.50822,-0.00027,-0.34777,0.2778,-1.70421,1.35257,0.15753,-0.0393,-0.04244,0.35631,-0.05408,1.35075,1.01746,-0.08651,0.19912,0.15967,-0.18368,0.89137,-0.18487,0.04372,0.01221,0.10634,-0.15212,0.12624,0.40334,-0.1338,-0.00297,0.00625
2.58,0.00895,0.02219,-0.00095,0.01648,-0.10924,0.05928,0.09564,-0.06155,0.06297,0.34337,-0.07902,-0,-0.49875,0.05223,-0.32483,0.20803,-1.84769,1.28156,0.19439,-0.0338,-0.0609,0.33075,-0.08716,1.29138,0.80851,-0.12597,0.20007,0.15368,-0.19551,0.99799,-0.2054,0.04984,0.01443,0.13189,-0.14654,0.1476,0.5166,-0.16111,0.00289,0.01015
2.6,0.00824,0.02538,0.00186,0.01965,-0.13112,0.05433,0.062,-0.0554,0.07905,0.36348,-0.08691,-0,-0.46946,0.12048,-0.3058,0.11388,-1.89761,1.14636,0.22231,-0.02753,-0.08943,0.31492,-0.13051,1.14619,0.55301,-0.15786,0.19349,0.14676,-0.20136,1.0954,-0.2246,0.05569,0.01668,0.15242,-0.14141,0.16225,0.63779,-0.18989,0.00429,0.01191
2.62,0.00756,0.02762,0.00375,0.02164,-0.14879,0.04885,0.02975,-0.04628,0.09777,0.38199,-0.09328,-0,-0.41968,0.20185,-0.29115,-0.00257,-1.83491,0.939,0.23725,-0.01906,-0.12694,0.30739,-0.18592,0.91272,0.25519,-0.17768,0.18033,0.13893,-0.20227,1.18013,-0.24136,0.06096,0.01881,0.16721,-0.13736,0.16765,0.76262,-0.21934,0.00151,0.01166
2.64,0.0071,0.02904,0.0045,0.02163,-0.16261,0.04367,0.00042,-0.03488,0.11982,0.3986,-0.09731,-0,-0.35067,0.29275,-0.28114,-0.13712,-1.64881,0.65692,0.2364,-0.00742,-0.17171,0.30651,-0.25369,0.59593,-0.07701,-0.18246,0.16186,0.13008,-0.19916,1.24871,-0.25465,0.06539,0.02072,0.17579,-0.13463,0.16229,0.88647,-0.24853,-0.00491,0.00962
2.66,0.00699,0.02971,0.00407,0.01937,-0.17292,0.03941,-0.02529,-0.02195,0.14543,0.41293,-0.09852,-0,-0.26618,0.38898,-0.27587,-0.28352,-1.3417,0.30613,0.21894,0.00783,-0.22155,0.31103,-0.33234,0.21114,-0.4306,-0.17159,0.13965,0.12006,-0.19242,1.29786,-0.26376,0.06883,0.02233,0.17812,-0.13283,0.14659,1.00476,-0.27642,-0.01432,0.00605
2.68,0.00724,0.02967,0.00265,0.01524,-0.18004,0.03646,-0.04745,-0.00845,0.17404,0.4244,-0.09681,-0,-0.17316,0.48509,-0.27529,-0.4324,-0.93219,-0.09561,0.18641,0.02644,-0.27355,0.32023,-0.41796,-0.21257,-0.78456,-0.14718,0.11582,0.10879,-0.18183,1.32415,-0.26821,0.07117,0.02358,0.17458,-0.13087,0.12305,1.11208,-0.30165,-0.02589,0.00131
2.7,0.0078,0.02891,0.00064,0.01022,-0.18415,0.03507,-0.06664,0.00444,0.20429,0.43213,-0.09241,-1e-05,-0.08179,0.57389,-0.27918,-0.5708,-0.45521,-0.51787,0.14243,0.04742,-0.32372,0.33376,-0.50389,-0.63178,-1.10869,-0.11373,0.093,0.09631,-0.16673,1.32365,-0.26769,0.07232,0.02443,0.16593,-0.12713,0.09616,1.20159,-0.32243,-0.03857,-0.00417
2.72,0.00856,0.02736,-0.00148,0.00557,-0.18525,0.03533,-0.08371,0.01548,0.23424,0.43506,-0.08573,-1e-05,-0.00332,0.64745,-0.28705,-0.68453,0.04506,-0.92329,0.09189,0.0694,-0.3673,0.35099,-0.5818,-0.99671,-1.36883,-0.07695,0.07397,0.08269,-0.14634,1.29263,-0.26203,0.07223,0.02483,0.15308,-0.11989,0.07113,1.26586,-0.33678,-0.05124,-0.00993
2.74,0.00936,0.02496,-0.00322,0.00244,-0.18332,0.03727,-0.09969,0.02365,0.26197,0.43222,-0.07725,-1e-05,0.05342,0.69903,-0.29772,-0.76217,0.52645,-1.27747,0.03951,0.09104,-0.39928,0.37014,-0.64345,-1.26463,-1.53632,-0.04201,0.06086,0.06791,-0.12034,1.22872,-0.25124,0.07084,0.02476,0.13703,-0.10802,0.05227,1.2989,-0.34309,-0.06288,-0.01554
2.76,0.01009,0.02165,-0.00422,0.00162,-0.1783,0.04086,-0.11566,0.02836,0.28583,0.42292,-0.06745,-1e-05,0.08427,0.72427,-0.30914,-0.7978,0.95494,-1.55469,-0.01087,0.11132,-0.41478,0.38757,-0.68183,-1.40838,-1.59418,-0.01254,0.05471,0.0518,-0.0893,1.13211,-0.23562,0.06817,0.02418,0.1187,-0.09144,0.0418,1.29749,-0.34048,-0.07272,-0.02066
2.78,0.0106,0.01742,-0.00419,0.00341,-0.1702,0.04596,-0.13254,0.02945,0.30435,0.40685,-0.05682,-1e-05,0.09002,0.72118,-0.31819,-0.7912,1.30285,-1.73696,-0.05612,0.12945,-0.4089,0.39745,-0.69104,-1.41704,-1.53788,0.00946,0.05538,0.03411,-0.05505,1.00647,-0.21583,0.06428,0.02309,0.09914,-0.07141,0.03969,1.2614,-0.32891,-0.08018,-0.025
2.8,0.01075,0.01231,-0.00297,0.00773,-0.15909,0.05237,-0.15102,0.02709,0.31606,0.38409,-0.04596,-2e-05,0.07566,0.68972,-0.32086,-0.7469,1.54568,-1.81148,-0.09344,0.14476,-0.37674,0.39209,-0.66596,-1.29349,-1.37358,0.02332,0.06178,0.01471,-0.02069,0.8591,-0.193,0.05928,0.02151,0.07956,-0.05043,0.04398,1.19305,-0.30908,-0.08476,-0.02828
2.82,0.01041,0.0064,-0.0005,0.01423,-0.14503,0.05978,-0.17151,0.02174,0.31966,0.35497,-0.03552,-3e-05,0.04864,0.63108,-0.3133,-0.67212,1.66296,-1.76979,-0.12043,0.15691,-0.31396,0.36378,-0.60243,-1.05091,-1.11477,0.02935,0.07214,-0.00649,0.01002,0.6994,-0.16847,0.05339,0.01948,0.06114,-0.03151,0.05168,1.09672,-0.28223,-0.08612,-0.03026
2.84,0.00947,-0.0002,0.00321,0.0224,-0.12812,0.06785,-0.19426,0.01398,0.3144,0.31989,-0.02603,-3e-05,0.01668,0.54693,-0.29328,-0.574,1.64219,-1.60837,-0.13545,0.1663,-0.21785,0.30755,-0.4978,-0.70905,-0.77813,0.0287,0.08453,-0.02946,0.03379,0.53619,-0.14345,0.0468,0.01706,0.04475,-0.01712,0.05996,0.97742,-0.24978,-0.08415,-0.03081
2.86,0.00788,-0.00737,0.008,0.03167,-0.10844,0.07622,-0.21926,0.00451,0.30039,0.27927,-0.01788,-4e-05,-0.01363,0.4393,-0.26144,-0.45826,1.48194,-1.33,-0.13793,0.17435,-0.08847,0.22335,-0.35176,-0.29307,-0.38214,0.02319,0.09711,-0.05408,0.04845,0.37648,-0.11885,0.03976,0.01435,0.03069,-0.0084,0.06695,0.8407,-0.21328,-0.07904,-0.02996
2.88,0.00565,-0.01491,0.01354,0.04134,-0.08622,0.08438,-0.24609,-0.00578,0.27873,0.23387,-0.01136,-5e-05,-0.03695,0.31121,-0.22173,-0.32953,1.1933,-0.94567,-0.12829,0.18348,0.07023,0.11712,-0.16758,0.1638,0.05063,0.01533,0.10808,-0.07991,0.05301,0.22635,-0.09545,0.03262,0.01151,0.01879,-0.0051,0.07187,0.69351,-0.17467,-0.07135,-0.0279
2.9,0.00285,-0.02252,0.01936,0.05059,-0.06199,0.09172,-0.27377,-0.01582,0.25147,0.18499,-0.00674,-6e-05,-0.04888,0.1673,-0.18117,-0.1922,0.79954,-0.47561,-0.10784,0.19698,0.24991,0.00067,0.04734,0.61927,0.49162,0.00808,0.11566,-0.10604,0.04747,0.09203,-0.07401,0.02582,0.00875,0.00855,-0.00578,0.07492,0.54483,-0.13636,-0.06198,-0.02498
2.92,-0.00041,-0.0298,0.02488,0.05855,-0.03649,0.09754,-0.30084,-0.02447,0.22105,0.13423,-0.00422,-7e-05,-0.04563,0.01324,-0.14817,-0.05033,0.33182,0.05329,-0.07844,0.21865,0.43918,-0.11094,0.2827,1.02863,0.90991,0.00394,0.11827,-0.1312,0.03266,-0.02061,-0.05529,0.01983,0.00632,-0.00065,-0.00835,0.07694,0.40432,-0.10095,-0.05201,-0.02162
2.94,-0.004,-0.03639,0.02963,0.06456,-0.01049,0.10127,-0.32565,-0.03085,0.18952,0.08291,-0.00393,-7e-05,-0.02374,-0.14546,-0.12991,0.09306,-0.17718,0.61226,-0.0421,0.25228,0.62613,-0.20357,0.52764,1.35671,1.27927,0.00357,0.1149,-0.15404,0.01023,-0.10767,-0.03977,0.01501,0.0044,-0.00944,-0.01066,0.07906,0.27969,-0.07042,-0.04235,-0.01819
2.96,-0.00777,-0.04196,0.03328,0.06832,0.0152,0.10254,-0.34647,-0.03444,0.15812,0.03193,-0.00583,-7e-05,0.01998,-0.30374,-0.13059,0.23588,-0.69579,1.17189,-0.00079,0.30123,0.79937,-0.26654,0.77151,1.58495,1.58189,0.00488,0.10535,-0.17327,-0.01741,-0.16808,-0.0276,0.0115,0.00307,-0.01825,-0.01101,0.08243,0.17532,-0.04577,-0.03364,-0.01497
2.98,-0.01158,-0.04619,0.0357,0.06988,0.0396,0.10121,-0.36134,-0.03511,0.12734,-0.01795,-0.00974,-8e-05,0.08823,-0.4559,-0.151,0.37595,-1.19013,1.69815,0.04321,0.36798,0.94698,-0.29272,1.00224,1.7113,1.80683,0.00272,0.09041,-0.18747,-0.0468,-0.2033,-0.01862,0.00923,0.00231,-0.02725,-0.00824,0.0881,0.09276,-0.0271,-0.02626,-0.01215
3,-0.01521,-0.04875,0.03685,0.06957,0.06138,0.09731,-0.36796,-0.03309,0.09725,-0.06573,-0.01532,-7e-05,0.183,-0.59469,-0.18869,0.50995,-1.62156,2.14986,0.08716,0.45383,1.05563,-0.27804,1.20501,1.74656,1.94721,-0.01049,0.07171,-0.19508,-0.07347,-0.21652,-0.01255,0.00797,0.00201,-0.03632,-0.00168,0.09699,0.03172,-0.01391,-0.02039,-0.00983
3.02,-0.01842,-0.04933,0.03679,0.06786,0.07909,0.09103,-0.36402,-0.02883,0.06769,-0.1103,-0.02213,-7e-05,0.30567,-0.71237,-0.23815,0.63381,-1.95168,2.48474,0.12801,0.5591,1.11245,-0.2218,1.36428,1.70885,1.9992,-0.04234,0.05137,-0.19463,-0.09286,-0.21188,-0.009,0.00741,0.00201,-0.0451,0.00885,0.1097,-0.00928,-0.00531,-0.01608,-0.00808
3.04,-0.02097,-0.04772,0.03563,0.06526,0.09162,0.08258,-0.34771,-0.02288,0.03836,-0.15084,-0.0297,-7e-05,0.45728,-0.80318,-0.29099,0.74388,-2.1524,2.6712,0.16289,0.68344,1.10874,-0.12766,1.46803,1.61681,1.96229,-0.09693,0.03129,-0.18531,-0.10161,-0.19365,-0.0075,0.00725,0.00218,-0.0532,0.02313,0.12633,-0.03261,-0.00032,-0.01323,-0.00689
3.06,-0.02266,-0.04388,0.0335,0.06216,0.09848,0.07225,-0.31822,-0.01586,0.009,-0.18704,-0.0376,-6e-05,0.63812,-0.86467,-0.33591,0.83743,-2.21253,2.6963,0.18937,0.82566,1.04274,-0.00471,1.51047,1.48564,1.84,-0.17221,0.01281,-0.16741,-0.09857,-0.16583,-0.00754,0.00725,0.0024,-0.06034,0.04045,0.1462,-0.04125,0.00203,-0.01166,-0.00622
3.08,-0.02333,-0.03798,0.03059,0.05888,0.09981,0.06043,-0.27601,-0.0085,-0.02033,-0.21879,-0.04532,-5e-05,0.84634,-0.89759,-0.3583,0.91199,-2.13846,2.56695,0.20524,0.98266,0.92053,0.13136,1.49214,1.32677,1.64051,-0.25878,-0.00328,-0.14249,-0.085,-0.13219,-0.00857,0.00728,0.00261,-0.06626,0.05955,0.1677,-0.03867,0.00258,-0.01108,-0.00595
3.1,-0.02281,-0.03042,0.02711,0.05568,0.09624,0.04766,-0.22289,-0.00163,-0.04906,-0.24596,-0.05229,-4e-05,1.07698,-0.90492,-0.34071,0.96469,-1.95164,2.30744,0.20841,1.14867,0.75547,0.2586,1.41892,1.14896,1.37697,-0.34051,-0.01657,-0.11334,-0.06426,-0.09638,-0.01,0.00727,0.00278,-0.07068,0.07852,0.1883,-0.02857,0.00202,-0.01116,-0.00594
3.12,-0.02098,-0.02171,0.0233,0.05271,0.08868,0.0346,-0.16154,0.00393,-0.07627,-0.26829,-0.05794,-3e-05,1.32276,-0.89045,-0.26624,0.99245,-1.68235,1.9528,0.19725,1.31631,0.56469,0.35286,1.29983,0.95897,1.06596,-0.39881,-0.02687,-0.08331,-0.04078,-0.06171,-0.01128,0.00721,0.00292,-0.07338,0.09528,0.20508,-0.01453,0.00093,-0.01154,-0.00604
3.14,-0.0178,-0.01234,0.01936,0.05006,0.07808,0.02179,-0.09474,0.00756,-0.10096,-0.28563,-0.06189,-3e-05,1.57611,-0.85724,-0.12377,0.99285,-1.36159,1.53991,0.17136,1.47866,0.36397,0.39452,1.14455,0.76199,0.72497,-0.41921,-0.03419,-0.05533,-0.01856,-0.03066,-0.01202,0.00712,0.00304,-0.07417,0.10812,0.2157,0.00053,-0.00031,-0.01193,-0.00613
3.16,-0.01336,-0.00272,0.01544,0.04766,0.06528,0.00966,-0.02509,0.00899,-0.12225,-0.29798,-0.064,-2e-05,1.82963,-0.80663,0.08777,0.96486,-1.01676,1.10304,0.13212,1.63023,0.16493,0.37295,0.96223,0.56267,0.37198,-0.39589,-0.03867,-0.03124,-0.00017,-0.00471,-0.01202,0.00704,0.00315,-0.07303,0.11616,0.21903,0.01455,-0.00143,-0.01214,-0.00612
3.18,-0.00791,0.00678,0.01165,0.04537,0.0511,-0.00142,0.04458,0.00832,-0.13918,-0.30537,-0.06445,-1e-05,2.07432,-0.73837,0.35696,0.90903,-0.67299,0.67588,0.08315,1.76598,-0.02423,0.28766,0.76251,0.36686,0.02798,-0.33289,-0.04052,-0.01185,0.01332,0.01557,-0.01129,0.00697,0.00325,-0.07006,0.11936,0.21519,0.02635,-0.00229,-0.01207,-0.00597
3.2,-0.00188,0.01575,0.00809,0.04298,0.03636,-0.01108,0.11073,0.00593,-0.15066,-0.30778,-0.06361,-1e-05,2.29813,-0.65102,0.65999,0.82744,-0.35528,0.29373,0.03027,1.8803,-0.19719,0.14744,0.55636,0.18282,-0.28145,-0.24303,-0.03998,0.00277,0.02206,0.03022,-0.01005,0.00694,0.00336,-0.06553,0.11836,0.20545,0.03543,-0.00287,-0.01173,-0.0057
3.22,0.00421,0.02379,0.00485,0.04026,0.02188,-0.01894,0.16963,0.00238,-0.15555,-0.30515,-0.06194,-1e-05,2.48748,-0.54246,0.9663,0.7228,-0.08682,-0.01026,-0.01964,1.96736,-0.34969,-0.0328,0.3544,0.02035,-0.52981,-0.14389,-0.03729,0.01304,0.02702,0.03966,-0.00862,0.00696,0.00346,-0.05976,0.11411,0.1916,0.0418,-0.00324,-0.01116,-0.00534
3.24,0.00989,0.03059,0.00199,0.03706,0.00831,-0.02473,0.21826,-0.00184,-0.15301,-0.29742,-0.05978,-1e-05,2.63098,-0.41046,1.24749,0.5971,0.11522,-0.21298,-0.06036,2.02261,-0.48073,-0.2363,0.16376,-0.11156,-0.69701,-0.05195,-0.03275,0.0196,0.02941,0.0446,-0.0073,0.00704,0.00356,-0.05312,0.10745,0.17527,0.04579,-0.00343,-0.01044,-0.00492
3.26,0.01481,0.036,-0.00049,0.03337,-0.00392,-0.02834,0.25487,-0.00643,-0.14279,-0.28465,-0.0572,-0,2.7215,-0.25357,1.48262,0.45124,0.24206,-0.30629,-0.08742,2.04367,-0.59302,-0.44665,-0.0136,-0.20605,-0.77396,0.02113,-0.02673,0.02312,0.03041,0.04587,-0.00633,0.00717,0.00364,-0.046,0.09879,0.15746,0.04789,-0.0035,-0.00959,-0.00445
3.28,0.01873,0.03999,-0.00262,0.02936,-0.01453,-0.0298,0.27879,-0.01126,-0.12533,-0.26714,-0.05405,-0,2.75586,-0.07242,1.65756,0.28591,0.29266,-0.2972,-0.09816,2.0302,-0.69218,-0.64684,-0.17988,-0.25775,-0.76286,0.06882,-0.01973,0.02424,0.03097,0.04444,-0.00582,0.00733,0.00371,-0.03881,0.08817,0.13856,0.04869,-0.00343,-0.0086,-0.00394
3.3,0.02148,0.04261,-0.00445,0.02539,-0.02327,-0.02925,0.29003,-0.01634,-0.10173,-0.24544,-0.0499,-0,2.73377,0.12938,1.763,0.10265,0.27198,-0.20543,-0.09143,1.98361,-0.78543,-0.81832,-0.33966,-0.26223,-0.67544,0.08889,-0.0124,0.0235,0.03186,0.04128,-0.00579,0.00747,0.00374,-0.03207,0.07527,0.11853,0.04883,-0.00319,-0.00743,-0.00335
3.32,0.02295,0.04387,-0.00602,0.0219,-0.02988,-0.02688,0.28906,-0.02177,-0.07345,-0.22026,-0.04419,-0,2.6571,0.34596,1.79393,-0.09618,0.18894,-0.05819,-0.06748,1.90648,-0.87995,-0.9435,-0.49822,-0.21675,-0.52963,0.08231,-0.00541,0.02129,0.0336,0.03727,-0.0062,0.00755,0.00372,-0.02627,0.05971,0.09713,0.04883,-0.00268,-0.00603,-0.00267
3.34,0.02312,0.04378,-0.00737,0.01932,-0.0342,-0.02294,0.2766,-0.02768,-0.04187,-0.19217,-0.03625,-0,2.52945,0.57097,1.75045,-0.308,0.05438,0.11656,-0.02806,1.80218,-0.98104,-1.01057,-0.66003,-0.12216,-0.34544,0.05229,0.00073,0.01792,0.0364,0.03287,-0.00689,0.00751,0.00363,-0.02175,0.04122,0.07418,0.04887,-0.0018,-0.00437,-0.00187
3.36,0.02209,0.04226,-0.00854,0.01795,-0.03611,-0.01774,0.25366,-0.03422,-0.00808,-0.16163,-0.02542,-0,2.3565,0.79794,1.63868,-0.52967,-0.11967,0.294,0.02334,1.67499,-1.09058,-1.01666,-0.82716,0.0154,-0.1429,0.00375,0.00575,0.01357,0.04014,0.02809,-0.00763,0.00725,0.00343,-0.01856,0.01994,0.04979,0.04864,-0.00037,-0.00244,-0.00095
3.38,0.02008,0.03915,-0.00955,0.01793,-0.03554,-0.01168,0.22163,-0.04144,0.02693,-0.12911,-0.01114,-0,2.14723,1.01872,1.47156,-0.7558,-0.31911,0.45212,0.08113,1.53105,-1.20577,-0.96848,-0.99764,0.18315,0.05699,-0.05652,0.00966,0.00831,0.04435,0.02239,-0.00808,0.00671,0.00311,-0.01648,-0.00341,0.02465,0.04728,0.0018,-0.00028,5e-05
3.4,0.01741,0.03425,-0.01037,0.0193,-0.03247,-0.00527,0.18235,-0.0493,0.06198,-0.09537,0.00699,-0,1.91437,1.22223,1.26834,-0.97735,-0.52697,0.57089,0.13753,1.37868,-1.31893,-0.88079,-1.16459,0.36167,0.2316,-0.11982,0.01261,0.00222,0.04818,0.01484,-0.00784,0.00577,0.00262,-0.01507,-0.02741,3e-05,0.04349,0.0049,0.00201,0.00108
3.42,0.01446,0.02735,-0.01097,0.02202,-0.02692,0.00094,0.13789,-0.05762,0.09576,-0.06144,0.02906,-0,1.67187,1.39617,1.05028,-1.18264,-0.72507,0.63405,0.18367,1.22662,-1.41948,-0.77194,-1.3175,0.52811,0.3596,-0.17663,0.0149,-0.00462,0.05068,0.00436,-0.00646,0.00436,0.00194,-0.01378,-0.05034,-0.02249,0.03581,0.00913,0.00431,0.00206
3.44,0.01158,0.01834,-0.01131,0.02592,-0.019,0.00646,0.09012,-0.06615,0.127,-0.02843,0.05479,-0,1.43044,1.5308,0.83398,-1.35988,-0.89725,0.63285,0.2115,1.08079,-1.49749,-0.65751,-1.44501,0.66151,0.42637,-0.21832,0.01678,-0.01199,0.05116,-0.00987,-0.00362,0.0024,0.00105,-0.01208,-0.07069,-0.04174,0.02306,0.01457,0.0065,0.00292
3.46,0.00902,0.00729,-0.01133,0.03073,-0.00895,0.01093,0.04058,-0.07456,0.15443,0.00243,0.08331,-0,1.19536,1.62106,0.62767,-1.49835,-1.03102,0.56869,0.21496,0.94255,-1.54581,-0.54639,-1.53637,0.74608,0.42763,-0.23826,0.01847,-0.01944,0.04939,-0.02814,0.00083,-0.00011,-6e-05,-0.00955,-0.08756,-0.05737,0.0047,0.02121,0.00851,0.00362
3.48,0.00694,-0.00547,-0.01099,0.03603,0.00274,0.01409,-0.00919,-0.08232,0.17664,0.02953,0.11295,-0,0.96766,1.66633,0.43167,-1.58751,-1.11685,0.45414,0.19022,0.8093,-1.56023,-0.44058,-1.58104,0.77124,0.37013,-0.23186,0.02005,-0.02624,0.04574,-0.04996,0.00683,-0.00313,-0.00136,-0.00594,-0.10056,-0.06975,-0.01894,0.02881,0.0103,0.00415
3.5,0.00545,-0.01927,-0.01023,0.04122,0.01532,0.01577,-0.05735,-0.08875,0.19189,0.05086,0.14115,-0,0.74633,1.66926,0.24097,-1.61636,-1.14698,0.31164,0.13552,0.67608,-1.53882,-0.33675,-1.56835,0.73032,0.27004,-0.19634,0.02152,-0.03135,0.04104,-0.07404,0.01404,-0.00652,-0.0028,-0.00115,-0.10967,-0.07982,-0.04665,0.03693,0.01183,0.00451
3.52,0.00459,-0.03325,-0.00901,0.04566,0.02795,0.01585,-0.10206,-0.09309,0.19842,0.06455,0.16485,-1e-05,0.52994,1.63443,0.04854,-1.57536,-1.11524,0.16762,0.05099,0.53744,-1.48158,-0.229,-1.48939,0.61886,0.14785,-0.13077,0.02275,-0.03359,0.03648,-0.09857,0.02199,-0.01012,-0.00431,0.00472,-0.11504,-0.08873,-0.0766,0.04499,0.01306,0.00471
3.54,0.00434,-0.04658,-0.00728,0.04874,0.03988,0.01436,-0.14223,-0.09471,0.1951,0.06998,0.18126,-1e-05,0.31771,1.56709,-0.15075,-1.46026,-1.01775,0.04387,-0.06131,0.38958,-1.39016,-0.11223,-1.34051,0.43287,0.021,-0.03626,0.02352,-0.03191,0.03322,-0.12169,0.03016,-0.01376,-0.00582,0.01139,-0.11695,-0.09744,-0.10684,0.05243,0.01399,0.00478
3.56,0.00459,-0.05856,-0.00504,0.04998,0.05064,0.01146,-0.17779,-0.09335,0.18184,0.06847,0.18837,-1e-05,0.11104,1.47261,-0.35686,-1.27525,-0.85387,-0.04804,-0.19704,0.2323,-1.26819,0.01513,-1.12638,0.16843,-0.10058,0.08342,0.02353,-0.02563,0.03222,-0.14174,0.03804,-0.0173,-0.00729,0.01839,-0.11565,-0.10646,-0.13553,0.05877,0.01461,0.00474
3.58,0.00515,-0.06859,-0.00233,0.04909,0.06,0.00751,-0.20956,-0.08906,0.15983,0.06347,0.18495,-1e-05,-0.08453,1.35693,-0.5621,-1.03497,-0.62744,-0.10745,-0.34848,0.07067,-1.12207,0.14941,-0.86217,-0.17678,-0.21476,0.22089,0.02241,-0.01448,0.03424,-0.1572,0.04512,-0.02061,-0.00869,0.02497,-0.11143,-0.11564,-0.16078,0.06358,0.01493,0.00462
3.6,0.00573,-0.07604,0.00078,0.0459,0.06781,0.00303,-0.23884,-0.08224,0.13141,0.06026,0.17047,-1e-05,-0.25849,1.22697,-0.75073,-0.76414,-0.34693,-0.14284,-0.50408,-0.08459,-0.96139,0.28149,-0.57343,-0.60134,-0.32547,0.36492,0.01972,0.00133,0.03978,-0.16654,0.05081,-0.02357,-0.00997,0.03014,-0.10453,-0.12426,-0.18049,0.06644,0.01496,0.00444
3.62,0.00604,-0.08038,0.00414,0.04033,0.07398,-0.00138,-0.26692,-0.0735,0.09955,0.06464,0.14503,-2e-05,-0.39811,1.08975,-0.90286,-0.49194,-0.02214,-0.16852,-0.65022,-0.2199,-0.7971,0.39917,-0.29039,-1.0986,-0.43959,0.5025,0.01508,0.0212,0.04904,-0.1684,0.05453,-0.02602,-0.01111,0.03285,-0.09519,-0.13123,-0.19262,0.06699,0.01468,0.00424
3.64,0.00581,-0.08131,0.00762,0.03246,0.07841,-0.00523,-0.29464,-0.06347,0.06706,0.08117,0.1094,-2e-05,-0.49353,0.95074,-1.00134,-0.243,0.34104,-0.20027,-0.77442,-0.32376,-0.63839,0.49124,-0.03875,-1.6554,-0.5631,0.62241,0.00837,0.04418,0.06174,-0.16198,0.05583,-0.02782,-0.01205,0.03242,-0.08365,-0.13556,-0.19573,0.06498,0.0141,0.00403
3.66,0.00488,-0.07888,0.01107,0.02249,0.081,-0.00822,-0.32194,-0.05279,0.03615,0.11179,0.06516,-2e-05,-0.54105,0.81321,-1.03623,-0.03215,0.74297,-0.25227,-0.86715,-0.38981,-0.49114,0.55009,0.1658,-2.24918,-0.69797,0.71729,-0.00018,0.06893,0.07697,-0.14735,0.0545,-0.02886,-0.01273,0.02876,-0.07017,-0.13664,-0.18941,0.06033,0.0132,0.0038
3.68,0.00317,-0.07359,0.01433,0.01084,0.08156,-0.01028,-0.34757,-0.04209,0.00853,0.15535,0.01502,-3e-05,-0.54348,0.67913,-1.00547,0.13534,1.18801,-0.336,-0.9215,-0.417,-0.35857,0.57175,0.31735,-2.84283,-0.8404,0.78337,-0.00982,0.09356,0.09306,-0.12559,0.05059,-0.02903,-0.01308,0.02244,-0.05515,-0.13434,-0.17437,0.05323,0.01195,0.00351
3.7,0.00072,-0.06627,0.01719,-0.0018,0.07985,-0.01146,-0.36902,-0.03212,-0.01437,0.20771,-0.03701,-3e-05,-0.50896,0.55016,-0.91378,0.26127,1.68008,-0.45941,-0.93242,-0.40856,-0.24257,0.55519,0.41735,-3.38268,-0.98029,0.81951,-0.01936,0.11552,0.10759,-0.09876,0.0444,-0.02822,-0.01301,0.01468,-0.0392,-0.12888,-0.15232,0.04409,0.01031,0.00312
3.72,-0.00237,-0.05792,0.01942,-0.01457,0.07563,-0.01191,-0.38322,-0.02362,-0.03134,0.26302,-0.08635,-4e-05,-0.44861,0.42788,-0.77054,0.3518,2.21664,-0.62487,-0.89707,-0.37041,-0.14403,0.50153,0.47196,-3.80727,-1.10293,0.82644,-0.02739,0.13206,0.11793,-0.06947,0.03633,-0.02634,-0.01241,0.00696,-0.02306,-0.12086,-0.12556,0.03343,0.00827,0.00257
3.74,-0.00592,-0.04942,0.02086,-0.02669,0.06888,-0.01178,-0.38763,-0.01714,-0.04171,0.31567,-0.12904,-4e-05,-0.37353,0.31323,-0.587,0.41474,2.78168,-0.82622,-0.81593,-0.30942,-0.06269,0.41347,0.48949,-4.06319,-1.19204,0.80634,-0.03273,0.14092,0.12206,-0.04016,0.02678,-0.02326,-0.01119,0.00056,-0.00748,-0.11108,-0.09635,0.0218,0.00575,0.00179
3.76,-0.00972,-0.04136,0.02144,-0.03746,0.05987,-0.01116,-0.38102,-0.01298,-0.04537,0.36143,-0.16244,-4e-05,-0.29307,0.20653,-0.37525,0.45755,3.33897,-1.04603,-0.69393,-0.23246,0.00282,0.29528,0.4787,-4.11548,-1.23172,0.76265,-0.03468,0.14087,0.11917,-0.01276,0.01604,-0.01888,-0.00926,-0.00376,0.00693,-0.10061,-0.06654,0.00961,0.00268,0.00072
3.78,-0.01348,-0.03405,0.02119,-0.04629,0.04931,-0.01007,-0.36368,-0.01116,-0.04282,0.39735,-0.18511,-4e-05,-0.21491,0.10836,-0.14932,0.48645,3.82589,-1.2532,-0.54155,-0.14666,0.05443,0.15353,0.44828,-3.94916,-1.2064,0.7003,-0.03313,0.13176,0.10977,0.01124,0.00439,-0.01314,-0.00661,-0.00581,0.01952,-0.09076,-0.03774,-0.0027,-0.00103,-0.0007
3.8,-0.01684,-0.0276,0.02021,-0.05257,0.03832,-0.00847,-0.33728,-0.01148,-0.03502,0.42143,-0.19653,-4e-05,-0.14563,0.02027,0.07379,0.50597,4.15412,-1.40385,-0.37473,-0.05977,0.09396,-0.00241,0.40667,-3.56673,-1.10096,0.62557,-0.02841,0.11446,0.09559,0.03055,-0.00787,-0.00602,-0.00325,-0.00587,0.02958,-0.08316,-0.0115,-0.01463,-0.00543,-0.00252
3.82,-0.0194,-0.022,0.01868,-0.05577,0.0282,-0.00632,-0.30433,-0.0136,-0.02321,0.43247,-0.19689,-4e-05,-0.09047,-0.05555,0.27634,0.51882,4.22791,-1.45065,-0.2116,0.02072,0.12298,-0.16176,0.36116,-2.98292,-0.90293,0.54482,-0.02123,0.09047,0.07904,0.04419,-0.02032,0.00237,0.00074,-0.00454,0.03645,-0.07944,0.01079,-0.0256,-0.01054,-0.00478
3.84,-0.02088,-0.01718,0.01675,-0.05556,0.02001,-0.00359,-0.26737,-0.01704,-0.00866,0.43032,-0.18718,-4e-05,-0.05257,-0.11729,0.44399,0.52592,3.97406,-1.35764,-0.06718,0.08903,0.14282,-0.31468,0.3167,-2.21835,-0.60638,0.46233,-0.01244,0.06153,0.06248,0.0517,-0.03252,0.01188,0.00528,-0.00248,0.03986,-0.0807,0.02825,-0.03504,-0.01638,-0.00748
3.86,-0.02116,-0.01303,0.01456,-0.05196,0.01438,-0.00038,-0.22856,-0.02124,0.00748,0.41596,-0.16919,-3e-05,-0.03255,-0.16407,0.56814,0.52642,3.36415,-1.11109,0.04978,0.14201,0.15463,-0.45345,0.27513,-1.29826,-0.2157,0.37921,-0.00293,0.02942,0.04779,0.05334,-0.04386,0.02222,0.01021,-0.00028,0.0401,-0.08719,0.04065,-0.04235,-0.0229,-0.01062
3.88,-0.0203,-0.00951,0.01224,-0.04536,0.01148,0.00309,-0.18988,-0.02551,0.02405,0.39167,-0.14569,-3e-05,-0.02857,-0.19568,0.6455,0.51764,2.42366,-0.72366,0.13665,0.17887,0.15923,-0.57164,0.23539,-0.25847,0.25075,0.29369,0.00625,-0.00388,0.03633,0.0501,-0.05356,0.03289,0.01533,0.00152,0.0381,-0.09816,0.04836,-0.0469,-0.02995,-0.01417
3.9,-0.01854,-0.0066,0.00991,-0.0365,0.01108,0.00646,-0.15337,-0.02903,0.03983,0.36085,-0.12033,-2e-05,-0.03687,-0.21216,0.67666,0.49542,1.23019,-0.23292,0.19552,0.20053,0.15701,-0.66311,0.19416,0.8494,0.75972,0.20212,0.01396,-0.03599,0.02912,0.04355,-0.06055,0.04318,0.02032,0.00251,0.03526,-0.11194,0.05213,-0.04791,-0.03725,-0.01801
3.92,-0.01616,-0.00434,0.00767,-0.02627,0.0127,0.00933,-0.12086,-0.031,0.05363,0.32736,-0.09709,-2e-05,-0.0526,-0.21378,0.66484,0.45538,-0.10536,0.30862,0.23156,0.20895,0.14801,-0.72204,0.14734,1.96241,1.26938,0.10035,0.0191,-0.06452,0.02673,0.03537,-0.06364,0.05217,0.02478,0.0024,0.03319,-0.12633,0.05268,-0.0445,-0.04437,-0.02197
3.94,-0.01347,-0.00274,0.00562,-0.0155,0.01581,0.01144,-0.09354,-0.03078,0.06449,0.29436,-0.07931,-1e-05,-0.07112,-0.20123,0.61495,0.39474,-1.46799,0.84899,0.2514,0.20635,0.13208,-0.74393,0.09182,3.0169,1.7402,-0.01462,0.02094,-0.08769,0.02915,0.02672,-0.06167,0.059,0.02835,0.00115,0.03315,-0.13913,0.05015,-0.03564,-0.05081,-0.02582
3.96,-0.01064,-0.00176,0.00379,-0.00474,0.01986,0.01274,-0.07167,-0.02811,0.07187,0.26371,-0.06909,-1e-05,-0.08871,-0.17592,0.53321,0.31397,-2.75385,1.34536,0.26198,0.19484,0.10908,-0.72627,0.02707,3.95236,2.14088,-0.1431,0.01939,-0.10469,0.03569,0.01786,-0.05376,0.06296,0.03069,-0.00094,0.03575,-0.14849,0.04379,-0.02028,-0.05599,-0.0293
3.98,-0.00777,-0.0013,0.00218,0.00562,0.02434,0.01338,-0.05467,-0.02309,0.07555,0.23604,-0.06727,-1e-05,-0.10263,-0.1402,0.42752,0.2177,-3.8641,1.76243,0.27016,0.17627,0.07908,-0.66868,-0.04407,4.70476,2.44661,-0.2814,0.015,-0.11562,0.04489,0.00811,-0.03939,0.06346,0.03154,-0.00323,0.04083,-0.15292,0.03188,0.0026,-0.05921,-0.03205
4,-0.00491,-0.00121,0.00078,0.01532,0.02872,0.01375,-0.0414,-0.01621,0.0756,0.21109,-0.07361,-1e-05,-0.11098,-0.09728,0.30763,0.11464,-4.69837,2.06903,0.28236,0.15235,0.04252,-0.57287,-0.11542,5.20255,2.63616,-0.42142,0.0089,-0.12133,0.05459,-0.004,-0.01837,0.06001,0.03062,-0.00475,0.04751,-0.15124,0.01192,0.03379,-0.05964,-0.03364
4.02,-0.00206,-0.00132,-0.00042,0.02418,0.03252,0.01428,-0.03049,-0.00816,0.07227,0.18803,-0.0871,-0,-0.11259,-0.05079,0.18385,0.01542,-5.16785,2.24032,0.30378,0.12457,0.00015,-0.4423,-0.17914,5.37954,2.69344,-0.5527,0.00252,-0.12304,0.06241,-0.02026,0.00913,0.05227,0.02773,-0.00444,0.05451,-0.1427,-0.01867,0.07368,-0.05649,-0.03362
4.04,0.00084,-0.0015,-0.00145,0.03209,0.03544,0.01534,-0.02061,0.0004,0.066,0.16583,-0.10633,-0,-0.10709,-0.00383,0.0648,-0.07101,-5.2216,2.26374,0.33725,0.09411,-0.04708,-0.28191,-0.22861,5.19914,2.61218,-0.66596,-0.0029,-0.12208,0.06641,-0.04223,0.04266,0.04008,0.02277,-0.0015,0.06055,-0.12726,-0.06167,0.12194,-0.04917,-0.03166
4.06,0.00384,-0.00162,-0.00234,0.03903,0.03735,0.01711,-0.01076,0.0089,0.05739,0.14357,-0.12974,-0,-0.09487,0.04143,-0.04373,-0.13953,-4.86566,2.14354,0.38226,0.06193,-0.09787,-0.09851,-0.26026,4.67274,2.39978,-0.75519,-0.00657,-0.11968,0.06554,-0.07066,0.08139,0.02363,0.0158,0.00442,0.06459,-0.10585,-0.11714,0.17715,-0.03757,-0.02765
4.08,0.00701,-0.0016,-0.00313,0.045,0.03837,0.01956,-0.00037,0.0169,0.04726,0.12066,-0.1554,-0,-0.07723,0.08352,-0.13819,-0.18887,-4.16923,1.90224,0.43447,0.02896,-0.15026,0.09778,-0.2737,3.86721,2.07946,-0.81743,-0.00822,-0.11692,0.05976,-0.10525,0.12381,0.00353,0.0071,0.01304,0.06589,-0.08054,-0.1829,0.23634,-0.02213,-0.02175
4.1,0.01041,-0.00137,-0.00384,0.04995,0.03876,0.02243,0.01061,0.02398,0.0367,0.097,-0.18103,-0,-0.05629,0.12133,-0.21636,-0.2207,-3.25778,1.57882,0.4859,-0.00361,-0.2013,0.29288,-0.27116,2.90017,1.68929,-0.85185,-0.008,-0.11473,0.04995,-0.1445,0.16753,-0.01906,-0.00278,0.02353,0.06395,-0.05452,-0.25437,0.29475,-0.00387,-0.01437
4.12,0.01402,-0.00091,-0.00447,0.0538,0.03887,0.02532,0.02187,0.0298,0.02685,0.0729,-0.20419,-0,-0.03456,0.15391,-0.277,-0.23833,-2.28233,1.21988,0.52699,-0.03447,-0.24754,0.47097,-0.25641,1.9119,1.2742,-0.85907,-0.00634,-0.11368,0.0376,-0.18594,0.20957,-0.04266,-0.01316,0.03469,0.05858,-0.03132,-0.32535,0.34667,0.01581,-0.0061
4.14,0.0178,-0.00023,-0.00504,0.05644,0.03897,0.02785,0.03297,0.0341,0.01869,0.04881,-0.22284,-0,-0.01429,0.18059,-0.31996,-0.24537,-1.3741,0.86681,0.54979,-0.06242,-0.28583,0.61869,-0.23343,1.02277,0.87372,-0.84074,-0.00385,-0.11378,0.02449,-0.22665,0.24687,-0.06578,-0.02337,0.0452,0.04994,-0.01359,-0.38949,0.38678,0.03548,0.00246
4.16,0.02161,0.00065,-0.00552,0.05781,0.03923,0.0297,0.04339,0.03683,0.01279,0.02528,-0.23562,-0,0.00297,0.20091,-0.34616,-0.24476,-0.61654,0.54817,0.55006,-0.08649,-0.31388,0.72756,-0.20557,0.30689,0.51489,-0.79939,-0.00112,-0.1143,0.01235,-0.26342,0.27665,-0.08702,-0.0328,0.05383,0.03867,-0.00231,-0.44108,0.41105,0.05388,0.01081
4.18,0.02522,0.00168,-0.0059,0.05783,0.03961,0.03064,0.05254,0.03806,0.00942,0.00309,-0.24179,-0,0.01631,0.21442,-0.35731,-0.23847,-0.04412,0.28019,0.5278,-0.10572,-0.33012,0.79367,-0.17557,-0.20882,0.21328,-0.73864,0.0012,-0.11373,0.00299,-0.29251,0.29616,-0.10502,-0.04089,0.05939,0.02597,0.00326,-0.47476,0.4167,0.06975,0.01846
4.2,0.02829,0.00275,-0.00612,0.05644,0.03996,0.0305,0.05967,0.03798,0.00852,-0.01664,-0.24114,-0,0.0253,0.22058,-0.35563,-0.22761,0.34748,0.07001,0.48672,-0.11904,-0.33342,0.81646,-0.14575,-0.53475,-0.0236,-0.66321,0.00247,-0.10987,-0.00171,-0.30956,0.30255,-0.11825,-0.04705,0.06069,0.01356,0.00535,-0.4853,0.40194,0.08178,0.0249
4.22,0.03041,0.00375,-0.00614,0.05358,0.04002,0.02917,0.06398,0.03685,0.00983,-0.0326,-0.23388,-0,0.02989,0.21889,-0.34343,-0.21266,0.58707,-0.08176,0.43275,-0.12545,-0.32319,0.79786,-0.11795,-0.70453,-0.19418,-0.57829,0.00206,-0.10047,-0.00015,-0.3102,0.29327,-0.12533,-0.05074,0.05668,0.00339,0.0069,-0.46813,0.36593,0.08879,0.02967
4.24,0.03124,0.00458,-0.0059,0.04925,0.0396,0.02662,0.06479,0.03496,0.01283,-0.04376,-0.22063,-0,0.03044,0.20925,-0.32287,-0.19394,0.71153,-0.17916,0.37191,-0.12438,-0.29961,0.74172,-0.09344,-0.7588,-0.30181,-0.48843,-0.00051,-0.08394,0.00846,-0.2913,0.26682,-0.12537,-0.05164,0.04667,-0.00298,0.01059,-0.42051,0.30897,0.08997,0.03246
4.26,0.03058,0.00516,-0.00538,0.04353,0.03858,0.02294,0.0617,0.03262,0.01679,-0.04961,-0.2025,-0,0.02767,0.19226,-0.29586,-0.17196,0.75463,-0.22941,0.3091,-0.11594,-0.26394,0.65374,-0.07288,-0.73436,-0.35393,-0.39706,-0.00548,-0.06007,0.02372,-0.25188,0.22344,-0.11834,-0.04976,0.03055,-0.0047,0.01812,-0.34266,0.2328,0.08523,0.0332
4.28,0.02838,0.00542,-0.00458,0.03669,0.03699,0.01833,0.05463,0.03017,0.02074,-0.05016,-0.18119,-0,0.02269,0.1694,-0.26416,-0.14769,0.74332,-0.24193,0.24827,-0.1011,-0.21881,0.54197,-0.05646,-0.66108,-0.36115,-0.30713,-0.01281,-0.03031,0.04374,-0.19355,0.16552,-0.10517,-0.04548,0.00895,-0.00176,0.03004,-0.23841,0.14123,0.0752,0.03206
4.3,0.02476,0.00533,-0.00352,0.02912,0.03498,0.01315,0.04378,0.02796,0.02348,-0.04588,-0.15901,-0,0.01695,0.14301,-0.22959,-0.1226,0.69757,-0.2275,0.19279,-0.08159,-0.16827,0.41699,-0.0441,-0.56216,-0.33627,-0.22168,-0.02217,0.00229,0.06536,-0.12052,0.09762,-0.08767,-0.0395,-0.01672,0.00516,0.04576,-0.11535,0.04037,0.0612,0.02943
4.32,0.01991,0.00488,-0.00224,0.02133,0.0328,0.00781,0.02958,0.02636,0.02383,-0.03757,-0.13844,-0,0.01196,0.11583,-0.19395,-0.0984,0.63138,-0.19683,0.14538,-0.05955,-0.11702,0.29031,-0.03551,-0.45458,-0.29242,-0.1437,-0.03303,0.03387,0.08477,-0.0386,0.02557,-0.06806,-0.03267,-0.04462,0.01486,0.0638,0.01673,-0.06239,0.04492,0.02582
4.34,0.01409,0.00407,-0.00079,0.01374,0.0307,0.00267,0.01255,0.0256,0.02092,-0.02628,-0.12143,-0,0.00889,0.09028,-0.15881,-0.07651,0.55471,-0.15899,0.10756,-0.03699,-0.06913,0.17176,-0.03013,-0.34997,-0.24077,-0.07536,-0.04484,0.06099,0.09869,0.04636,-0.04515,-0.04838,-0.02577,-0.07288,0.02596,0.0823,0.14834,-0.16022,0.02799,0.02171
4.36,0.00757,0.00295,0.00078,0.00662,0.02893,-0.00206,-0.00673,0.02575,0.01452,-0.01333,-0.10897,-0,0.00836,0.06805,-0.12546,-0.05772,0.4751,-0.12042,0.07936,-0.0155,-0.02743,0.06806,-0.02716,-0.25554,-0.18923,-0.01779,-0.05708,0.08147,0.10507,0.12917,-0.11014,-0.03008,-0.01933,-0.09989,0.03702,0.0992,0.27154,-0.24776,0.01172,0.01749
4.38,0.00068,0.00161,0.00242,0.00015,0.02773,-0.00626,-0.02745,0.02673,0.00506,-0.00035,-0.10104,-0,0.0103,0.05016,-0.09521,-0.0423,0.3987,-0.08495,0.05954,0.00365,0.00645,-0.01667,-0.02552,-0.17509,-0.1425,0.0286,-0.06915,0.09435,0.10321,0.20489,-0.1658,-0.01408,-0.01366,-0.12411,0.0465,0.1122,0.3793,-0.32064,-0.00283,0.01348
4.4,-0.00616,0.00019,0.00403,-0.00556,0.02733,-0.00987,-0.04853,0.02826,-0.00635,0.01069,-0.09686,-1e-05,0.01411,0.03714,-0.06954,-0.03018,0.33079,-0.05432,0.04595,0.01935,0.0316,-0.08007,-0.024,-0.10994,-0.10259,0.06358,-0.08037,0.09966,0.09358,0.26836,-0.20891,-0.00095,-0.0089,-0.14396,0.05279,0.11873,0.46473,-0.37489,-0.01474,0.00996
4.42,-0.01248,-0.00117,0.00552,-0.01043,0.02791,-0.0129,-0.06869,0.03,-0.01823,0.0178,-0.09513,-1e-05,0.01881,0.02915,-0.04992,-0.02105,0.27547,-0.02874,0.03607,0.03076,0.04774,-0.12118,-0.0214,-0.0597,-0.0697,0.08711,-0.08998,0.09813,0.07749,0.31478,-0.23684,0.00905,-0.00508,-0.15793,0.0544,0.11642,0.52178,-0.40728,-0.02329,0.00713
4.44,-0.01789,-0.00233,0.00682,-0.01443,0.02955,-0.01538,-0.08679,0.03159,-0.02919,0.01953,-0.09442,-1e-05,0.02339,0.0259,-0.0373,-0.01439,0.23486,-0.00757,0.02759,0.03743,0.05521,-0.14065,-0.01689,-0.02294,-0.04302,0.09963,-0.09736,0.09087,0.05656,0.34095,-0.24823,0.0159,-0.00216,-0.16501,0.05045,0.10389,0.54685,-0.41625,-0.02808,0.00513
4.46,-0.02217,-0.00323,0.00788,-0.01755,0.03212,-0.01736,-0.10191,0.03275,-0.03813,0.01533,-0.09338,-1e-05,0.02702,0.02664,-0.03182,-0.00956,0.20867,0.0101,0.01884,0.03949,0.05501,-0.14086,-0.01017,0.00234,-0.0214,0.10225,-0.1021,0.07921,0.03257,0.34618,-0.24355,0.01985,-3e-05,-0.16496,0.04099,0.08136,0.54001,-0.40264,-0.02919,0.00393
4.48,-0.02518,-0.00385,0.00865,-0.01984,0.03528,-0.0189,-0.11333,0.03322,-0.04431,0.00569,-0.09083,-1e-05,0.02903,0.03014,-0.03276,-0.00579,0.19425,0.0252,0.00898,0.03762,0.04876,-0.12583,-0.00159,0.01831,-0.0037,0.09671,-0.10398,0.0647,0.0075,0.33239,-0.22517,0.02134,0.00142,-0.15833,0.02712,0.05096,0.5052,-0.36991,-0.02716,0.00345
4.5,-0.02688,-0.00421,0.00913,-0.02131,0.0385,-0.02005,-0.12035,0.03285,-0.04723,-0.00797,-0.08576,-1e-05,0.02892,0.03482,-0.03873,-0.00232,0.18721,0.0385,-0.00201,0.03298,0.03859,-0.10098,0.00787,0.02703,0.01097,0.0853,-0.10292,0.04918,-0.01633,0.30368,-0.19707,0.02093,0.00231,-0.14636,0.01092,0.01658,0.44971,-0.32379,-0.0229,0.00346
4.52,-0.02729,-0.00436,0.00928,-0.02198,0.04114,-0.02084,-0.12244,0.03149,-0.04664,-0.02372,-0.07746,-1e-05,0.02635,0.03899,-0.04795,0.00156,0.18243,0.05055,-0.01357,0.0269,0.02677,-0.07214,0.01695,0.03036,0.0233,0.07046,-0.09898,0.03446,-0.03662,0.26528,-0.16402,0.01923,0.00276,-0.1307,-0.00507,-0.01707,0.38247,-0.27106,-0.0175,0.00374
4.54,-0.02648,-0.00434,0.00913,-0.02186,0.04271,-0.02129,-0.11935,0.0291,-0.04255,-0.0397,-0.06558,-1e-05,0.02123,0.04132,-0.05877,0.00634,0.17549,0.06168,-0.02498,0.02056,0.01526,-0.04427,0.02459,0.02977,0.03372,0.05431,-0.0923,0.02191,-0.05167,0.22213,-0.13026,0.01682,0.00288,-0.11291,-0.01871,-0.04596,0.31157,-0.21771,-0.01193,0.00407
4.56,-0.02459,-0.00419,0.00869,-0.021,0.04291,-0.02141,-0.11137,0.02572,-0.03536,-0.05448,-0.05031,-1e-05,0.01379,0.04111,-0.06984,0.01221,0.16365,0.0719,-0.03554,0.01479,0.00535,-0.02066,0.0302,0.02642,0.04245,0.03845,-0.08322,0.01219,-0.06071,0.17797,-0.09876,0.01415,0.00278,-0.09426,-0.02873,-0.06768,0.24289,-0.16783,-0.00685,0.0043
4.58,-0.02184,-0.00394,0.00801,-0.01948,0.04171,-0.0212,-0.09932,0.02148,-0.02585,-0.06702,-0.03252,-1e-05,0.0046,0.03836,-0.08012,0.01896,0.14617,0.08085,-0.04463,0.00997,-0.0023,-0.00293,0.03374,0.02107,0.04946,0.02391,-0.07227,0.00532,-0.06397,0.13553,-0.0713,0.0116,0.00259,-0.07584,-0.03479,-0.08146,0.18018,-0.12379,-0.00262,0.00437
4.6,-0.0185,-0.00358,0.00717,-0.01741,0.03932,-0.02067,-0.08457,0.01668,-0.01519,-0.07654,-0.01375,-1e-05,-0.0054,0.03367,-0.08882,0.02606,0.12421,0.0878,-0.05155,0.00622,-0.00753,0.00871,0.03558,0.01415,0.05439,0.01142,-0.06022,0.00073,-0.06243,0.09686,-0.04873,0.00943,0.0024,-0.05862,-0.03733,-0.08789,0.12576,-0.08668,0.00063,0.00426
4.62,-0.0149,-0.00313,0.00625,-0.0149,0.03604,-0.01978,-0.06876,0.01163,-0.00475,-0.08253,0.00413,-1e-05,-0.01514,0.028,-0.09538,0.03284,0.10006,0.09194,-0.05562,0.00336,-0.01053,0.01498,0.0364,0.00575,0.05681,0.00136,-0.04794,-0.00242,-0.05746,0.06343,-0.0313,0.00787,0.00234,-0.04343,-0.03723,-0.08839,0.08081,-0.05669,0.00296,0.00402
4.64,-0.01134,-0.00261,0.00533,-0.01208,0.0322,-0.01854,-0.05334,0.00664,0.00428,-0.08474,0.01948,-1e-05,-0.02381,0.0223,-0.09957,0.03885,0.07603,0.09281,-0.05629,0.00108,-0.0116,0.01715,0.03698,-0.00432,0.05658,-0.00612,-0.03612,-0.005,-0.05037,0.03618,-0.01885,0.00709,0.00249,-0.0308,-0.03548,-0.08453,0.04562,-0.03344,0.0045,0.00371
4.66,-0.00806,-0.00204,0.00448,-0.00902,0.02799,-0.01692,-0.03931,0.00194,0.01108,-0.08322,0.03123,-1e-05,-0.03107,0.01723,-0.10147,0.04414,0.05379,0.09073,-0.05321,-0.00104,-0.01103,0.0167,0.03808,-0.01655,0.05414,-0.01113,-0.02516,-0.00771,-0.04204,0.01549,-0.011,0.00721,0.00293,-0.02088,-0.0329,-0.07774,0.01972,-0.0162,0.00539,0.00335
4.68,-0.00524,-0.00148,0.00373,-0.00583,0.02357,-0.01494,-0.02731,-0.00233,0.01516,-0.07837,0.03887,-0,-0.03707,0.01315,-0.10153,0.04924,0.03436,0.08681,-0.04627,-0.00347,-0.00908,0.01521,0.04038,-0.03156,0.05055,-0.01393,-0.01518,-0.01101,-0.03299,0.00142,-0.00729,0.00831,0.00371,-0.01347,-0.03013,-0.06917,0.00221,-0.0041,0.00578,0.00299
4.7,-0.00307,-0.00101,0.00312,-0.00261,0.01902,-0.01265,-0.0177,-0.00603,0.01636,-0.07083,0.04232,-0,-0.04228,0.0102,-0.10045,0.05504,0.01832,0.08292,-0.03563,-0.00674,-0.00596,0.01435,0.04451,-0.05001,0.04742,-0.01491,-0.00616,-0.0151,-0.02336,-0.00609,-0.00723,0.01043,0.00485,-0.00817,-0.0276,-0.05973,-0.00799,0.00368,0.0058,0.00265
4.72,-0.00169,-0.00072,0.00268,0.00049,0.0144,-0.01013,-0.01065,-0.00905,0.01472,-0.06144,0.04183,-0,-0.04734,0.00834,-0.09895,0.06246,0.00595,0.08115,-0.02172,-0.01128,-0.00184,0.01558,0.05088,-0.07238,0.04652,-0.01444,0.00192,-0.01992,-0.01309,-0.0072,-0.01028,0.01355,0.00635,-0.00446,-0.0256,-0.05019,-0.01203,0.00788,0.00553,0.00234
4.74,-0.00117,-0.00067,0.00243,0.00336,0.00979,-0.00749,-0.00613,-0.01128,0.0105,-0.05108,0.03783,-0,-0.0527,0.00736,-0.09742,0.07205,-0.00268,0.08327,-0.00524,-0.01736,0.0031,0.01988,0.05963,-0.09869,0.0492,-0.01279,0.009,-0.02525,-0.00201,-0.00215,-0.01583,0.01757,0.00817,-0.00187,-0.02424,-0.04108,-0.01108,0.0092,0.00507,0.00206
4.76,-0.00148,-0.00085,0.00237,0.0059,0.00525,-0.0049,-0.00391,-0.01262,0.00416,-0.04058,0.03098,-0,-0.05844,0.00697,-0.09575,0.08361,-0.00761,0.0902,0.01272,-0.02496,0.00868,0.0274,0.07042,-0.12822,0.05596,-0.01004,0.01481,-0.03063,0.0101,0.00869,-0.02308,0.02229,0.01024,2e-05,-0.02347,-0.03279,-0.00637,0.0083,0.00448,0.00182
4.78,-0.00248,-0.00124,0.00246,0.008,0.00091,-0.00259,-0.00362,-0.01299,-0.00356,-0.03081,0.02211,-0,-0.06418,0.00678,-0.09322,0.09604,-0.00896,0.10186,0.03058,-0.03367,0.01466,0.03744,0.08242,-0.15925,0.06632,-0.00609,0.01877,-0.03537,0.02333,0.02467,-0.03097,0.02735,0.01241,0.00146,-0.02307,-0.02561,0.00087,0.00585,0.00379,0.0016
4.8,-0.00395,-0.00175,0.00268,0.00955,-0.00299,-0.00083,-0.00476,-0.0123,-0.01172,-0.02273,0.01228,-0,-0.06905,0.00634,-0.08868,0.10735,-0.00685,0.11726,0.04619,-0.04273,0.02069,0.04845,0.0942,-0.18896,0.07888,-0.00069,0.02006,-0.03858,0.03759,0.04491,-0.03824,0.03223,0.01448,0.00261,-0.0227,-0.01979,0.00932,0.00248,0.00306,0.00139
4.82,-0.0056,-0.00225,0.00298,0.01044,-0.00622,7e-05,-0.00678,-0.01047,-0.01926,-0.01721,0.00258,-0,-0.07199,0.00523,-0.08087,0.11518,-0.0015,0.13471,0.05731,-0.05115,0.02633,0.05849,0.10404,-0.21411,0.09171,0.00641,0.01785,-0.03932,0.05261,0.06819,-0.04359,0.03634,0.01622,0.00349,-0.02198,-0.01549,0.01772,-0.00121,0.0023,0.00117
4.84,-0.00718,-0.00265,0.0033,0.01062,-0.00856,-7e-05,-0.0092,-0.00751,-0.0253,-0.01478,-0.0061,-0,-0.07211,0.00323,-0.06905,0.11746,0.00669,0.15223,0.0623,-0.05803,0.03119,0.06592,0.11034,-0.23198,0.10292,0.01529,0.01172,-0.03697,0.06792,0.09304,-0.04605,0.0392,0.01744,0.00411,-0.02053,-0.01265,0.02502,-0.00476,0.00152,0.00092
4.86,-0.00846,-0.00292,0.00359,0.01013,-0.00989,-0.00125,-0.01158,-0.00357,-0.02933,-0.01546,-0.01329,-0,-0.06898,0.00039,-0.05339,0.11297,0.01699,0.16779,0.06061,-0.06272,0.03487,0.06978,0.11187,-0.24113,0.11103,0.02571,0.00199,-0.03145,0.08291,0.11763,-0.04524,0.0405,0.01801,0.00449,-0.01809,-0.01093,0.03047,-0.00782,0.00074,0.00063
4.88,-0.0093,-0.00302,0.00379,0.00913,-0.0102,-0.00325,-0.01362,0.00102,-0.03114,-0.0187,-0.01885,-0,-0.06267,-0.00286,-0.03523,0.10144,0.02824,0.17924,0.05291,-0.06485,0.037,0.06994,0.10778,-0.2414,0.11501,0.03697,-0.01015,-0.02335,0.09664,0.13958,-0.0414,0.04017,0.0179,0.00466,-0.01455,-0.00969,0.03355,-0.01018,-6e-05,0.0003
4.9,-0.00957,-0.00301,0.00383,0.00785,-0.00957,-0.00566,-0.01504,0.00578,-0.03085,-0.02344,-0.02292,-0,-0.05377,-0.00581,-0.01697,0.08353,0.03882,0.18426,0.04089,-0.06425,0.0372,0.0669,0.09768,-0.23368,0.11417,0.04797,-0.02271,-0.01381,0.10783,0.1559,-0.03532,0.03828,0.01711,0.00466,-0.00994,-0.00804,0.034,-0.01169,-0.00085,-7e-05
4.92,-0.0092,-0.00294,0.00365,0.00658,-0.0081,-0.00799,-0.01565,0.01014,-0.02874,-0.02844,-0.02576,-0,-0.04324,-0.00766,-0.00147,0.06059,0.04666,0.18077,0.02671,-0.06098,0.0352,0.06154,0.08162,-0.21916,0.10824,0.05751,-0.03337,-0.00428,0.11512,0.1636,-0.02811,0.03505,0.01572,0.00456,-0.00439,-0.00509,0.03172,-0.01228,-0.00165,-0.00048
4.94,-0.00818,-0.00284,0.00321,0.00555,-0.00598,-0.00982,-0.01531,0.01361,-0.02518,-0.03261,-0.02759,-0,-0.03215,-0.00781,0.00895,0.03444,0.04943,0.16768,0.01213,-0.05536,0.03089,0.05471,0.06028,-0.19841,0.09749,0.06484,-0.04025,0.00401,0.11753,0.16064,-0.02076,0.03073,0.01383,0.00443,0.00187,-0.0002,0.02678,-0.01196,-0.00243,-0.00092
4.96,-0.00655,-0.00277,0.00252,0.00491,-0.00343,-0.0109,-0.01393,0.01589,-0.02056,-0.0353,-0.02843,-0,-0.02167,-0.00612,0.0132,0.00718,0.04462,0.14536,-0.00205,-0.04805,0.02454,0.04695,0.03516,-0.17085,0.08284,0.07002,-0.04237,0.01031,0.11482,0.14664,-0.01399,0.02559,0.01155,0.00436,0.00859,0.00679,0.01949,-0.01082,-0.00319,-0.00137
4.98,-0.00441,-0.00271,0.00163,0.00472,-0.00074,-0.01117,-0.01152,0.01686,-0.01529,-0.03634,-0.02814,-0,-0.01302,-0.00296,0.01149,-0.01855,0.02954,0.11597,-0.01595,-0.04011,0.01681,0.03853,0.00878,-0.13471,0.066,0.07397,-0.03982,0.0144,0.10751,0.12315,-0.00819,0.01997,0.00902,0.00444,0.01537,0.01547,0.01041,-0.00904,-0.00391,-0.00181
5,-0.00198,-0.00265,0.00065,0.00492,0.00175,-0.01075,-0.00816,0.01657,-0.00986,-0.03597,-0.02633,-0,-0.00759,0.00082,0.0052,-0.03946,0.00136,0.08333,-0.03052,-0.03297,0.00874,0.02948,-0.0152,-0.08736,0.04946,0.07831,-0.03357,0.01646,0.09685,0.09346,-0.0035,0.01427,0.00643,0.0048,0.02172,0.02488,0.00038,-0.00685,-0.00456,-0.00223
5.02,0.00052,-0.00256,-0.00032,0.00543,0.00369,-0.00984,-0.00403,0.01514,-0.00472,-0.03474,-0.02246,0,-0.00677,0.00398,-0.00361,-0.05165,-0.04292,0.0519,-0.0472,-0.0283,0.0017,0.0197,-0.03227,-0.02534,0.03604,0.08511,-0.02515,0.01691,0.08436,0.0618,7e-05,0.0089,0.004,0.00547,0.0271,0.03374,-0.0096,-0.00456,-0.0051,-0.0026
5.04,0.00284,-0.00241,-0.00116,0.00606,0.00488,-0.00872,0.00059,0.01277,-0.00016,-0.03337,-0.01593,0,-0.01168,0.00505,-0.01276,-0.05093,-0.10644,0.02535,-0.06769,-0.02769,-0.00291,0.00907,-0.03757,0.0554,0.02814,0.09645,-0.01616,0.0162,0.07128,0.03203,0.00264,0.00422,0.00188,0.00638,0.03112,0.04091,-0.01858,-0.00243,-0.00553,-0.00289
5.06,0.00478,-0.00215,-0.00182,0.00664,0.00532,-0.00762,0.00531,0.00968,0.00375,-0.03265,-0.0061,0,-0.02298,0.00241,-0.02043,-0.03302,-0.19224,0.00556,-0.09363,-0.03242,-0.00374,-0.00247,-0.02632,0.15917,0.02728,0.11408,-0.00803,0.01463,0.05815,0.00693,0.00432,0.00042,0.00019,0.00726,0.03363,0.0456,-0.02581,-0.00067,-0.00583,-0.00311
5.08,0.00619,-0.00176,-0.00228,0.0069,0.00525,-0.00676,0.00953,0.00613,0.00714,-0.03343,0.00756,0,-0.04074,-0.00565,-0.0251,0.00634,-0.30262,-0.00749,-0.12636,-0.04344,0.00047,-0.01479,0.00615,0.28973,0.03399,0.13927,-0.00191,0.01231,0.04489,-0.01183,0.00525,-0.00238,-0.00104,0.00762,0.03476,0.04743,-0.03063,0.00055,-0.00605,-0.00326
5.1,0.0069,-0.00121,-0.00257,0.00659,0.00511,-0.00639,0.01252,0.00243,0.01031,-0.03662,0.02547,-0,-0.06434,-0.02092,-0.02551,0.07118,-0.43824,-0.01534,-0.16669,-0.06128,0.01093,-0.02749,0.06421,0.44923,0.04792,0.17258,0.00114,0.00924,0.03091,-0.02343,0.00551,-0.00415,-0.00177,0.00677,0.03484,0.04631,-0.03249,0.00112,-0.00622,-0.00336
5.12,0.00679,-0.00048,-0.00274,0.00545,0.00548,-0.0067,0.01348,-0.00109,0.01359,-0.04308,0.04786,-0,-0.09241,-0.04516,-0.02054,0.16509,-0.59695,-0.02057,-0.21454,-0.086,0.02875,-0.03985,0.15177,0.63686,0.06783,0.21369,0.00024,0.00539,0.01545,-0.02767,0.00521,-0.00492,-0.00205,0.00391,0.03429,0.04239,-0.03096,0.00097,-0.00641,-0.00343
5.14,0.0058,0.00044,-0.00284,0.00333,0.007,-0.00791,0.01176,-0.00414,0.01713,-0.05354,0.07478,-0,-0.12275,-0.0799,-0.00907,0.29069,-0.77226,-0.02619,-0.26863,-0.11697,0.05497,-0.05081,0.27173,0.8473,0.09179,0.26104,-0.0053,0.00078,-0.00203,-0.02484,0.00444,-0.00479,-0.00191,-0.00175,0.03346,0.03588,-0.02585,8e-05,-0.00663,-0.00348
5.16,0.00398,0.00158,-0.00297,0.00026,0.01028,-0.01017,0.00704,-0.00654,0.02085,-0.0684,0.10605,-0,-0.1521,-0.12623,0.01001,0.44886,-0.95174,-0.0352,-0.32606,-0.15271,0.09034,-0.05896,0.42528,1.06878,0.11708,0.31147,-0.01596,-0.00432,-0.02156,-0.01567,0.00328,-0.00388,-0.00142,-0.01086,0.0326,0.02702,-0.01726,-0.00144,-0.0069,-0.00353
5.18,0.00148,0.00294,-0.00321,-0.00353,0.0159,-0.01362,-0.00062,-0.00814,0.02433,-0.08769,0.14092,-1e-05,-0.17591,-0.18438,0.03775,0.63747,-1.11516,-0.05039,-0.38168,-0.19054,0.13512,-0.06243,0.61062,1.281,0.14002,0.35977,-0.03186,-0.0094,-0.04244,-0.00129,0.00187,-0.00239,-0.0007,-0.02384,0.03174,0.01613,-0.00573,-0.00342,-0.00719,-0.00357
5.2,-0.00143,0.0045,-0.00365,-0.00758,0.02431,-0.0183,-0.01077,-0.00888,0.02683,-0.11085,0.17801,-1e-05,-0.18827,-0.25352,0.07497,0.85059,-1.2348,-0.07427,-0.42817,-0.2264,0.18888,-0.05895,0.82217,1.45497,0.15595,0.39867,-0.05275,-0.0137,-0.06314,0.01666,0.00035,-0.00059,0.00015,-0.04079,0.03081,0.00364,0.00782,-0.00556,-0.00743,-0.00357
5.22,-0.00441,0.00622,-0.00436,-0.01134,0.0356,-0.02418,-0.0225,-0.00879,0.02755,-0.1368,0.21555,-2e-05,-0.18251,-0.33209,0.12245,1.07983,-1.28135,-0.10876,-0.45759,-0.25521,0.25072,-0.04656,1.05138,1.55867,0.15982,0.4203,-0.07771,-0.01636,-0.08168,0.03629,-0.00113,0.00126,0.00097,-0.06128,0.02964,-0.00984,0.02213,-0.00753,-0.00754,-0.0035
5.24,-0.00714,0.008,-0.00538,-0.01424,0.04925,-0.03106,-0.0344,-0.00808,0.02587,-0.16383,0.25195,-2e-05,-0.15232,-0.4184,0.18108,1.31679,-1.2337,-0.15494,-0.464,-0.2714,0.31976,-0.02452,1.2886,1.56651,0.14728,0.41869,-0.10503,-0.01678,-0.09621,0.05561,-0.00247,0.00294,0.00168,-0.08405,0.02806,-0.02359,0.03588,-0.00905,-0.00746,-0.00336
5.26,-0.00934,0.00967,-0.00665,-0.01586,0.06378,-0.03858,-0.04454,-0.00721,0.02165,-0.18953,0.28606,-3e-05,-0.09264,-0.51076,0.25179,1.55394,-1.08597,-0.2125,-0.44525,-0.26938,0.39518,0.0059,1.5235,1.46605,0.11549,0.39143,-0.13186,-0.01478,-0.10537,0.07271,-0.00363,0.00429,0.00218,-0.10675,0.02601,-0.03671,0.04773,-0.00993,-0.00714,-0.00313
5.28,-0.01077,0.011,-0.00802,-0.01586,0.07668,-0.04612,-0.0503,-0.0069,0.01527,-0.21054,0.31699,-3e-05,-0.00021,-0.60688,0.33506,1.78309,-0.85017,-0.27936,-0.40358,-0.24357,0.47571,0.041,1.74337,1.26005,0.06343,0.34028,-0.15396,-0.01066,-0.10826,0.08561,-0.0046,0.00523,0.00248,-0.1257,0.02352,-0.04798,0.05627,-0.01006,-0.00658,-0.0028
5.3,-0.01126,0.01167,-0.00928,-0.01401,0.0844,-0.05278,-0.04849,-0.00809,0.00759,-0.22261,0.34383,-4e-05,0.12608,-0.70324,0.43046,1.99394,-0.55475,-0.3514,-0.34511,-0.18847,0.5592,0.0747,1.93201,0.96566,-0.0079,0.27089,-0.16585,-0.00521,-0.10442,0.0922,-0.00547,0.00577,0.00257,-0.136,0.02071,-0.0559,0.06001,-0.00946,-0.00582,-0.00241
5.32,-0.01063,0.01138,-0.01016,-0.01017,0.08333,-0.05765,-0.03612,-0.01166,-0.00025,-0.22142,0.36566,-4e-05,0.28542,-0.79557,0.53686,2.17528,-0.23676,-0.42328,-0.27803,-0.09931,0.64293,0.09946,2.07208,0.60982,-0.09578,0.19142,-0.16206,0.00058,-0.09383,0.09064,-0.00627,0.00591,0.0025,-0.13272,0.01776,-0.05901,0.05764,-0.00816,-0.00491,-0.00197
5.34,-0.00885,0.00995,-0.01049,-0.00431,0.07107,-0.06012,-0.01146,-0.01816,-0.00724,-0.20397,0.38182,-5e-05,0.47541,-0.87985,0.65299,2.31804,0.07026,-0.48987,-0.20984,0.027,0.72455,0.10772,2.14984,0.22253,-0.19606,0.11044,-0.13922,0.00576,-0.07705,0.07997,-0.00707,0.00572,0.0023,-0.11275,0.01481,-0.05643,0.04849,-0.00625,-0.00391,-0.00152
5.36,-0.00597,0.00746,-0.01022,0.00348,0.04745,-0.06015,0.02507,-0.02747,-0.01271,-0.16967,0.384,-5e-05,0.69157,-0.9528,0.77745,2.41697,0.34334,-0.54693,-0.14572,0.19059,0.80234,0.09293,2.15828,-0.16632,-0.30308,0.03582,-0.0975,0.00963,-0.05536,0.06059,-0.00784,0.00527,0.00203,-0.07615,0.01185,-0.04835,0.03294,-0.00379,-0.00286,-0.00108
5.38,-0.00222,0.00422,-0.00945,0.01286,0.01492,-0.05828,0.07037,-0.03869,-0.01634,-0.1208,0.384,-4e-05,0.92575,-1.01139,0.90774,2.47018,0.5699,-0.59092,-0.08865,0.38731,0.87476,0.04982,2.09763,-0.52486,-0.40883,-0.02496,-0.04133,0.01175,-0.03101,0.03453,-0.00848,0.00465,0.00171,-0.02676,0.00879,-0.03612,0.0126,-0.00089,-0.00182,-0.00066
5.4,0.00203,0.00083,-0.00843,0.0233,-0.02168,-0.05559,0.11889,-0.0502,-0.01809,-0.06233,0.384,-4e-05,1.16506,-1.05229,1.03951,2.47807,0.74469,-0.61835,-0.03995,0.60804,0.93982,-0.02543,1.97437,-0.81755,-0.50261,-0.06457,0.02094,0.01188,-0.00714,0.00533,-0.00885,0.00396,0.00141,0.02812,0.00545,-0.02215,-0.00977,0.00231,-0.00083,-0.00029
5.42,0.00633,-0.00204,-0.00744,0.03412,-0.05642,-0.05337,0.16397,-0.06008,-0.01814,-0.00057,0.384,-4e-05,1.39385,-1.07196,1.16682,2.44261,0.86689,-0.62528,0.0004,0.84062,0.99509,-0.13482,1.79892,-1.01,-0.57262,-0.07694,0.07929,0.00997,0.0128,-0.0228,-0.00877,0.0033,0.00115,0.07965,0.00166,-0.00924,-0.03087,0.00566,3e-05,-0
5.44,0.01026,-0.00383,-0.00677,0.04467,-0.08432,-0.05264,0.20007,-0.0667,-0.01675,0.05898,0.37368,-3e-05,1.59752,-1.06723,1.28321,2.36701,0.93738,-0.60697,0.03369,1.0732,1.03811,-0.2778,1.58244,-1.07813,-0.60882,-0.05938,0.12533,0.00605,0.02608,-0.04624,-0.00816,0.00276,0.00096,0.12046,-0.00266,0.00037,-0.04794,0.00901,0.00072,0.0002
5.46,0.01353,-0.00426,-0.00653,0.05442,-0.10269,-0.05384,0.22415,-0.06923,-0.01427,0.11286,0.35581,-3e-05,1.76459,-1.03583,1.38208,2.25596,0.95678,-0.55772,0.0623,1.29575,1.06652,-0.4502,1.33553,-1.01452,-0.6049,-0.01419,0.1545,0.00025,0.03135,-0.06282,-0.00702,0.00241,0.00087,0.14651,-0.00744,0.00564,-0.05928,0.01218,0.00122,0.00031
5.48,0.01593,-0.00336,-0.00677,0.06288,-0.11127,-0.05678,0.23587,-0.06763,-0.01109,0.15956,0.33387,-2e-05,1.88574,-0.97659,1.45593,2.11628,0.92454,-0.4711,0.08946,1.49877,1.07789,-0.6428,1.0697,-0.83009,-0.55864,0.05065,0.16639,-0.00718,0.02873,-0.07186,-0.00552,0.00227,0.00087,0.15743,-0.01241,0.00688,-0.06439,0.01498,0.00151,0.00034
5.5,0.01735,-0.00143,-0.00738,0.06957,-0.11183,-0.06068,0.23707,-0.06258,-0.00769,0.19895,0.30904,-2e-05,1.95265,-0.88955,1.496,1.95727,0.83927,-0.34041,0.11881,1.67174,1.06947,-0.84075,0.79861,-0.55253,-0.47149,0.12203,0.164,-0.01586,0.01961,-0.07387,-0.00396,0.00234,0.00097,0.15581,-0.01706,0.00549,-0.06376,0.0172,0.00157,0.00028
5.52,0.01772,0.00109,-0.00821,0.074,-0.10726,-0.06444,0.23085,-0.05518,-0.00459,0.23169,0.28264,-1e-05,1.95856,-0.7758,1.49385,1.78924,0.70075,-0.15969,0.1538,1.80372,1.03827,-1.02592,0.53643,-0.22036,-0.34745,0.18449,0.15228,-0.02524,0.00621,-0.07018,-0.00268,0.0026,0.00115,0.146,-0.02084,0.00341,-0.05848,0.01861,0.00142,0.00017
5.54,0.01708,0.00375,-0.00912,0.07584,-0.10045,-0.06702,0.22041,-0.04652,-0.00233,0.2587,0.2557,-1e-05,1.90021,-0.63715,1.4444,1.62078,0.51338,0.07501,0.19681,1.8855,0.98155,-1.18117,0.29421,0.12552,-0.1915,0.22444,0.13622,-0.03472,-0.00915,-0.06228,-0.00197,0.00304,0.0014,0.13231,-0.02335,0.00226,-0.04982,0.01904,0.00108,1e-05
5.56,0.01552,0.00627,-0.01,0.0749,-0.09347,-0.06773,0.20827,-0.03745,-0.00142,0.28072,0.22877,-1e-05,1.77954,-0.47651,1.34821,1.45764,0.28922,0.36373,0.24843,1.91089,0.89731,-1.29273,0.0782,0.44641,-0.00925,0.23301,0.11949,-0.04364,-0.02434,-0.0516,-0.00196,0.0036,0.00168,0.11795,-0.02452,0.0028,-0.03897,0.01846,0.00059,-0.00015
5.58,0.01328,0.00847,-0.0108,0.07123,-0.08745,-0.06627,0.19616,-0.02854,-0.00236,0.29797,0.20208,-0,1.60477,-0.29907,1.21268,1.30355,0.05048,0.70018,0.30694,1.87666,0.78495,-1.34989,-0.10891,0.70442,0.19195,0.2066,0.10431,-0.05118,-0.03747,-0.03943,-0.00263,0.00423,0.00199,0.10481,-0.02462,0.00478,-0.02706,0.01696,5e-05,-0.00029
5.6,0.01067,0.01029,-0.01151,0.06505,-0.08266,-0.06268,0.18517,-0.02021,-0.00563,0.31011,0.17578,-0,1.3904,-0.1131,1.05167,1.16153,-0.17079,1.07076,0.36818,1.78209,0.64575,-1.34423,-0.26599,0.8613,0.40213,0.14638,0.09163,-0.05635,-0.04681,-0.02697,-0.00382,0.00486,0.00227,0.09366,-0.0242,0.00708,-0.01517,0.01474,-0.00043,-0.00038
5.62,0.00804,0.01173,-0.01214,0.05667,-0.07882,-0.05722,0.17576,-0.01275,-0.01158,0.31652,0.14996,-0,1.15442,0.07148,0.88216,1.03367,-0.33927,1.45851,0.42654,1.62882,0.48248,-1.2708,-0.39271,0.88362,0.61026,0.05707,0.08147,-0.05821,-0.05089,-0.01528,-0.00528,0.00541,0.00249,0.08443,-0.02391,0.00815,-0.00429,0.0121,-0.00073,-0.00037
5.64,0.00568,0.01285,-0.01272,0.04647,-0.07531,-0.05021,0.16789,-0.00633,-0.02027,0.31692,0.1247,-0,0.91383,0.24579,0.71891,0.92015,-0.42725,1.84996,0.47662,1.42099,0.29858,-1.13053,-0.48939,0.75216,0.80746,-0.05467,0.07328,-0.05611,-0.04885,-0.00512,-0.00678,0.00582,0.00262,0.07657,-0.02428,0.00675,0.00492,0.00926,-0.00077,-0.00024
5.66,0.00377,0.01372,-0.01327,0.03476,-0.07144,-0.04196,0.16107,-0.00103,-0.03129,0.31178,0.10007,-0,0.68246,0.40335,0.57145,0.81885,-0.42189,2.23855,0.51417,1.16621,0.09831,-0.9326,-0.55681,0.46929,0.98848,-0.18079,0.06628,-0.04997,-0.04064,0.00316,-0.00817,0.00606,0.00266,0.06929,-0.02551,0.00243,0.01216,0.00643,-0.00051,1e-05
5.68,0.00238,0.01441,-0.01381,0.02197,-0.06655,-0.03276,0.15443,0.00307,-0.04369,0.30246,0.07637,-0,0.47222,0.53914,0.44437,0.72604,-0.32688,2.62262,0.53611,0.87757,-0.11179,-0.69636,-0.59544,0.06247,1.15066,-0.3112,0.05954,-0.04038,-0.02715,0.00951,-0.00937,0.00614,0.00261,0.06169,-0.02744,-0.00437,0.01755,0.00371,2e-05,0.00036
5.7,0.00145,0.01499,-0.01433,0.00864,-0.06,-0.023,0.14682,0.00593,-0.05594,0.29112,0.05427,-0,0.29446,0.64852,0.33885,0.63741,-0.16026,3.00184,0.53994,0.57435,-0.32194,-0.45098,-0.60499,-0.41749,1.29255,-0.43335,0.05213,-0.0285,-0.01013,0.01417,-0.01035,0.00609,0.00249,0.05284,-0.02957,-0.01233,0.02142,0.00119,0.00073,0.00075
5.72,0.00092,0.01551,-0.01483,-0.00464,-0.05134,-0.01308,0.13707,0.0075,-0.06629,0.28035,0.03459,-0,0.15874,0.72781,0.25384,0.54879,0.05248,3.3748,0.52329,0.27806,-0.52106,-0.2295,-0.58461,-0.9091,1.41372,-0.53429,0.0432,-0.01583,0.00822,0.0175,-0.01115,0.00594,0.00234,0.042,-0.03127,-0.01977,0.02427,-0.00107,0.00151,0.00115
5.74,0.00066,0.01603,-0.01528,-0.01739,-0.04039,-0.00337,0.12433,0.00784,-0.07322,0.27255,0.01795,-0,0.06965,0.77597,0.18689,0.45682,0.28823,3.73754,0.48335,0.00558,-0.70049,-0.05913,-0.5338,-1.35952,1.51566,-0.60426,0.03227,-0.00371,0.02586,0.01986,-0.01176,0.00573,0.0022,0.02876,-0.03199,-0.0253,0.0266,-0.00306,0.00224,0.00148
5.76,0.00058,0.01655,-0.01563,-0.02933,-0.02744,0.00579,0.10829,0.00719,-0.07578,0.2696,0.00448,-0,0.02484,0.79576,0.13496,0.35959,0.53201,4.08126,0.41668,-0.23473,-0.85601,0.04484,-0.45323,-1.73637,1.602,-0.63904,0.01936,0.00691,0.04125,0.02162,-0.01219,0.0055,0.00207,0.01329,-0.03148,-0.02824,0.02877,-0.00478,0.00284,0.00172
5.78,0.00061,0.01707,-0.01584,-0.04028,-0.01331,0.01405,0.08941,0.00595,-0.07368,0.27278,-0.00607,-0,0.01498,0.79373,0.09508,0.25759,0.7768,4.38902,0.31963,-0.44211,-0.98713,0.07969,-0.34549,-2.0278,1.6779,-0.64014,0.00511,0.01546,0.05329,0.02303,-0.01239,0.00526,0.00196,-0.00354,-0.0298,-0.02873,0.03099,-0.00627,0.00325,0.00185
5.8,0.00068,0.01757,-0.01584,-0.05011,0.00056,0.021,0.06892,0.00467,-0.06716,0.2828,-0.01424,-0,0.0251,0.77944,0.06476,0.15412,1.02095,4.63461,0.1889,-0.62082,-1.09553,0.05316,-0.2153,-2.23755,1.74916,-0.61383,-0.00916,0.02167,0.06127,0.02426,-0.0123,0.00503,0.00188,-0.02011,-0.02731,-0.02758,0.03329,-0.00754,0.00344,0.00186
5.82,0.00075,0.01799,-0.01554,-0.05867,0.01255,0.02622,0.04843,0.00394,-0.05681,0.29987,-0.02067,-0,0.03753,0.76342,0.04207,0.05415,1.26565,4.78782,0.02265,-0.77794,-1.18397,-0.0204,-0.06857,-2.37847,1.82143,-0.56892,-0.02185,0.02543,0.06471,0.02539,-0.01183,0.0048,0.00182,-0.03448,-0.02453,-0.02601,0.0356,-0.00863,0.00339,0.00175
5.84,0.00081,0.01827,-0.01492,-0.06587,0.02129,0.02942,0.02933,0.00425,-0.04341,0.32365,-0.02602,-0,0.03612,0.75428,0.02542,-0.03777,1.5124,4.82423,-0.17828,-0.92124,-1.25551,-0.12487,0.08921,-2.46512,1.89953,-0.51385,-0.0316,0.02681,0.06343,0.02643,-0.01093,0.00457,0.00176,-0.04505,-0.02193,-0.02514,0.03774,-0.00956,0.0031,0.00155
5.86,0.00084,0.01837,-0.01395,-0.07169,0.02608,0.03056,0.01248,0.00584,-0.02777,0.35314,-0.03087,-0,0.00896,0.7568,0.01339,-0.11867,1.76034,4.73206,-0.40868,-1.05741,-1.31288,-0.24517,0.25358,-2.50873,1.98672,-0.45489,-0.03766,0.02597,0.05757,0.02732,-0.00957,0.00435,0.00172,-0.05094,-0.01986,-0.02573,0.03956,-0.01036,0.00261,0.00126
5.88,0.00086,0.01824,-0.0127,-0.07609,0.0269,0.02986,-0.00182,0.00868,-0.01084,0.38646,-0.03563,-0,-0.05073,0.77147,0.00483,-0.18679,2.00381,4.51419,-0.65693,-1.19054,-1.35775,-0.36723,0.42005,-2.51524,2.08388,-0.39612,-0.03992,0.02319,0.04758,0.02793,-0.00777,0.00414,0.00168,-0.05209,-0.01848,-0.02812,0.04084,-0.01106,0.00195,0.00093
5.9,0.00089,0.01784,-0.01125,-0.07901,0.02431,0.02772,-0.01362,0.01251,0.0062,0.4208,-0.04056,-0,-0.1447,0.79484,-0.00103,-0.24091,2.23093,4.18699,-0.9042,-1.3211,-1.39033,-0.47736,0.58299,-2.48528,2.1892,-0.33995,-0.03881,0.01883,0.03428,0.02808,-0.00561,0.00396,0.00164,-0.04906,-0.01784,-0.03222,0.04136,-0.01166,0.00122,0.00057
5.92,0.00098,0.01712,-0.00973,-0.08039,0.01922,0.02467,-0.02316,0.01691,0.02217,0.45284,-0.04575,-0,-0.27043,0.82091,-0.00469,-0.28014,2.42551,3.77517,-1.1277,-1.44621,-1.40928,-0.56337,0.73632,-2.41534,2.29924,-0.28748,-0.03508,0.01333,0.01873,0.02757,-0.00321,0.0038,0.0016,-0.04287,-0.01784,-0.03762,0.04089,-0.01217,0.00048,0.00024
5.94,0.00112,0.01608,-0.00826,-0.0802,0.0126,0.02119,-0.03081,0.02149,0.03615,0.47962,-0.05115,-0,-0.42221,0.84308,-0.00654,-0.30415,2.57103,3.30428,-1.30649,-1.56059,-1.41212,-0.61686,0.87508,-2.29994,2.41097,-0.2387,-0.02956,0.00721,0.00206,0.02624,-0.00068,0.00367,0.00157,-0.03457,-0.0183,-0.04378,0.03927,-0.01259,-0.0002,-5e-05
5.96,0.00135,0.0147,-0.00688,-0.07849,0.00531,0.01765,-0.037,0.02594,0.04768,0.49899,-0.0566,-0,-0.59129,0.8554,-0.007,-0.31329,2.65306,2.79742,-1.42492,-1.6569,-1.39548,-0.63459,0.99623,-2.13367,2.52274,-0.19282,-0.02302,0.00105,-0.01452,0.02408,0.00188,0.00352,0.00153,-0.02513,-0.01891,-0.05007,0.03649,-0.01291,-0.00079,-0.00028
5.98,0.00164,0.01302,-0.00563,-0.07547,-0.0019,0.01431,-0.04205,0.03008,0.05671,0.50958,-0.06182,-0,-0.76472,0.85282,-0.00654,-0.30843,2.65893,2.27802,-1.47243,-1.72502,-1.35519,-0.61866,1.09785,-1.91269,2.6337,-0.14868,-0.01619,-0.00441,-0.02965,0.02121,0.00437,0.00331,0.00145,-0.01544,-0.01928,-0.05574,0.03269,-0.01315,-0.00129,-0.00046
6,0.00195,0.01109,-0.0045,-0.07141,-0.00831,0.01136,-0.04623,0.03376,0.06348,0.51062,-0.06635,-0,-0.92501,0.83106,-0.00563,-0.29087,2.57733,1.77273,-1.44238,-1.75202,-1.28661,-0.57565,1.17811,-1.63606,2.74263,-0.10516,-0.00975,-0.00832,-0.04176,0.01791,0.00669,0.00295,0.0013,-0.00632,-0.01893,-0.05993,0.0282,-0.0133,-0.00172,-0.00062
6.02,0.00225,0.00903,-0.00347,-0.06661,-0.01335,0.0089,-0.0497,0.03687,0.06836,0.50174,-0.06969,-0,-1.05364,0.78702,-0.00475,-0.26209,2.39972,1.30828,-1.33173,-1.72506,-1.18578,-0.51456,1.23533,-1.30654,2.84683,-0.06149,-0.00435,-0.00987,-0.04936,0.01451,0.00872,0.00239,0.00106,0.00146,-0.01739,-0.06181,0.02343,-0.01337,-0.00212,-0.00077
6.04,0.0025,0.00692,-0.00252,-0.06129,-0.01664,0.00695,-0.05252,0.03939,0.07172,0.48299,-0.07157,-0,-1.13697,0.71931,-0.00426,-0.2237,2.12321,0.9044,-1.14153,-1.6363,-1.05099,-0.44401,1.26858,-0.93121,2.94093,-0.01735,-0.00043,-0.0086,-0.05153,0.01136,0.01038,0.00159,0.00073,0.00736,-0.01434,-0.06074,0.01876,-0.01335,-0.00253,-0.00094
6.06,0.00267,0.00486,-0.00162,-0.05546,-0.01808,0.00541,-0.05475,0.04133,0.07388,0.45488,-0.07204,-0,-1.17016,0.62899,-0.00439,-0.17739,1.75381,0.57018,-0.87815,-1.4867,-0.88443,-0.37056,1.27811,-0.52336,3.01584,0.02683,0.00177,-0.0046,-0.04833,0.00872,0.01162,0.00059,0.00031,0.01112,-0.00971,-0.05651,0.01455,-0.01324,-0.00295,-0.00115
6.08,0.00277,0.00297,-0.00076,-0.04901,-0.01789,0.00409,-0.05634,0.04275,0.075,0.41856,-0.07151,-0,-1.15775,0.52036,-0.00522,-0.12538,1.30964,0.30593,-0.55532,-1.28794,-0.69385,-0.29883,1.26532,-0.10591,3.0578,0.06952,0.00224,0.00139,-0.04086,0.00677,0.01244,-0.00049,-0.00012,0.01275,-0.00375,-0.04933,0.01106,-0.01304,-0.00341,-0.00139
6.1,0.00281,0.00138,6e-05,-0.04175,-0.01647,0.00274,-0.05718,0.04373,0.07511,0.3759,-0.07072,-0,-1.11215,0.40113,-0.00668,-0.07055,0.82182,0.10652,-0.19485,-1.06178,-0.49279,-0.23213,1.23243,0.28744,3.04873,0.10786,0.00117,0.00808,-0.03113,0.00565,0.01285,-0.00148,-0.00049,0.01243,0.00298,-0.03987,0.00858,-0.01276,-0.00386,-0.00164
6.12,0.0028,0.00024,0.00084,-0.03346,-0.0144,0.0011,-0.05711,0.04432,0.07417,0.3291,-0.07058,-0,-1.04965,0.2808,-0.00861,-0.0161,0.32845,-0.03618,0.17685,-0.83425,-0.29764,-0.17266,1.18198,0.61898,2.97001,0.13836,-0.00117,0.01395,-0.02149,0.00545,0.01286,-0.00214,-0.0007,0.0105,0.00976,-0.02902,0.00732,-0.0124,-0.00429,-0.00189
6.14,0.00278,-0.00036,0.00156,-0.02404,-0.01218,-0.00102,-0.05597,0.04458,0.0722,0.28005,-0.07189,-0,-0.98481,0.16799,-0.0108,0.03522,-0.13566,-0.13169,0.53506,-0.6266,-0.12246,-0.12152,1.11627,0.85897,2.80859,0.15805,-0.00444,0.01777,-0.01384,0.00619,0.01251,-0.00231,-0.00066,0.00729,0.01591,-0.01767,0.00742,-0.01198,-0.00465,-0.0021
6.16,0.00277,-0.00038,0.0022,-0.01354,-0.01019,-0.00367,-0.05368,0.04449,0.06934,0.23001,-0.07524,-0,-0.92699,0.06894,-0.01301,0.08149,-0.54456,-0.18968,0.85984,-0.44979,0.02399,-0.07882,1.03713,0.99321,2.56184,0.16524,-0.00836,0.01895,-0.00906,0.00783,0.01181,-0.00189,-0.00035,0.00312,0.02091,-0.00654,0.0089,-0.01153,-0.00494,-0.00225
6.18,0.00279,0.00016,0.00275,-0.00228,-0.0087,-0.00673,-0.05022,0.04399,0.0659,0.17995,-0.0809,-0,-0.87979,-0.01211,-0.015,0.12132,-0.87929,-0.21905,1.13423,-0.30445,0.13782,-0.04408,0.94649,1.02367,2.24044,0.15961,-0.01262,0.01762,-0.0069,0.01021,0.01078,-0.00091,0.00023,-0.00172,0.02441,0.00376,0.01163,-0.01111,-0.00513,-0.00235
6.2,0.00285,0.00118,0.00318,0.00907,-0.00781,-0.00995,-0.04567,0.04299,0.06236,0.13087,-0.08883,-0,-0.84208,-0.07207,-0.01648,0.15349,-1.12477,-0.22739,1.34211,-0.18342,0.21855,-0.0166,0.84687,0.96563,1.86829,0.14203,-0.0169,0.0145,-0.00623,0.01308,0.00946,0.00055,0.001,-0.00694,0.0262,0.01269,0.01533,-0.01078,-0.00524,-0.00238
6.22,0.00297,0.00255,0.00346,0.0197,-0.00756,-0.01296,-0.04014,0.04138,0.05925,0.08383,-0.09872,-0,-0.8097,-0.10902,-0.01716,0.17695,-1.27052,-0.22093,1.46969,-0.07593,0.26806,0.00436,0.74118,0.84214,1.47641,0.11438,-0.02089,0.01066,-0.00544,0.01614,0.00789,0.0023,0.00188,-0.01223,0.02616,0.01977,0.01966,-0.01061,-0.00527,-0.00235
6.24,0.00316,0.00414,0.00356,0.02887,-0.00793,-0.01543,-0.0338,0.03909,0.05702,0.03964,-0.10997,-0,-0.77784,-0.12269,-0.01686,0.19107,-1.31397,-0.20491,1.50955,0.02735,0.29001,0.01963,0.63217,0.67707,1.09313,0.07921,-0.02435,0.00706,-0.00319,0.01913,0.00611,0.00418,0.00279,-0.01733,0.02437,0.02476,0.02426,-0.01065,-0.00522,-0.00225
6.26,0.00341,0.00585,0.00347,0.03606,-0.00882,-0.01717,-0.0268,0.03617,0.0559,-0.00116,-0.12175,-0,-0.74264,-0.11494,-0.01557,0.19581,-1.26299,-0.1839,1.46354,0.13052,0.28941,0.03005,0.52239,0.49108,0.73864,0.03975,-0.02711,0.00431,0.00118,0.0218,0.00421,0.00604,0.00365,-0.02198,0.02108,0.02772,0.02878,-0.0109,-0.00511,-0.00209
6.28,0.00373,0.00758,0.00319,0.04099,-0.01008,-0.0181,-0.01932,0.03278,0.05589,-0.03802,-0.13286,-0,-0.70191,-0.08974,-0.01344,0.19165,-1.13649,-0.16206,1.34356,0.23065,0.27245,0.03645,0.41501,0.30183,0.42636,0.00017,-0.02909,0.00259,0.00742,0.02399,0.00231,0.00776,0.0044,-0.02595,0.01677,0.02897,0.03289,-0.01132,-0.00494,-0.0019
6.3,0.00409,0.00922,0.00273,0.04347,-0.01153,-0.01825,-0.01166,0.02918,0.0568,-0.07008,-0.14172,-0,-0.6552,-0.05297,-0.01076,0.17952,-0.96306,-0.1432,1.1704,0.31793,0.24619,0.03946,0.31443,0.12522,0.16582,-0.0344,-0.03024,0.00175,0.01451,0.02553,0.00058,0.00921,0.005,-0.02896,0.01214,0.02906,0.03624,-0.01182,-0.00472,-0.00168
6.32,0.00446,0.01065,0.00212,0.04349,-0.01293,-0.01771,-0.00415,0.02572,0.05829,-0.09643,-0.14662,-0,-0.60335,-0.01134,-0.00796,0.16058,-0.77527,-0.13063,0.96908,0.37907,0.21759,0.03963,0.22546,-0.02521,-0.03692,-0.05875,-0.03057,0.00144,0.02099,0.02628,-0.0008,0.01027,0.00542,-0.03072,0.00792,0.02857,0.03846,-0.01229,-0.00448,-0.00147
6.34,0.00481,0.01178,0.00139,0.04116,-0.01411,-0.01663,0.00297,0.02263,0.05991,-0.11662,-0.14611,-0,-0.54754,0.02908,-0.00541,0.13609,-0.60139,-0.12685,0.76218,0.40279,0.19222,0.03741,0.15165,-0.14006,-0.18059,-0.06923,-0.03009,0.00129,0.02555,0.02616,-0.00169,0.01087,0.00562,-0.03105,0.00466,0.02783,0.03928,-0.01263,-0.0042,-0.00126
6.36,0.00509,0.0125,0.00062,0.03678,-0.01491,-0.01522,0.0096,0.02,0.06114,-0.13101,-0.13933,-0,-0.48891,0.06373,-0.00342,0.10731,-0.46036,-0.13324,0.56596,0.38361,0.17341,0.03329,0.09424,-0.21501,-0.26936,-0.06479,-0.02882,0.00108,0.02736,0.02515,-0.00203,0.01097,0.0056,-0.02988,0.00255,0.02683,0.03855,-0.01278,-0.00386,-0.00106
6.38,0.00526,0.01273,-0.00013,0.03086,-0.01523,-0.01373,0.01572,0.01773,0.06136,-0.14068,-0.12609,-0,-0.42885,0.08952,-0.00222,0.07576,-0.36162,-0.15007,0.39092,0.32284,0.16221,0.02782,0.05247,-0.25028,-0.31209,-0.04726,-0.02682,0.00073,0.0262,0.02333,-0.00187,0.01061,0.00538,-0.02728,0.00143,0.02511,0.03627,-0.01272,-0.00345,-0.00086
6.4,0.00525,0.01237,-0.00074,0.02413,-0.01501,-0.01245,0.02136,0.01564,0.05991,-0.14728,-0.10684,-0,-0.36941,0.10447,-0.00198,0.04327,-0.30689,-0.17647,0.2435,0.22784,0.1577,0.0216,0.02416,-0.2497,-0.32103,-0.02097,-0.0242,0.00034,0.02231,0.02081,-0.00132,0.00984,0.00497,-0.0235,0.0008,0.02186,0.03255,-0.01244,-0.00293,-0.00064
6.42,0.00501,0.01135,-0.00109,0.01737,-0.01418,-0.01164,0.0266,0.0134,0.05607,-0.15278,-0.08251,-0,-0.31302,0.10757,-0.00283,0.01173,-0.29239,-0.21076,0.12697,0.1094,0.15751,0.01525,0.00618,-0.21964,-0.30991,0.00843,-0.02106,7e-05,0.0163,0.01778,-0.00052,0.00875,0.00441,-0.01885,4e-05,0.01616,0.02757,-0.01197,-0.00226,-0.00036
6.44,0.00451,0.00958,-0.00107,0.01115,-0.01266,-0.01137,0.03152,0.01066,0.04916,-0.15917,-0.05414,-0,-0.26192,0.09879,-0.00489,-0.01761,-0.31115,-0.25073,0.04159,-0.02202,0.15846,0.0092,-0.00514,-0.16785,-0.29193,0.03575,-0.01756,0.0001,0.00888,0.01432,0.00037,0.00742,0.00372,-0.01374,-0.00143,0.00728,0.02153,-0.01132,-0.00141,-1e-05
6.46,0.00372,0.00703,-0.0006,0.00575,-0.01027,-0.01147,0.03629,0.00702,0.03862,-0.16832,-0.02283,-0,-0.2178,0.07909,-0.00825,-0.04438,-0.35442,-0.29381,-0.01506,-0.15838,0.15695,0.00369,-0.01374,-0.10308,-0.27835,0.0574,-0.01388,0.00056,0.00072,0.01048,0.00123,0.0059,0.00293,-0.00856,-0.00396,-0.00502,0.01456,-0.01044,-0.00037,0.00042
6.48,0.00271,0.00374,0.00034,0.0011,-0.0068,-0.0115,0.04104,0.0021,0.02412,-0.18181,0.01012,-0,-0.18217,0.05054,-0.01298,-0.06902,-0.41186,-0.33672,-0.04749,-0.29364,0.14911,-0.00123,-0.02374,-0.03537,-0.27831,0.07144,-0.01027,0.0015,-0.00748,0.0062,0.00198,0.00423,0.00205,-0.00381,-0.00764,-0.02037,0.00683,-0.00928,0.00084,0.00093
6.5,0.00153,-0.00022,0.00175,-0.00309,-0.00202,-0.01076,0.04588,-0.00443,0.00559,-0.20088,0.04296,-0,-0.15658,0.01633,-0.01907,-0.09246,-0.47163,-0.37531,-0.06147,-0.42277,0.13085,-0.00564,-0.03923,0.02385,-0.29903,0.07732,-0.00704,0.00291,-0.01499,0.00143,0.00256,0.00246,0.00111,-5e-05,-0.01226,-0.03773,-0.00147,-0.00776,0.00218,0.00148
6.52,0.00029,-0.00471,0.00359,-0.00723,0.00432,-0.0085,0.05083,-0.01281,-0.01677,-0.22636,0.07375,-0,-0.14226,-0.01989,-0.0264,-0.11584,-0.52201,-0.40519,-0.06319,-0.54216,0.09819,-0.00969,-0.06384,0.06287,-0.34598,0.07538,-0.00454,0.0047,-0.02113,-0.00394,0.00293,0.00063,0.00013,0.00216,-0.01743,-0.05561,-0.01013,-0.00579,0.00356,0.00205
6.54,-0.00091,-0.00961,0.0058,-0.01167,0.01236,-0.00417,0.05578,-0.02313,-0.04246,-0.25855,0.10073,-0,-0.13928,-0.05487,-0.03468,-0.14019,-0.55383,-0.42275,-0.05818,-0.65086,0.04768,-0.01346,-0.10018,0.07186,-0.42306,0.06627,-0.003,0.00671,-0.02547,-0.01004,0.00307,-0.00124,-0.00087,0.00246,-0.02258,-0.07243,-0.01903,-0.0033,0.00492,0.00258
6.56,-0.00202,-0.01481,0.00831,-0.01659,0.02212,0.00244,0.06049,-0.03522,-0.07067,-0.29707,0.12256,-0,-0.14602,-0.08631,-0.04339,-0.16618,-0.5621,-0.42588,-0.0507,-0.75103,-0.02302,-0.01697,-0.14931,0.04422,-0.53241,0.05064,-0.0025,0.00872,-0.02793,-0.01701,0.00302,-0.00308,-0.00185,0.00076,-0.02708,-0.08666,-0.02814,-0.00028,0.00617,0.00303
6.58,-0.003,-0.02021,0.011,-0.02191,0.0334,0.01105,0.06449,-0.04857,-0.10001,-0.3405,0.13821,-0,-0.15896,-0.11274,-0.05168,-0.19379,-0.54626,-0.41408,-0.04364,-0.84735,-0.1146,-0.02008,-0.21025,-0.02291,-0.67364,0.02912,-0.00295,0.01042,-0.0288,-0.02493,0.00281,-0.00483,-0.00276,-0.00269,-0.03018,-0.09674,-0.0375,0.00324,0.00721,0.00336
6.6,-0.00382,-0.02564,0.01373,-0.02728,0.04573,0.02091,0.06708,-0.06229,-0.12842,-0.38625,0.14675,-0,-0.17298,-0.13322,-0.05837,-0.22226,-0.50966,-0.38825,-0.03862,-0.94568,-0.22559,-0.0225,-0.27985,-0.12865,-0.84312,0.00247,-0.00408,0.0114,-0.02864,-0.0338,0.00253,-0.00639,-0.00356,-0.00733,-0.031,-0.10109,-0.04711,0.00713,0.00792,0.00352
6.62,-0.00449,-0.03088,0.0163,-0.03219,0.05847,0.031,0.06747,-0.07524,-0.15352,-0.43095,0.14749,-0,-0.18235,-0.1472,-0.06218,-0.2503,-0.45805,-0.35019,-0.03627,-1.05098,-0.35241,-0.02388,-0.35346,-0.2685,-1.03402,-0.02835,-0.00561,0.01132,-0.02813,-0.04344,0.00224,-0.00765,-0.00418,-0.01248,-0.02873,-0.09834,-0.05687,0.01118,0.00819,0.00345
6.64,-0.00504,-0.03575,0.01856,-0.03615,0.07098,0.04026,0.06494,-0.08637,-0.17331,-0.47119,0.14024,-0,-0.18229,-0.15449,-0.06207,-0.27662,-0.39746,-0.30195,-0.03662,-1.1648,-0.48961,-0.02396,-0.42617,-0.43454,-1.23675,-0.06201,-0.00731,0.01001,-0.02776,-0.05351,0.00202,-0.00854,-0.00456,-0.01754,-0.0229,-0.08785,-0.06655,0.01518,0.00797,0.00314
6.66,-0.00551,-0.04006,0.02041,-0.03872,0.0827,0.04777,0.05896,-0.09488,-0.18656,-0.50395,0.12558,-0,-0.17005,-0.15526,-0.05755,-0.30017,-0.33306,-0.24561,-0.03926,-1.28314,-0.62957,-0.02267,-0.49333,-0.61486,-1.43851,-0.0967,-0.00908,0.00761,-0.02771,-0.0634,0.00187,-0.00901,-0.00471,-0.02211,-0.01361,-0.0701,-0.0757,0.01893,0.00723,0.0026
6.68,-0.006,-0.0436,0.02179,-0.0396,0.0931,0.05272,0.04929,-0.10018,-0.19278,-0.52638,0.10499,-0,-0.1452,-0.14993,-0.04872,-0.32002,-0.2693,-0.18358,-0.04351,-1.39502,-0.76134,-0.02016,-0.55021,-0.7921,-1.62164,-0.12975,-0.01102,0.00465,-0.02775,-0.07219,0.00177,-0.00911,-0.00465,-0.02603,-0.00163,-0.04692,-0.0836,0.02218,0.00607,0.00187
6.7,-0.00663,-0.04614,0.02267,-0.03854,0.10157,0.05437,0.03598,-0.1018,-0.19211,-0.53567,0.08078,-0,-0.1095,-0.13919,-0.03623,-0.33522,-0.21032,-0.1189,-0.04833,-1.48272,-0.87036,-0.0168,-0.59163,-0.94338,-1.76328,-0.15759,-0.01334,0.00198,-0.02733,-0.07859,0.00166,-0.0089,-0.00443,-0.0293,0.01162,-0.02137,-0.08921,0.02465,0.00464,0.00104
6.72,-0.0075,-0.04743,0.02304,-0.03542,0.10751,0.05213,0.01937,-0.09946,-0.18515,-0.52937,0.05561,-0,-0.06621,-0.12383,-0.02116,-0.34483,-0.15962,-0.05491,-0.05258,-1.52625,-0.94131,-0.01305,-0.61264,-1.04482,-1.83979,-0.17652,-0.01629,0.0005,-0.02583,-0.08124,0.00145,-0.00847,-0.00411,-0.03203,0.02442,0.00292,-0.09139,0.02606,0.00311,0.00023
6.74,-0.00867,-0.04729,0.02291,-0.0303,0.11049,0.04577,4e-05,-0.0931,-0.17299,-0.50618,0.03163,-0,-0.01898,-0.10459,-0.00466,-0.34817,-0.11926,0.0055,-0.05523,-1.51038,-0.96293,-0.00934,-0.60994,-1.07914,-1.83428,-0.18394,-0.02009,0.00089,-0.02288,-0.07911,0.00107,-0.00792,-0.00376,-0.03435,0.03529,0.02286,-0.08929,0.02621,0.00167,-0.00048
6.76,-0.01016,-0.04569,0.02231,-0.02352,0.11037,0.03555,-0.02115,-0.08299,-0.15715,-0.46659,0.01003,-0,0.02865,-0.08214,0.01215,-0.345,-0.08943,0.06027,-0.05553,-1.42975,-0.9315,-0.00596,-0.58288,-1.04094,-1.74211,-0.17926,-0.02479,0.0033,-0.01862,-0.07183,0.00048,-0.00729,-0.00342,-0.03638,0.04332,0.03663,-0.08258,0.02505,0.0004,-0.00103
6.78,-0.01188,-0.0427,0.02131,-0.01573,0.10729,0.02233,-0.04287,-0.06982,-0.13973,-0.41327,-0.00892,-0,0.07306,-0.05721,0.02808,-0.33554,-0.0686,0.10777,-0.05305,-1.2905,-0.85176,-0.00312,-0.53382,-0.93808,-1.57267,-0.16411,-0.03027,0.00729,-0.01379,-0.0598,-0.00033,-0.00661,-0.00308,-0.03817,0.0482,0.04368,-0.07157,0.0227,-0.00062,-0.00139
6.8,-0.01366,-0.03858,0.01999,-0.0079,0.10167,0.00755,-0.06327,-0.05468,-0.12341,-0.35104,-0.02561,-0,0.11034,-0.03077,0.04181,-0.32045,-0.05398,0.14642,-0.04767,-1.10939,-0.73596,-0.00091,-0.46796,-0.79018,-1.34807,-0.14207,-0.03621,0.01192,-0.00966,-0.04416,-0.00132,-0.00589,-0.00274,-0.03972,0.05009,0.04454,-0.0572,0.01944,-0.00139,-0.00159
6.82,-0.0153,-0.03365,0.01844,-0.00112,0.09409,-0.00709,-0.08035,-0.03886,-0.11092,-0.28578,-0.04079,-0,0.13678,-0.00389,0.05204,-0.30065,-0.04225,0.17485,-0.03952,-0.90873,-0.60043,0.00064,-0.39204,-0.6228,-1.09701,-0.11775,-0.04218,0.01601,-0.00766,-0.02647,-0.0024,-0.00512,-0.0024,-0.04099,0.04946,0.04042,-0.04076,0.01562,-0.00193,-0.00164
6.84,-0.01658,-0.0282,0.01674,0.00375,0.08519,-0.02012,-0.09252,-0.02351,-0.10429,-0.2227,-0.05514,-0,0.14996,0.02241,0.05792,-0.27707,-0.03052,0.19233,-0.02895,-0.70894,-0.46038,0.00155,-0.31241,-0.45899,-0.8455,-0.09534,-0.04782,0.01861,-0.00884,-0.00833,-0.00348,-0.00431,-0.00203,-0.04198,0.04688,0.03269,-0.0236,0.01161,-0.00226,-0.00159
6.86,-0.01732,-0.02249,0.01491,0.00626,0.07559,-0.03066,-0.09902,-0.00938,-0.10431,-0.16535,-0.06906,-0,0.14942,0.04724,0.0592,-0.25057,-0.01694,0.19915,-0.01652,-0.52416,-0.32695,0.00192,-0.2341,-0.31413,-0.61148,-0.07777,-0.05293,0.01929,-0.01341,0.00893,-0.00446,-0.00346,-0.00163,-0.04271,0.04289,0.02261,-0.00692,0.00772,-0.00241,-0.00146
6.88,-0.01741,-0.01674,0.01298,0.00643,0.06598,-0.03833,-0.09992,0.00302,-0.11043,-0.11587,-0.08239,-0,0.13679,0.06969,0.05635,-0.22214,-0.00103,0.19655,-0.00311,-0.36247,-0.20746,0.00188,-0.16106,-0.19563,-0.40518,-0.06664,-0.05742,0.01819,-0.02069,0.02413,-0.00518,-0.00262,-0.00121,-0.04329,0.03804,0.01132,0.00816,0.00423,-0.00243,-0.00129
6.9,-0.01675,-0.01122,0.01094,0.00466,0.05712,-0.0432,-0.096,0.01339,-0.12087,-0.07545,-0.09445,-0,0.11553,0.08864,0.05037,-0.19303,0.01641,0.18659,0.01005,-0.22773,-0.10655,0.00162,-0.09677,-0.10474,-0.23143,-0.06242,-0.06133,0.01596,-0.02912,0.03613,-0.00551,-0.00184,-0.00081,-0.04386,0.03285,-0.0001,0.02046,0.00138,-0.00236,-0.0011
6.92,-0.01528,-0.00614,0.00879,0.00157,0.04975,-0.04557,-0.08841,0.02153,-0.13317,-0.0446,-0.10419,-0,0.09002,0.10289,0.0426,-0.16454,0.0337,0.17156,0.0216,-0.12078,-0.02679,0.00132,-0.0441,-0.03857,-0.09139,-0.06468,-0.06464,0.0135,-0.03676,0.04397,-0.00528,-0.0012,-0.00046,-0.0445,0.02781,-0.01068,0.02892,-0.00058,-0.00221,-0.00092
6.94,-0.01305,-0.00172,0.00652,-0.00223,0.04431,-0.04583,-0.07827,0.02737,-0.14484,-0.02318,-0.11057,-0,0.06427,0.11153,0.03424,-0.13771,0.04906,0.15351,0.03041,-0.04025,0.03126,0.00113,-0.00467,0.0077,0.01624,-0.0723,-0.06728,0.01166,-0.04183,0.04709,-0.00442,-0.00075,-0.0002,-0.04521,0.02327,-0.01964,0.03287,-0.00155,-0.00203,-0.00077
6.96,-0.01014,0.00195,0.00415,-0.00625,0.04078,-0.04432,-0.06641,0.03093,-0.15377,-0.01045,-0.11284,-0,0.04114,0.11413,0.02617,-0.11306,0.06104,0.13378,0.0358,0.01672,0.06885,0.00113,0.02143,0.03927,0.09414,-0.08358,-0.069,0.01099,-0.04319,0.0455,-0.00293,-0.00052,-5e-05,-0.04576,0.01944,-0.02643,0.03219,-0.00154,-0.00181,-0.00065
6.98,-0.0068,0.00479,0.00169,-0.01015,0.0387,-0.04133,-0.05339,0.03232,-0.15831,-0.00522,-0.11049,-0,0.02232,0.11076,0.01893,-0.09081,0.06854,0.11313,0.03757,0.05375,0.0886,0.00132,0.03552,0.06096,0.14532,-0.09619,-0.06934,0.01167,-0.04038,0.03984,-0.00097,-0.00049,-1e-05,-0.04572,0.01641,-0.03069,0.02738,-0.00072,-0.00156,-0.00054
7,-0.00336,0.00677,-0.00078,-0.01369,0.03727,-0.0371,-0.03965,0.03166,-0.15717,-0.00602,-0.10332,-0,0.00858,0.10192,0.01277,-0.07107,0.07072,0.09191,0.03588,0.07466,0.09403,0.00162,0.03993,0.0769,0.17253,-0.10721,-0.06768,0.0136,-0.03355,0.03131,0.00121,-0.00063,-7e-05,-0.04449,0.01416,-0.03218,0.01946,0.0006,-0.00128,-0.00044
7.02,-0.00023,0.00787,-0.00316,-0.0167,0.03551,-0.03185,-0.02553,0.02912,-0.14947,-0.01125,-0.09129,-0,0,0.08844,0.0078,-0.05387,0.06704,0.07025,0.03118,0.08309,0.08899,0.00193,0.03745,0.09024,0.17823,-0.1136,-0.06339,0.0165,-0.02325,0.02135,0.00329,-0.00089,-0.00021,-0.04144,0.01263,-0.03081,0.00977,0.00208,-0.00096,-0.00032
7.04,0.00228,0.00811,-0.00533,-0.019,0.03265,-0.02586,-0.01135,0.02492,-0.13483,-0.01937,-0.07465,-0,-0.0038,0.07131,0.00396,-0.03919,0.05748,0.0483,0.02405,0.08231,0.07708,0.00216,0.03078,0.10287,0.16516,-0.11288,-0.05611,0.02006,-0.01015,0.01132,0.005,-0.00121,-0.00041,-0.03616,0.0117,-0.02664,-0.00041,0.00338,-0.00059,-0.00017
7.06,0.00398,0.00757,-0.0072,-0.02043,0.02828,-0.01945,0.00252,0.01937,-0.11357,-0.02893,-0.05389,-0,-0.00357,0.05174,0.00114,-0.02695,0.04265,0.02646,0.01518,0.07518,0.06132,0.00225,0.02211,0.1153,0.13685,-0.10367,-0.04592,0.02409,0.00512,0.00225,0.00618,-0.00157,-0.00067,-0.02864,0.01127,-0.01996,-0.01003,0.00431,-0.0002,1e-05
7.08,0.0048,0.0064,-0.00867,-0.02076,0.02248,-0.01312,0.01547,0.01293,-0.08686,-0.0385,-0.02999,-0,-0.00032,0.03121,-0.00081,-0.01712,0.02397,0.00553,0.00539,0.06412,0.04419,0.00218,0.0131,0.12644,0.09784,-0.08583,-0.03351,0.02849,0.02192,-0.00513,0.00677,-0.00198,-0.00097,-0.01939,0.01122,-0.01136,-0.01824,0.00478,0.00019,0.00019
7.1,0.00481,0.00481,-0.00963,-0.01973,0.01576,-0.00752,0.02669,0.0062,-0.05672,-0.04672,-0.00445,-0,0.00471,0.0116,-0.00206,-0.0098,0.00361,-0.01312,-0.00433,0.05117,0.02768,0.00198,0.00493,0.13377,0.05372,-0.0604,-0.02013,0.03322,0.03946,-0.01037,0.0068,-0.00243,-0.00134,-0.00938,0.01145,-0.00168,-0.02434,0.00477,0.00053,0.00036
7.12,0.00414,0.00304,-0.00996,-0.01711,0.0089,-0.00332,0.03526,-0.00017,-0.02563,-0.05238,0.02097,-0,0.01023,-0.00517,-0.00274,-0.00513,-0.01594,-0.02796,-0.01297,0.03797,0.01336,0.0017,-0.00158,0.13422,0.01023,-0.02931,-0.00731,0.03819,0.05682,-0.0132,0.00637,-0.00296,-0.00175,0.00016,0.01184,0.00807,-0.02778,0.00438,0.00078,0.00046
7.14,0.00296,0.00126,-0.00959,-0.01284,0.00263,-0.00097,0.04054,-0.00566,0.00427,-0.05472,0.04471,-0,0.01519,-0.01766,-0.00301,-0.00311,-0.03259,-0.03784,-0.01973,0.02569,0.0022,0.00138,-0.00604,0.1255,-0.0279,0.00522,0.00367,0.04325,0.07312,-0.01356,0.00556,-0.00356,-0.00221,0.0082,0.01225,0.01701,-0.0283,0.00367,0.00088,0.00047
7.16,0.0014,-0.00038,-0.00855,-0.00706,-0.00256,-0.00053,0.04237,-0.00998,0.03153,-0.05362,0.06562,-0,0.01894,-0.02528,-0.00297,-0.00347,-0.0451,-0.04244,-0.0242,0.01509,-0.00542,0.00107,-0.00836,0.1071,-0.05774,0.04085,0.01202,0.04804,0.08744,-0.01168,0.00449,-0.00422,-0.0027,0.01408,0.01252,0.02447,-0.02593,0.00273,0.00082,0.00039
7.18,-0.00037,-0.00181,-0.00694,-0.00023,-0.00642,-0.00169,0.0411,-0.01306,0.0553,-0.04966,0.0829,-0,0.02121,-0.02828,-0.00274,-0.00561,-0.05306,-0.04228,-0.02635,0.00656,-0.00966,0.00078,-0.00878,0.08064,-0.07809,0.07493,0.01751,0.05198,0.09879,-0.00798,0.00324,-0.00492,-0.00317,0.01759,0.01244,0.03004,-0.02111,0.00164,0.00062,0.00022
7.2,-0.00219,-0.00301,-0.00494,0.0069,-0.00886,-0.00377,0.03752,-0.01502,0.07508,-0.04401,0.09592,-0,0.0221,-0.0276,-0.00239,-0.00867,-0.05676,-0.03857,-0.02643,0.00025,-0.01108,0.00054,-0.0078,0.04969,-0.0891,0.10436,0.02029,0.05425,0.106,-0.00316,0.00188,-0.00557,-0.00357,0.01885,0.01179,0.03342,-0.01456,0.00046,0.00033,1e-05
7.22,-0.00392,-0.00396,-0.00281,0.01343,-0.00994,-0.00593,0.03262,-0.01603,0.09059,-0.03815,0.10417,-0,0.02192,-0.02456,-0.00199,-0.01172,-0.05691,-0.03288,-0.0249,-0.00386,-0.01049,0.00034,-0.006,0.01888,-0.09179,0.12602,0.02081,0.05401,0.10796,0.00201,0.00051,-0.0061,-0.00382,0.01821,0.01036,0.03449,-0.00719,-0.00071,-0,-0.0002
7.24,-0.00542,-0.00468,-0.00074,0.01864,-0.00976,-0.00746,0.02736,-0.01633,0.10178,-0.03341,0.10743,-0,0.02102,-0.02043,-0.00159,-0.01394,-0.05436,-0.02665,-0.02223,-0.00596,-0.00872,0.00017,-0.00396,-0.00765,-0.08759,0.13763,0.01957,0.05069,0.10399,0.00685,-0.0008,-0.00644,-0.00389,0.01606,0.00807,0.0333,0.00016,-0.00184,-0.00032,-0.00036
7.26,-0.00662,-0.00519,0.00111,0.0221,-0.00848,-0.00792,0.02244,-0.01606,0.10872,-0.03069,0.10581,-0,0.01971,-0.01622,-0.00121,-0.01485,-0.04993,-0.02086,-0.01886,-0.0064,-0.00643,5e-05,-0.00208,-0.02712,-0.07802,0.13829,0.01703,0.04419,0.09417,0.01087,-0.00201,-0.00655,-0.00374,0.0128,0.005,0.03016,0.00684,-0.00286,-0.0006,-0.00046
7.28,-0.00747,-0.00552,0.00262,0.02372,-0.0063,-0.00722,0.01831,-0.01536,0.11158,-0.0304,0.09976,-0,0.01823,-0.01258,-0.00088,-0.0143,-0.0444,-0.01604,-0.01515,-0.00563,-0.00416,-5e-05,-0.00057,-0.0382,-0.06463,0.1286,0.01361,0.03502,0.07944,0.01379,-0.00305,-0.00642,-0.0034,0.00881,0.00145,0.02563,0.01237,-0.00374,-0.0008,-0.00049
7.3,-0.00795,-0.00569,0.00373,0.02365,-0.00345,-0.00557,0.01526,-0.01428,0.11053,-0.03255,0.09003,-0,0.01675,-0.00989,-0.0006,-0.01242,-0.03851,-0.01232,-0.01147,-0.00421,-0.00229,-0.00014,0.00048,-0.04073,-0.04908,0.11047,0.00969,0.02423,0.06159,0.01548,-0.00388,-0.00608,-0.00292,0.00446,-0.00207,0.02051,0.01641,-0.00442,-0.00093,-0.00046
7.32,-0.00807,-0.00571,0.00442,0.02223,-0.00017,-0.00334,0.01336,-0.01287,0.10577,-0.03683,0.07754,-0,0.01538,-0.00829,-0.00037,-0.00955,-0.0329,-0.00957,-0.0081,-0.00269,-0.00107,-0.00022,0.00108,-0.03532,-0.03292,0.08645,0.00558,0.01318,0.04283,0.01594,-0.00443,-0.00556,-0.00236,9e-05,-0.00497,0.01569,0.01873,-0.00486,-0.00098,-0.00039
7.34,-0.00784,-0.00561,0.00466,0.01981,0.00334,-0.00089,0.01258,-0.01113,0.09751,-0.04275,0.06315,-0,0.01417,-0.00778,-0.0002,-0.00605,-0.02803,-0.00751,-0.00522,-0.00148,-0.00064,-0.00031,0.00126,-0.0229,-0.01735,0.05888,0.00152,0.00316,0.02522,0.01526,-0.00468,-0.00491,-0.00179,-0.00405,-0.00676,0.01191,0.01929,-0.00503,-0.00096,-0.0003
7.36,-0.00732,-0.00538,0.00451,0.01668,0.00693,0.00149,0.01272,-0.00911,0.08613,-0.04974,0.04757,-0,0.01309,-0.00819,-6e-05,-0.00227,-0.0241,-0.00587,-0.00289,-0.00075,-0.00101,-0.0004,0.00105,-0.00452,-0.00308,0.02941,-0.00237,-0.0049,0.01033,0.01365,-0.00464,-0.00417,-0.00127,-0.00785,-0.00718,0.00957,0.01822,-0.00495,-0.00088,-0.0002
7.38,-0.00656,-0.00506,0.00405,0.01309,0.01046,0.00367,0.01346,-0.00686,0.07221,-0.05705,0.03145,-0,0.01205,-0.00926,3e-05,0.00152,-0.02106,-0.0044,-0.00107,-0.00042,-0.00206,-0.00051,0.00044,0.01865,0.0096,-0.0009,-0.00603,-0.01037,-0.00076,0.01138,-0.00436,-0.00339,-0.00081,-0.01127,-0.00623,0.00877,0.01589,-0.00465,-0.00079,-0.00013
7.4,-0.00567,-0.00465,0.00339,0.00925,0.01382,0.00556,0.01438,-0.0045,0.05658,-0.06382,0.01548,-0,0.01091,-0.01059,0.0001,0.00502,-0.01873,-0.00289,0.00039,-0.00017,-0.00355,-0.00064,-0.0006,0.04515,0.02061,-0.03133,-0.00942,-0.01289,-0.00732,0.00886,-0.00392,-0.00262,-0.00046,-0.01435,-0.0041,0.00931,0.01285,-0.00418,-0.00069,-9e-05
7.42,-0.00474,-0.00417,0.00265,0.00531,0.01689,0.00719,0.01502,-0.00216,0.04021,-0.06916,0.00036,-0,0.0095,-0.01178,0.00015,0.008,-0.01683,-0.00125,0.00165,0.00055,-0.00516,-0.00077,-0.00217,0.07334,0.02973,-0.06111,-0.01256,-0.01238,-0.00905,0.00649,-0.00343,-0.00193,-0.00022,-0.01715,-0.00115,0.01085,0.00971,-0.00362,-0.00064,-0.0001
7.44,-0.00385,-0.00365,0.00195,0.00134,0.01959,0.00864,0.015,6e-05,0.02398,-0.07245,-0.01336,-0,0.00771,-0.01251,0.00018,0.01027,-0.0152,0.00046,0.00282,0.00246,-0.00656,-0.0009,-0.00438,0.10149,0.03616,-0.08914,-0.01543,-0.0091,-0.00627,0.0046,-0.00296,-0.00133,-9e-05,-0.01974,0.00226,0.01299,0.007,-0.00305,-0.00065,-0.00016
7.46,-0.00306,-0.00309,0.00136,-0.00268,0.0219,0.01006,0.01413,0.00203,0.00858,-0.07343,-0.02532,-0,0.00547,-0.0126,0.0002,0.01171,-0.01385,0.00195,0.00391,0.00647,-0.0074,-0.001,-0.00746,0.12777,0.03817,-0.11363,-0.01805,-0.00377,-7e-05,0.00335,-0.00259,-0.00081,-3e-05,-0.02217,0.00583,0.0154,0.00503,-0.00249,-0.00072,-0.00027
7.48,-0.0024,-0.00252,0.00092,-0.00685,0.0238,0.01166,0.01241,0.00368,-0.00542,-0.07229,-0.03528,-0,0.00283,-0.01205,0.00021,0.01231,-0.01301,0.00266,0.00483,0.01362,-0.00735,-0.00105,-0.01164,0.15008,0.03305,-0.13184,-0.02041,0.00239,0.00762,0.00274,-0.00235,-0.00034,0,-0.02444,0.00929,0.01782,0.00393,-0.00199,-0.00085,-0.00042
7.5,-0.00188,-0.00196,0.00065,-0.0113,0.02531,0.01366,0.01,0.00492,-0.01744,-0.06959,-0.04301,-0,-9e-05,-0.01101,0.0002,0.01208,-0.01313,0.00186,0.00534,0.02504,-0.00606,-0.001,-0.01718,0.16599,0.01714,-0.14014,-0.02245,0.00775,0.01414,0.00266,-0.00226,0.00017,8e-05,-0.02651,0.01239,0.02002,0.00363,-0.00154,-0.00101,-0.00059
7.52,-0.0015,-0.00144,0.00053,-0.01613,0.02644,0.01626,0.0072,0.00567,-0.0269,-0.06602,-0.04829,-0,-0.0031,-0.00972,0.00018,0.01112,-0.01469,-0.00122,0.00525,0.04186,-0.00323,-0.00083,-0.02437,0.17352,-0.01373,-0.13493,-0.02408,0.01058,0.01669,0.00288,-0.00231,0.00079,0.00028,-0.02828,0.0149,0.02178,0.00395,-0.00115,-0.00116,-0.00075
7.54,-0.00123,-0.00097,0.00053,-0.02138,0.02722,0.01954,0.00426,0.00592,-0.03337,-0.06221,-0.05089,-0,-0.00601,-0.00843,0.00013,0.00962,-0.01795,-0.00707,0.00449,0.06505,0.00133,-0.00046,-0.03347,0.17239,-0.06349,-0.11426,-0.02526,0.00962,0.0132,0.0032,-0.00249,0.00159,0.00065,-0.02965,0.01663,0.02291,0.00467,-0.0008,-0.00127,-0.00087
7.56,-0.00107,-0.00056,0.00063,-0.02695,0.02769,0.02345,0.00138,0.00573,-0.0366,-0.05848,-0.05068,-0,-0.00868,-0.00735,6e-05,0.00784,-0.02283,-0.01566,0.00324,0.09527,0.00768,0.00016,-0.04471,0.16484,-0.13518,-0.07899,-0.02594,0.00444,0.00298,0.00346,-0.00275,0.00259,0.00122,-0.03058,0.01745,0.02319,0.00557,-0.00048,-0.0013,-0.00094
7.58,-0.001,-0.00022,0.00077,-0.03258,0.0279,0.02767,-0.00131,0.00523,-0.03652,-0.05489,-0.04755,-0,-0.011,-0.00663,-4e-05,0.00619,-0.02874,-0.02634,0.002,0.13257,0.01565,0.00111,-0.0582,0.15598,-0.23031,-0.03331,-0.02615,-0.00442,-0.01309,0.00355,-0.00307,0.00376,0.00194,-0.03101,0.01728,0.0224,0.00644,-0.00019,-0.00125,-0.00094
7.6,-0.00098,4e-05,0.0009,-0.03778,0.0279,0.03172,-0.00374,0.00466,-0.03322,-0.05125,-0.04145,-0,-0.01284,-0.00638,-0.00014,0.00518,-0.03467,-0.03784,0.00153,0.17615,0.02481,0.00244,-0.0738,0.15312,-0.34819,0.01553,-0.02591,-0.01556,-0.03267,0.00343,-0.00337,0.00504,0.00274,-0.03091,0.01606,0.0203,0.00706,0.0001,-0.00111,-0.00087
7.62,-0.001,0.00025,0.00096,-0.04195,0.02772,0.03497,-0.00586,0.00427,-0.02691,-0.04718,-0.03255,-0,-0.01404,-0.00669,-0.00025,0.00547,-0.03932,-0.0484,0.00274,0.22392,0.03446,0.00419,-0.09091,0.16324,-0.48495,0.05893,-0.02529,-0.02713,-0.05267,0.00309,-0.00361,0.00632,0.00353,-0.03028,0.01379,0.01671,0.00728,0.00039,-0.00088,-0.00072
7.64,-0.00104,0.0004,0.00091,-0.04448,0.02736,0.03686,-0.00762,0.00428,-0.01796,-0.04222,-0.02132,-0,-0.01434,-0.00768,-0.00036,0.00782,-0.04137,-0.05611,0.00654,0.27211,0.04368,0.0063,-0.10829,0.18923,-0.63247,0.08972,-0.02432,-0.03748,-0.07027,0.00259,-0.00372,0.0075,0.00423,-0.02912,0.0105,0.01157,0.00703,0.00068,-0.00058,-0.0005
7.66,-0.00109,0.00052,0.00069,-0.04488,0.02672,0.03697,-0.009,0.00488,-0.00697,-0.03586,-0.00879,-0,-0.01334,-0.00947,-0.00044,0.01307,-0.03964,-0.05904,0.01364,0.31481,0.05128,0.00862,-0.12382,0.22727,-0.77711,0.10393,-0.02304,-0.04556,-0.08362,0.00201,-0.0037,0.00854,0.00477,-0.02744,0.00629,0.00506,0.00636,0.00094,-0.00023,-0.00023
7.68,-0.00114,0.00063,0.00027,-0.04271,0.02569,0.03508,-0.00995,0.00613,0.00515,-0.02763,0.00339,-0,-0.01052,-0.0122,-0.00048,0.02214,-0.03315,-0.05528,0.02456,0.34344,0.05575,0.01087,-0.13431,0.26577,-0.89819,0.10106,-0.02147,-0.05097,-0.09186,0.0015,-0.00353,0.00939,0.00514,-0.02531,0.00137,-0.00237,0.00548,0.00113,0.00012,5e-05
7.7,-0.00119,0.00077,-0.00034,-0.03767,0.02406,0.03112,-0.01041,0.00807,0.01717,-0.01713,0.01294,-0,-0.00523,-0.01602,-0.00047,0.03594,-0.02111,-0.04294,0.03946,0.34706,0.05532,0.01263,-0.13558,0.28636,-0.96838,0.08371,-0.01966,-0.05381,-0.09494,0.00123,-0.00326,0.01004,0.00535,-0.02285,-0.00396,-0.00996,0.0047,0.0012,0.00042,0.00031
7.72,-0.00124,0.00098,-0.00117,-0.02961,0.02168,0.0252,-0.01031,0.01064,0.02772,-0.00411,0.01738,-0,0.00314,-0.02108,-0.00038,0.0553,-0.00295,-0.02052,0.05816,0.31462,0.04865,0.01346,-0.12331,0.26833,-0.95908,0.05664,-0.01765,-0.05454,-0.09331,0.00137,-0.00293,0.01048,0.0054,-0.0202,-0.00929,-0.01678,0.00443,0.0011,0.0006,0.00049
7.74,-0.00128,0.0013,-0.0022,-0.01863,0.01847,0.0176,-0.00959,0.01377,0.03561,0.01155,0.01477,-0,0.01501,-0.02757,-0.00019,0.08081,0.02163,0.01259,0.07991,0.23856,0.03579,0.01308,-0.09421,0.19535,-0.84926,0.0256,-0.01552,-0.05367,-0.08765,0.00207,-0.00257,0.0107,0.00533,-0.01754,-0.01426,-0.02189,0.00497,0.00077,0.00062,0.00055
7.76,-0.0013,0.00178,-0.00342,-0.00519,0.01453,0.00878,-0.00822,0.01733,0.04006,0.02967,0.00418,-0,0.03043,-0.03568,0.0001,0.11269,0.05254,0.05563,0.10329,0.1177,0.01887,0.01148,-0.04712,0.06046,-0.63209,-0.00339,-0.0134,-0.05169,-0.07857,0.00331,-0.00221,0.01071,0.00516,-0.01509,-0.01852,-0.02451,0.00653,0.00022,0.00042,0.00047
7.78,-0.00127,0.00246,-0.0048,0.00976,0.01017,-0.0005,-0.00622,0.02116,0.0407,0.04972,-0.01409,-0,0.04896,-0.04556,0.00051,0.15045,0.08906,0.10602,0.12599,-0.04134,0.00248,0.00893,0.01651,-0.13183,-0.31796,-0.02397,-0.01146,-0.04899,-0.0667,0.00499,-0.00187,0.0105,0.00489,-0.01312,-0.02176,-0.02398,0.00913,-0.00052,-0,0.00024
7.8,-0.00117,0.00338,-0.00629,0.02477,0.0059,-0.00924,-0.00366,0.02502,0.0375,0.07066,-0.03859,-0,0.0696,-0.05726,0.00103,0.19282,0.12979,0.15935,0.1447,-0.22397,-0.00665,0.00599,0.09257,-0.36589,0.06631,-0.02925,-0.00996,-0.04588,-0.05272,0.00688,-0.00154,0.01007,0.00454,-0.01195,-0.02368,-0.01978,0.01264,-0.00135,-0.00065,-0.00013
7.82,-0.00097,0.00458,-0.00782,0.03816,0.00236,-0.01631,-0.00062,0.02863,0.0307,0.09126,-0.06715,-0,0.09127,-0.07068,0.00165,0.23813,0.17326,0.21034,0.15552,-0.40989,-0.00102,0.00332,0.1755,-0.61911,0.4851,-0.01193,-0.00915,-0.04265,-0.03736,0.00868,-0.00123,0.00941,0.00411,-0.01189,-0.02403,-0.01164,0.01681,-0.00219,-0.0015,-0.0006
7.84,-0.00063,0.00607,-0.00933,0.0485,4e-05,-0.02082,0.00281,0.03175,0.02074,0.1105,-0.09754,-0,0.1134,-0.08567,0.00236,0.28499,0.21901,0.2545,0.15459,-0.57692,0.02548,0.00139,0.26013,-0.86848,0.90578,0.03528,-0.00926,-0.03956,-0.02148,0.01013,-0.00092,0.00852,0.00361,-0.01315,-0.0228,0.00029,0.02137,-0.00293,-0.00249,-0.00114
7.86,-0.00015,0.00786,-0.01077,0.05492,-0.00072,-0.02232,0.00656,0.03423,0.00826,0.12783,-0.12776,-0,0.13632,-0.10191,0.00317,0.33258,0.26813,0.28906,0.1386,-0.70303,0.07596,0.00038,0.3426,-1.09417,1.30532,0.11922,-0.01035,-0.03693,-0.00605,0.01104,-0.00059,0.00742,0.00305,-0.01577,-0.02027,0.01521,0.026,-0.00354,-0.00355,-0.0017
7.88,0.00048,0.00988,-0.01208,0.05706,0.00012,-0.02084,0.01058,0.03598,-0.00585,0.14308,-0.15593,-0,0.16118,-0.11878,0.00409,0.38042,0.32305,0.31298,0.10496,-0.76576,0.14981,0.00011,0.42007,-1.27871,1.669,0.24564,-0.0124,-0.03511,0.00769,0.01133,-0.00024,0.0061,0.00242,-0.01957,-0.01706,0.03158,0.03036,-0.00399,-0.00455,-0.0022
7.9,0.00123,0.01207,-0.01321,0.05507,0.00244,-0.01679,0.01478,0.03695,-0.02035,0.15634,-0.18012,-0,0.18975,-0.1354,0.00509,0.42794,0.38694,0.32644,0.05187,-0.74232,0.24271,7e-05,0.49,-1.40562,1.98674,0.41823,-0.0152,-0.03452,0.01816,0.01098,0.00015,0.00463,0.00174,-0.02413,-0.0141,0.04709,0.03405,-0.00429,-0.00532,-0.00258
7.92,0.0021,0.01431,-0.0141,0.04943,0.0059,-0.01089,0.01909,0.03716,-0.03391,0.16773,-0.19852,-0,0.22438,-0.1508,0.00616,0.47451,0.46268,0.33041,-0.02168,-0.61442,0.34766,-0.00034,0.55013,-1.46111,2.25114,0.63678,-0.01848,-0.0355,0.02389,0.01003,0.0006,0.00305,0.00104,-0.02892,-0.01238,0.05926,0.03667,-0.00447,-0.0057,-0.00274
7.94,0.00305,0.0165,-0.01472,0.04091,0.01002,-0.00391,0.02355,0.03666,-0.0454,0.17743,-0.20995,-0,0.268,-0.16452,0.00725,0.51953,0.55164,0.32598,-0.11591,-0.37608,0.45668,-0.0016,0.59875,-1.43787,2.45674,0.89471,-0.02182,-0.03812,0.02405,0.00857,0.0011,0.00142,0.00033,-0.03336,-0.0126,0.06623,0.03791,-0.00456,-0.00557,-0.00264
7.96,0.00406,0.01857,-0.01504,0.03053,0.01419,0.00337,0.02836,0.0356,-0.0541,0.18549,-0.2141,-0,0.32397,-0.17684,0.00827,0.56246,0.65246,0.31409,-0.22987,-0.04018,0.56158,-0.0039,0.63488,-1.33797,2.599,1.17641,-0.02478,-0.04208,0.01895,0.0067,0.00166,-0.00022,-0.00038,-0.03687,-0.01492,0.06733,0.03767,-0.00456,-0.00492,-0.00227
7.98,0.00514,0.0205,-0.01508,0.01962,0.01765,0.01018,0.0338,0.03417,-0.05967,0.19178,-0.21161,-0,0.39565,-0.18879,0.00905,0.60242,0.76004,0.29548,-0.36057,0.35759,0.65336,-0.00701,0.65789,-1.17411,2.67264,1.45442,-0.02679,-0.04658,0.01016,0.00456,0.00226,-0.00184,-0.00106,-0.03889,-0.01891,0.06326,0.03605,-0.00446,-0.00385,-0.0017
8,0.00626,0.02224,-0.01487,0.00981,0.01946,0.0157,0.04026,0.03267,-0.06203,0.19597,-0.20384,-0,0.48606,-0.20198,0.00941,0.63801,0.86492,0.27073,-0.50219,0.76014,0.72181,-0.01042,0.66726,-0.9685,2.67094,1.68964,-0.02718,-0.05041,0.00031,0.00233,0.00287,-0.00337,-0.0017,-0.03886,-0.02357,0.05583,0.03329,-0.00424,-0.00256,-0.00103
8.02,0.00741,0.02377,-0.01443,0.00281,0.01864,0.01914,0.04812,0.03139,-0.06128,0.19761,-0.19247,-0,0.59803,-0.21824,0.00909,0.66756,0.95353,0.24021,-0.64599,1.10234,0.75716,-0.01341,0.66258,-0.74681,2.58768,1.83942,-0.02526,-0.05222,-0.00744,0.0002,0.00346,-0.00477,-0.00228,-0.0362,-0.02767,0.04739,0.02975,-0.00387,-0.00129,-0.0004
8.04,0.00856,0.02505,-0.01383,-0.0001,0.01442,0.01991,0.05771,0.03053,-0.05752,0.19635,-0.17894,-0,0.73457,-0.23927,0.00782,0.68986,1.00916,0.20395,-0.78076,1.33204,0.75306,-0.01539,0.64384,-0.52915,2.42104,1.87109,-0.02045,-0.05088,-0.01046,-0.00169,0.004,-0.00601,-0.00278,-0.03046,-0.0302,0.04004,0.02573,-0.00332,-0.00026,0.0001
8.06,0.00969,0.02608,-0.01311,0.00168,0.00638,0.01775,0.06924,0.03013,-0.05081,0.19211,-0.16406,-0,0.8986,-0.26622,0.00535,0.70456,1.01248,0.1617,-0.89266,1.42397,0.7087,-0.01601,0.61178,-0.32453,2.17705,1.77134,-0.01241,-0.04583,-0.00722,-0.00332,0.00449,-0.00713,-0.00323,-0.02135,-0.0306,0.035,0.02138,-0.00258,0.00041,0.00039
8.08,0.01078,0.02683,-0.01233,0.00799,-0.00546,0.01273,0.08269,0.03008,-0.0412,0.18516,-0.14806,-0,1.09179,-0.29946,0.00142,0.71216,0.94134,0.11325,-0.9642,1.38224,0.62963,-0.01527,0.56811,-0.13104,1.87209,1.54895,-0.00108,-0.03713,0.00254,-0.00472,0.00493,-0.00817,-0.00364,-0.00887,-0.02892,0.03258,0.01676,-0.00169,0.00069,0.00047
8.1,0.01177,0.02727,-0.01155,0.01793,-0.02063,0.00525,0.09772,0.03015,-0.02876,0.17605,-0.13073,-0,1.31339,-0.33848,-0.00415,0.71371,0.77209,0.05876,-0.97459,1.23608,0.52715,-0.0134,0.51561,0.061,1.53291,1.23291,0.01323,-0.02547,0.01782,-0.00602,0.00535,-0.00921,-0.00407,0.00673,-0.02566,0.03227,0.01185,-0.00068,0.00063,0.00038
8.12,0.0126,0.02736,-0.01084,0.03021,-0.03834,-0.00407,0.11379,0.03002,-0.01365,0.16555,-0.11166,-0,1.56023,-0.3823,-0.01137,0.71037,0.48537,-0.00086,-0.90459,1.02856,0.41544,-0.01081,0.45762,0.26316,1.19097,0.86449,0.02999,-0.01197,0.03676,-0.00735,0.00577,-0.01032,-0.00454,0.02495,-0.02166,0.03303,0.0066,0.00038,0.00032,0.00016
8.14,0.01325,0.02709,-0.01025,0.0434,-0.05778,-0.01454,0.13028,0.02946,0.00387,0.15444,-0.09046,-0,1.82737,-0.43011,-0.01997,0.70281,0.07478,-0.06376,-0.74431,0.8011,0.30728,-0.00794,0.39725,0.48125,0.87312,0.48547,0.04858,0.002,0.05699,-0.00885,0.00622,-0.01149,-0.00505,0.04522,-0.01776,0.03365,0.00098,0.00143,-0.00013,-0.00011
8.16,0.01371,0.02644,-0.00977,0.05623,-0.07816,-0.02549,0.14649,0.02839,0.02331,0.14342,-0.06702,-0,2.10756,-0.48157,-0.02926,0.69079,-0.44527,-0.12671,-0.49938,0.58372,0.21152,-0.00511,0.33701,0.70942,0.59632,0.13157,0.06833,0.01504,0.07589,-0.01061,0.0067,-0.01263,-0.00556,0.06692,-0.01463,0.03302,-0.005,0.00239,-0.00062,-0.00038
8.18,0.01401,0.02544,-0.0094,0.06748,-0.09865,-0.03619,0.16161,0.02689,0.04381,0.1332,-0.04175,-0,2.38904,-0.53653,-0.03801,0.67322,-1.03405,-0.18451,-0.19415,0.39412,0.13314,-0.0026,0.27916,0.92676,0.36844,-0.16656,0.08835,0.02555,0.0905,-0.01263,0.00721,-0.01352,-0.00596,0.08919,-0.01278,0.03018,-0.01121,0.00322,-0.00106,-0.00062
8.2,0.01418,0.02415,-0.00907,0.07596,-0.11821,-0.0458,0.17455,0.02523,0.06407,0.12453,-0.01566,-0,2.65425,-0.59461,-0.04452,0.64833,-1.62494,-0.22993,0.12955,0.24017,0.07425,-0.00061,0.22616,1.09827,0.19106,-0.38123,0.10751,0.03179,0.09749,-0.01487,0.00774,-0.01384,-0.00609,0.11089,-0.01254,0.02436,-0.01736,0.00385,-0.0014,-0.00078
8.22,0.01431,0.02263,-0.00873,0.08059,-0.13575,-0.0535,0.18416,0.02372,0.08255,0.11811,0.00993,-0,2.88257,-0.65505,-0.04693,0.61439,-2.14045,-0.25512,0.42255,0.12275,0.03488,0.00072,0.18035,1.18439,0.06158,-0.49056,0.12454,0.03213,0.09381,-0.0172,0.00826,-0.01325,-0.0058,0.13069,-0.01409,0.01504,-0.02311,0.00424,-0.00159,-0.00086
8.24,0.01442,0.02094,-0.00833,0.08071,-0.1504,-0.05868,0.18956,0.02267,0.09798,0.1144,0.03383,-0,3.05581,-0.71683,-0.04385,0.57065,-2.51653,-0.25414,0.64434,0.03871,0.0136,0.00132,0.14335,1.15625,-0.02537,-0.48454,0.13844,0.0256,0.07759,-0.01956,0.00873,-0.01152,-0.00497,0.14754,-0.01739,0.00213,-0.02817,0.00435,-0.00161,-0.00085
8.26,0.01455,0.01913,-0.00782,0.07623,-0.16172,-0.06117,0.19029,0.0222,0.10959,0.11352,0.0553,-0,3.16155,-0.7784,-0.03476,0.51813,-2.7183,-0.22465,0.77338,-0.01698,0.00791,0.00125,0.11565,1.00649,-0.07674,-0.36958,0.14866,0.01227,0.04894,-0.02186,0.00913,-0.00858,-0.00356,0.16078,-0.02216,-0.01389,-0.03237,0.00418,-0.00145,-0.00075
8.28,0.0147,0.01722,-0.0072,0.06775,-0.16955,-0.06114,0.18643,0.02232,0.11711,0.11519,0.07393,-0,3.19289,-0.83727,-0.02019,0.46028,-2.74199,-0.16858,0.80851,-0.05008,0.0145,0.00061,0.09679,0.7528,-0.10023,-0.17018,0.15507,-0.00654,0.01034,-0.0241,0.00943,-0.00464,-0.00169,0.17015,-0.02784,-0.03185,-0.03565,0.0038,-0.00117,-0.0006
8.3,0.01484,0.01527,-0.00648,0.05642,-0.174,-0.05912,0.17845,0.02289,0.12059,0.11881,0.08947,-0,3.14727,-0.88961,-0.0016,0.40282,-2.61007,-0.09186,0.76567,-0.06647,0.02946,-0.00036,0.08566,0.43556,-0.10364,0.07312,0.15784,-0.02836,-0.03353,-0.02622,0.00961,-0.00012,0.00046,0.17562,-0.03358,-0.04984,-0.03804,0.00328,-0.00084,-0.00044
8.32,0.01494,0.01331,-0.0057,0.04373,-0.17525,-0.05579,0.16706,0.02369,0.12035,0.12359,0.10179,-0,3.02584,-0.9309,0.01903,0.35223,-2.36087,-0.00338,0.67061,-0.0716,0.0488,-0.00144,0.08085,0.10619,-0.09413,0.31308,0.15731,-0.05013,-0.07689,-0.02822,0.00964,0.00445,0.00262,0.17732,-0.03843,-0.06568,-0.03957,0.00272,-0.00053,-0.0003
8.34,0.01494,0.01137,-0.0049,0.031,-0.1735,-0.05181,0.15293,0.0245,0.11686,0.12876,0.11099,-0,2.83335,-0.95705,0.03991,0.31308,-2.03526,0.08669,0.54917,-0.07008,0.06915,-0.0024,0.08084,-0.19005,-0.07761,0.50994,0.15386,-0.0691,-0.11456,-0.03002,0.0095,0.00859,0.00456,0.17544,-0.04161,-0.07758,-0.04034,0.00221,-0.00032,-0.00023
8.36,0.0148,0.00945,-0.00407,0.01915,-0.16894,-0.04764,0.13655,0.02516,0.11074,0.13364,0.1174,-0,2.57899,-0.96517,0.05986,0.28641,-1.66892,0.1677,0.42127,-0.0654,0.08813,-0.00311,0.08424,-0.42493,-0.05835,0.64037,0.14785,-0.08335,-0.14308,-0.03158,0.00919,0.01195,0.00611,0.17029,-0.04267,-0.08462,-0.04044,0.0018,-0.00025,-0.00023
8.38,0.01448,0.00757,-0.00323,0.00875,-0.16175,-0.04357,0.11836,0.02555,0.10279,0.1377,0.12156,-0,2.27827,-0.9536,0.07822,0.26947,-1.29284,0.22809,0.30012,-0.05989,0.10431,-0.00352,0.08978,-0.58817,-0.03903,0.69864,0.13964,-0.09179,-0.1607,-0.03277,0.00868,0.01437,0.0072,0.16225,-0.04154,-0.08677,-0.03997,0.00149,-0.00032,-0.00031
8.4,0.01394,0.00573,-0.00237,5e-05,-0.15211,-0.03975,0.09881,0.02559,0.09392,0.14043,0.12412,-0,1.95364,-0.92174,0.09468,0.25647,-0.93567,0.25492,0.19364,-0.05476,0.11706,-0.00365,0.09633,-0.6838,-0.02098,0.69376,0.12964,-0.09407,-0.16705,-0.03345,0.00798,0.01578,0.0078,0.15181,-0.0385,-0.08472,-0.03904,0.00128,-0.00048,-0.00045
8.42,0.01316,0.00395,-0.00149,-0.00685,-0.14024,-0.03622,0.07836,0.02525,0.08504,0.14149,0.12571,-0,1.63022,-0.86952,0.1089,0.24008,-0.62216,0.23447,0.10566,-0.05018,0.12639,-0.00355,0.10298,-0.7242,-0.00456,0.64322,0.11823,-0.09031,-0.16276,-0.03346,0.00711,0.01622,0.00793,0.13951,-0.03401,-0.07963,-0.03775,0.00113,-0.0007,-0.0006
8.44,0.01212,0.00224,-0.00061,-0.01211,-0.12638,-0.03292,0.0574,0.02451,0.07664,0.14066,0.12676,-0,1.32859,-0.79693,0.12022,0.21354,-0.36921,0.15375,0.03711,-0.04526,0.13291,-0.00328,0.10911,-0.72296,0.01035,0.56479,0.10576,-0.08108,-0.1491,-0.03267,0.00606,0.01579,0.00764,0.12583,-0.02858,-0.07268,-0.03614,0.00099,-0.00093,-0.00073
8.46,0.0108,0.00061,0.00026,-0.01601,-0.11084,-0.02969,0.03622,0.02336,0.06864,0.13799,0.12743,-0,1.06082,-0.70392,0.12738,0.17229,-0.18379,0.00185,-0.01299,-0.03814,0.13775,-0.00285,0.11453,-0.69005,0.02398,0.47137,0.09252,-0.06729,-0.12781,-0.03102,0.00482,0.01464,0.00701,0.11115,-0.02266,-0.06483,-0.03423,0.00084,-0.00112,-0.00083
8.48,0.00923,-0.00093,0.00107,-0.019,-0.09412,-0.02631,0.01522,0.02181,0.06042,0.13379,0.12756,-0,0.83151,-0.59106,0.12835,0.11456,-0.06412,-0.22877,-0.04683,-0.02604,0.1425,-0.00227,0.11934,-0.63066,0.03644,0.37018,0.07887,-0.05027,-0.10117,-0.02855,0.00339,0.01299,0.00615,0.09589,-0.01668,-0.05686,-0.03199,0.00064,-0.00125,-0.00087
8.5,0.00747,-0.00237,0.00173,-0.02158,-0.07703,-0.02253,-0.005,0.01991,0.0509,0.12859,0.12668,-0,0.64049,-0.45997,0.1203,0.04141,-0.0019,-0.54143,-0.06726,-0.00547,0.14912,-0.00149,0.12397,-0.54569,0.04762,0.26375,0.06526,-0.0318,-0.07205,-0.02541,0.00178,0.01114,0.0052,0.08056,-0.01107,-0.04936,-0.02936,0.0004,-0.0013,-0.00085
8.52,0.00557,-0.00367,0.00217,-0.02429,-0.06047,-0.01813,-0.02371,0.01769,0.03885,0.1231,0.12421,-0,0.48462,-0.3129,0.0995,-0.04434,0.01514,-0.93523,-0.07729,0.02704,0.1595,-0.00046,0.12893,-0.43283,0.05705,0.15093,0.05226,-0.01378,-0.04343,-0.02178,1e-05,0.00938,0.00431,0.06571,-0.0062,-0.04278,-0.02632,0.0001,-0.00126,-0.00076
8.54,0.00364,-0.0048,0.00233,-0.02762,-0.04523,-0.01285,-0.04024,0.01513,0.02325,0.11798,0.11968,-0,0.35907,-0.15162,0.0613,-0.13975,0.00078,-1.40547,-0.07969,0.07396,0.17503,0.0009,0.13469,-0.28808,0.0638,0.02796,0.04033,0.00229,-0.0177,-0.01788,-0.00188,0.00795,0.00359,0.05184,-0.00226,-0.03733,-0.02285,-0.00023,-0.00112,-0.00061
8.56,0.00175,-0.00573,0.00218,-0.03193,-0.03181,-0.00651,-0.05414,0.01219,0.00361,0.11374,0.11291,-0,0.25846,0.02269,0.00026,-0.24246,-0.03126,-1.94204,-0.07674,0.13582,0.19612,0.00266,0.14149,-0.10739,0.06635,-0.11041,0.02984,0.01561,0.00382,-0.01393,-0.00385,0.00699,0.00311,0.03928,0.00075,-0.03299,-0.01901,-0.00057,-0.0009,-0.00041
8.58,2e-05,-0.00646,0.00178,-0.03743,-0.02048,0.00099,-0.06502,0.00874,-0.01986,0.11082,0.10411,-0,0.17808,0.20827,-0.08941,-0.35025,-0.06752,-2.52531,-0.07014,0.21058,0.222,0.00488,0.14929,0.11168,0.06259,-0.26962,0.02108,0.02605,0.02075,-0.01016,-0.00578,0.00656,0.0029,0.0283,0.0031,-0.02956,-0.01499,-0.00086,-0.00061,-0.00018
8.6,-0.00143,-0.00695,0.00119,-0.04417,-0.01144,0.0096,-0.07254,0.00467,-0.04612,0.10952,0.09384,-0,0.11451,0.40164,-0.21326,-0.46017,-0.09487,-3.12372,-0.0611,0.29341,0.25062,0.00759,0.15771,0.3685,0.04976,-0.4539,0.01435,0.034,0.03345,-0.00683,-0.00754,0.00662,0.00295,0.01919,0.00519,-0.02664,-0.01105,-0.00104,-0.00026,6e-05
8.62,-0.00244,-0.00719,0.00051,-0.05198,-0.00474,0.01918,-0.07644,-0.00016,-0.07363,0.11003,0.0829,-0,0.06519,0.59827,-0.37567,-0.56847,-0.10125,-3.69923,-0.05054,0.37731,0.27901,0.01079,0.16603,0.65825,0.02451,-0.66462,0.00988,0.04008,0.04271,-0.00424,-0.00898,0.0071,0.00321,0.01219,0.00746,-0.02383,-0.00752,-0.00103,0.00012,0.00029
8.64,-0.00292,-0.00719,-0.00016,-0.06056,-0.00024,0.0295,-0.07678,-0.00589,-0.1008,0.11226,0.07194,-0,0.02711,0.79429,-0.57866,-0.67084,-0.07711,-4.21777,-0.03938,0.45422,0.30374,0.01437,0.17331,0.971,-0.01693,-0.89847,0.00771,0.04492,0.04954,-0.0026,-0.00998,0.00788,0.00362,0.00729,0.01017,-0.02072,-0.00467,-0.00078,0.00053,0.00049
8.66,-0.00286,-0.00699,-0.0008,-0.06942,0.00249,0.04029,-0.07413,-0.01263,-0.12621,0.1158,0.06139,-0,-0.00401,0.98704,-0.82024,-0.76232,-0.01645,-4.65477,-0.02878,0.51567,0.32121,0.01813,0.17836,1.29002,-0.07852,-1.14535,0.00755,0.04891,0.05488,-0.00205,-0.01052,0.00887,0.00415,0.00414,0.01333,-0.01706,-0.00263,-0.00028,0.00097,0.00065
8.68,-0.00232,-0.00665,-0.00138,-0.07782,0.00414,0.05115,-0.06956,-0.02043,-0.14852,0.11983,0.05144,-0,-0.03364,1.17373,-1.09238,-0.83654,0.08257,-4.99299,-0.0203,0.5523,0.32763,0.02171,0.17975,1.58889,-0.16392,-1.38596,0.00877,0.05217,0.05958,-0.00262,-0.01068,0.01,0.00475,0.002,0.01658,-0.01276,-0.00138,0.00044,0.00147,0.00081
8.7,-0.00143,-0.00628,-0.00194,-0.08474,0.00556,0.06149,-0.06463,-0.02924,-0.16624,0.1232,0.04215,-0,-0.06797,1.35011,-1.37998,-0.88525,0.21783,-5.2192,-0.01589,0.55364,0.31882,0.02461,0.17572,1.83101,-0.27619,-1.59174,0.01047,0.05448,0.06433,-0.00424,-0.01059,0.01116,0.00536,-0.00011,0.01925,-0.00786,-0.00081,0.00132,0.00206,0.00098
8.72,-0.00036,-0.00598,-0.00249,-0.08911,0.00767,0.07065,-0.06102,-0.0389,-0.17788,0.1246,0.03354,-0,-0.11302,1.51089,-1.6635,-0.89943,0.38527,-5.32528,-0.01754,0.50893,0.29042,0.02629,0.16423,1.9769,-0.41812,-1.73137,0.01165,0.0555,0.06966,-0.00679,-0.01044,0.01227,0.00595,-0.00326,0.02059,-0.00248,-0.00072,0.00226,0.00277,0.0012
8.74,0.00074,-0.00583,-0.00307,-0.09002,0.01117,0.07816,-0.06006,-0.04923,-0.18223,0.12281,0.02561,-0,-0.1735,1.65137,-1.92393,-0.87146,0.58202,-5.31234,-0.02664,0.40886,0.23829,0.0263,0.14309,1.99644,-0.59287,-1.78164,0.01148,0.05491,0.07606,-0.01007,-0.01039,0.01327,0.00647,-0.00833,0.02007,0.0035,-0.00084,0.00317,0.00359,0.00147
8.76,0.00173,-0.00587,-0.00365,-0.08706,0.01644,0.08385,-0.06238,-0.06003,-0.17856,0.11697,0.01843,-0,-0.25174,1.76812,-2.14527,-0.7968,0.8077,-5.19403,-0.04361,0.24722,0.15903,0.02444,0.11006,1.87762,-0.80371,-1.73485,0.00948,0.05263,0.08391,-0.01382,-0.01056,0.01412,0.0069,-0.01578,0.0176,0.01051,-0.00085,0.00401,0.00448,0.00179
8.78,0.00255,-0.00605,-0.00419,-0.08028,0.02341,0.08787,-0.06785,-0.07101,-0.16668,0.10663,0.01218,-0,-0.34695,1.85819,-2.31341,-0.67481,1.0633,-4.99787,-0.06762,0.02226,0.05054,0.02076,0.06315,1.62917,-1.05254,-1.60085,0.00558,0.04883,0.09351,-0.01769,-0.01103,0.01481,0.00724,-0.02554,0.01364,0.01926,-0.00039,0.00473,0.00532,0.00211
8.8,0.00313,-0.0063,-0.0046,-0.07023,0.03163,0.09057,-0.07562,-0.0817,-0.14691,0.09179,0.00723,-0,-0.45502,1.9182,-2.41455,-0.5088,1.34894,-4.76345,-0.0966,-0.26225,-0.08727,0.01558,0.00088,1.27899,-1.33813,-1.40498,0.0001,0.04394,0.10496,-0.02124,-0.01181,0.01534,0.00747,-0.03707,0.00911,0.03065,0.00094,0.00533,0.00595,0.00234
8.82,0.00345,-0.0065,-0.00477,-0.0577,0.04037,0.09238,-0.08443,-0.09156,-0.11987,0.07279,0.0041,-0,-0.56986,1.94454,-2.43616,-0.30483,1.66172,-4.53366,-0.12768,-0.59697,-0.25199,0.00938,-0.07715,0.86664,-1.65473,-1.18033,-0.00643,0.03851,0.11814,-0.02397,-0.01287,0.01571,0.00759,-0.04948,0.00512,0.04547,0.00347,0.00579,0.00617,0.0024
8.84,0.0035,-0.00657,-0.00463,-0.04354,0.04895,0.09361,-0.09304,-0.10008,-0.08627,0.05023,0.00341,-0,-0.68565,1.93435,-2.36968,-0.06969,1.99344,-4.34147,-0.15774,-0.9674,-0.43813,0.00267,-0.16966,0.43239,-1.99109,-0.95666,-0.01348,0.03302,0.13268,-0.02553,-0.01413,0.01591,0.0076,-0.0619,0.00252,0.06393,0.00739,0.00609,0.00586,0.00222
8.86,0.00332,-0.00643,-0.00413,-0.02848,0.05683,0.09434,-0.1005,-0.1069,-0.04691,0.02494,0.00586,-0,-0.79799,1.88637,-2.2129,0.18946,2.32798,-4.20152,-0.18381,-1.35278,-0.63612,-0.00406,-0.27296,0.0113,-2.32849,-0.75355,-0.02065,0.02779,0.14788,-0.02573,-0.01547,0.01594,0.0075,-0.07363,0.00164,0.08535,0.01263,0.00624,0.00498,0.0018
8.88,0.00296,-0.00609,-0.00331,-0.01323,0.06367,0.09437,-0.10614,-0.11175,-0.00287,-0.00177,0.01215,-0,-0.90332,1.80131,-1.9714,0.46343,2.63792,-4.10909,-0.20291,-1.72295,-0.83048,-0.01031,-0.3799,-0.36513,-2.63766,-0.58018,-0.02766,0.02297,0.16256,-0.0246,-0.01671,0.0158,0.0073,-0.08407,0.00222,0.10792,0.0188,0.0062,0.00361,0.00117
8.9,0.00249,-0.00555,-0.00223,0.00144,0.06916,0.09325,-0.10952,-0.11439,0.04418,-0.02812,0.02299,-0,-0.99816,1.682,-1.65854,0.73955,2.88445,-4.04339,-0.21196,-2.03753,-0.99964,-0.01552,-0.47984,-0.66648,-2.8785,-0.43777,-0.03431,0.01861,0.17507,-0.02233,-0.01764,0.01546,0.00701,-0.09269,0.00349,0.12868,0.02521,0.00594,0.00194,0.00041
8.92,0.002,-0.00489,-0.00102,0.01476,0.07314,0.09041,-0.11039,-0.11465,0.09223,-0.05218,0.03899,-0,-1.07916,1.53283,-1.29223,1.00321,3.02614,-3.97499,-0.20837,-2.25399,-1.12032,-0.01919,-0.56088,-0.86639,-3.00852,-0.32249,-0.04047,0.01472,0.18357,-0.01922,-0.01801,0.01489,0.00664,-0.09904,0.00447,0.1443,0.03104,0.00543,0.0002,-0.00035
8.94,0.00155,-0.00413,0.00022,0.02611,0.07562,0.08543,-0.10866,-0.11247,0.13939,-0.07264,0.06043,-0,-1.14401,1.35894,-0.88983,1.24155,3.03353,-3.876,-0.19095,-2.34121,-1.17514,-0.02094,-0.61379,-0.94916,-2.99701,-0.22864,-0.04615,0.01125,0.18663,-0.01556,-0.01765,0.01408,0.00619,-0.10293,0.00439,0.1522,0.03558,0.00467,-0.0014,-0.00101
8.96,0.00117,-0.00332,0.00139,0.03516,0.07681,0.07811,-0.10445,-0.10798,0.18404,-0.08922,0.08708,-0,-1.19173,1.1663,-0.46611,1.44504,2.89959,-3.72732,-0.16068,-2.28894,-1.15772,-0.02064,-0.63454,-0.91441,-2.8352,-0.15108,-0.05151,0.00817,0.18358,-0.01154,-0.01649,0.01303,0.00568,-0.10454,0.00296,0.15136,0.03846,0.00367,-0.00272,-0.00152
8.98,0.00087,-0.00246,0.00239,0.04177,0.07715,0.06867,-0.09806,-0.10152,0.22453,-0.10263,0.11794,-0,-1.22239,0.96315,-0.03581,1.60637,2.64286,-3.52151,-0.12109,-2.11016,-1.07393,-0.01843,-0.6247,-0.77808,-2.53962,-0.08647,-0.05684,0.00552,0.17464,-0.0073,-0.01461,0.01176,0.00511,-0.10439,0.00044,0.14248,0.03963,0.00251,-0.00373,-0.00185
9,0.00062,-0.00156,0.00315,0.0459,0.07722,0.05766,-0.09002,-0.09366,0.25891,-0.11434,0.1512,-0,-1.23659,0.76084,0.38369,1.71882,2.30495,-3.26264,-0.07809,-1.83834,-0.94041,-0.01469,-0.59059,-0.57033,-2.14978,-0.03378,-0.06249,0.00336,0.16078,-0.00294,-0.0122,0.01034,0.00451,-0.10328,-0.00239,0.12776,0.03928,0.0013,-0.00442,-0.00205
9.02,0.00038,-0.00061,0.0036,0.04761,0.07768,0.04586,-0.081,-0.08504,0.28513,-0.12606,0.18457,-0,-1.23523,0.57188,0.77413,1.77663,1.93894,-2.96215,-0.03865,-1.51765,-0.77949,-0.00991,-0.54118,-0.32813,-1.71709,0.0065,-0.0688,0.00177,0.14339,0.00144,-0.00951,0.00883,0.00389,-0.10212,-0.00455,0.11011,0.03779,0.00017,-0.00485,-0.00213
9.04,9e-05,0.00035,0.00369,0.04704,0.07907,0.03395,-0.07165,-0.0762,0.30166,-0.13914,0.21595,-0,-1.21942,0.40615,1.12098,1.77669,1.59235,-2.63246,-0.00876,-1.18884,-0.612,-0.00461,-0.48514,-0.08464,-1.28836,0.03369,-0.07602,0.00074,0.12369,0.00575,-0.00678,0.0073,0.00328,-0.10167,-0.00526,0.09204,0.03552,-0.00076,-0.00506,-0.00215
9.06,-0.00029,0.0013,0.00343,0.0444,0.08167,0.02241,-0.06261,-0.06749,0.3078,-0.15412,0.24379,-0,-1.19049,0.26883,1.41561,1.71985,1.29664,-2.2838,0.00793,-0.88082,-0.45292,0.00073,-0.4291,0.13718,-0.89597,0.04793,-0.08418,0.00013,0.1024,0.00986,-0.00419,0.00582,0.00269,-0.10234,-0.00423,0.075,0.03278,-0.00144,-0.0051,-0.00212
9.08,-0.00077,0.00218,0.0029,0.04004,0.08551,0.01151,-0.05449,-0.05907,0.30372,-0.17052,0.26693,-0,-1.15019,0.16096,1.65336,1.61153,1.06683,-1.92586,0.01024,-0.61079,-0.31147,0.00568,-0.37763,0.32452,-0.55841,0.05024,-0.09309,-0.00037,0.07989,0.01358,-0.00181,0.00446,0.00216,-0.10416,-0.00177,0.05928,0.02975,-0.00186,-0.00496,-0.00204
9.1,-0.00137,0.00289,0.00219,0.03438,0.09033,0.00148,-0.04801,-0.05102,0.29032,-0.1868,0.28444,-0,-1.10082,0.08088,1.83113,1.4614,0.9051,-1.57007,-0.00088,-0.38731,-0.19263,0.0098,-0.33371,0.47224,-0.28413,0.04232,-0.10224,-0.00118,0.0563,0.01664,0.00028,0.00327,0.0017,-0.10683,0.00136,0.04428,0.02658,-0.00205,-0.00464,-0.00191
9.12,-0.00209,0.00331,0.00143,0.02791,0.0957,-0.00751,-0.04381,-0.04339,0.26899,-0.20089,0.29556,-0,-1.04484,0.02532,1.94707,1.28149,0.80492,-1.22834,-0.0232,-0.21265,-0.0983,0.01269,-0.29903,0.58027,-0.07445,0.02643,-0.11096,-0.0027,0.03179,0.01872,0.00206,0.00233,0.00136,-0.10981,0.00414,0.02901,0.02339,-0.00208,-0.00412,-0.00169
9.14,-0.00292,0.00339,0.00076,0.02104,0.1012,-0.01536,-0.04238,-0.03621,0.24134,-0.21091,0.29991,-0,-0.98444,-0.00982,2.00178,1.0833,0.75551,-0.90959,-0.0542,-0.08453,-0.02799,0.01409,-0.27406,0.651,0.07439,0.00532,-0.11866,-0.00513,0.00671,0.0196,0.00353,0.00167,0.00115,-0.11263,0.00575,0.01266,0.02027,-0.00199,-0.00338,-0.00137
9.16,-0.00385,0.0031,0.00025,0.01412,0.10643,-0.02199,-0.04388,-0.02952,0.20915,-0.2157,0.29763,-0,-0.9213,-0.0289,1.99931,0.87663,0.74479,-0.61834,-0.09163,0.00234,0.02044,0.01392,-0.2582,0.68739,0.16957,-0.01774,-0.12491,-0.00832,-0.01823,0.0192,0.00468,0.00126,0.00105,-0.11492,0.00584,-0.00495,0.01734,-0.00186,-0.00246,-0.00096
9.18,-0.00485,0.00249,-3e-05,0.00743,0.11109,-0.02734,-0.04811,-0.02347,0.17456,-0.21487,0.28935,-0,-0.85708,-0.03616,1.94707,0.67072,0.76043,-0.35665,-0.13346,0.05514,0.05022,0.01231,-0.24995,0.6921,0.22026,-0.03879,-0.12946,-0.01173,-0.04166,0.01761,0.00554,0.00104,0.00103,-0.1165,0.00458,-0.02307,0.01478,-0.00173,-0.00143,-0.00049
9.2,-0.00588,0.00165,-6e-05,0.00125,0.11487,-0.03126,-0.05458,-0.01833,0.14023,-0.20868,0.2762,-0,-0.79378,-0.0355,1.85525,0.47559,0.79029,-0.12639,-0.17753,0.08184,0.06505,0.00955,-0.24715,0.66717,0.23647,-0.05324,-0.13216,-0.01446,-0.06154,0.01505,0.00611,0.0009,0.00102,-0.1173,0.0026,-0.04006,0.01281,-0.00167,-0.00039,-1e-05
9.22,-0.00689,0.00074,0.00016,-0.00415,0.11751,-0.0336,-0.06259,-0.01442,0.10887,-0.19792,0.2595,-0,-0.73352,-0.03024,1.73497,0.30105,0.82365,0.07077,-0.22157,0.09022,0.06869,0.00606,-0.24733,0.61451,0.22791,-0.05671,-0.13299,-0.01554,-0.07572,0.01194,0.00637,0.00073,0.00095,-0.11738,0.00076,-0.05386,0.01168,-0.00171,0.00052,0.00041
9.24,-0.00782,-0.00014,0.00062,-0.00855,0.11884,-0.03428,-0.0715,-0.01197,0.08253,-0.18362,0.24049,-0,-0.6778,-0.023,1.59581,0.15426,0.85274,0.23494,-0.26337,0.08699,0.06453,0.00228,-0.24806,0.53687,0.20296,-0.04655,-0.13201,-0.01433,-0.08282,0.0088,0.00624,0.0004,0.00075,-0.11681,-0.00019,-0.06274,0.01156,-0.00187,0.0012,0.00072
9.26,-0.00866,-0.00089,0.00127,-0.01184,0.11884,-0.03338,-0.08075,-0.01101,0.06217,-0.16701,0.22015,-0,-0.62729,-0.01564,1.44469,0.03857,0.87369,0.36865,-0.30067,0.07723,0.05544,-0.00138,-0.24724,0.43882,0.16807,-0.0228,-0.12948,-0.01082,-0.0829,0.00634,0.00561,-0.00015,0.00039,-0.11573,0.00015,-0.06586,0.01251,-0.00214,0.0016,0.00089
9.28,-0.00939,-0.00144,0.00206,-0.01397,0.11766,-0.03112,-0.08986,-0.0114,0.04771,-0.14961,0.1993,-0,-0.58208,-0.00923,1.28662,-0.04593,0.88664,0.47592,-0.33088,0.06426,0.0437,-0.0045,-0.24316,0.32771,0.1279,0.01134,-0.12581,-0.00572,-0.07761,0.00542,0.00429,-0.00095,-0.00015,-0.11429,0.00178,-0.06332,0.01442,-0.0025,0.00172,0.00092
9.3,-0.01001,-0.00178,0.00287,-0.01493,0.11555,-0.02789,-0.09836,-0.01281,0.0383,-0.13328,0.1788,-0,-0.5421,-0.00425,1.12586,-0.1011,0.89497,0.56092,-0.35094,0.04989,0.03112,-0.00667,-0.23449,0.21378,0.08559,0.04983,-0.12159,-0.00041,-0.06992,0.00711,0.00205,-0.00199,-0.00087,-0.11268,0.00435,-0.05605,0.01707,-0.00289,0.00161,0.00085
9.32,-0.01051,-0.00188,0.00362,-0.01474,0.11286,-0.02412,-0.10581,-0.01486,0.03268,-0.12008,0.15952,-0,-0.50711,-0.00069,0.96614,-0.12999,0.90316,0.62718,-0.35769,0.03476,0.01903,-0.00754,-0.22041,0.1082,0.04316,0.08537,-0.11757,0.00349,-0.06346,0.01276,-0.00139,-0.00322,-0.00175,-0.11111,0.00732,-0.04546,0.02016,-0.00325,0.00134,0.0007
9.34,-0.01093,-0.00177,0.00419,-0.01347,0.10996,-0.02023,-0.11193,-0.01722,0.0296,-0.1119,0.14235,-0,-0.47635,0.00165,0.81015,-0.13625,0.91382,0.6772,-0.34883,0.01903,0.00833,-0.00691,-0.20064,0.01971,0.00191,0.11184,-0.11454,0.0046,-0.06138,0.02403,-0.00635,-0.00462,-0.00278,-0.10979,0.01011,-0.03297,0.02342,-0.00352,0.00099,0.00052
9.36,-0.01132,-0.00148,0.00454,-0.01128,0.10721,-0.01652,-0.11655,-0.01966,0.02809,-0.11029,0.12818,-0,-0.44847,0.00301,0.65983,-0.12386,0.92561,0.71205,-0.32359,0.00284,-0.00049,-0.00484,-0.17567,-0.04739,-0.03723,0.12579,-0.1134,0.0022,-0.0657,0.0429,-0.01318,-0.00622,-0.00398,-0.10892,0.01235,-0.0198,0.02664,-0.00368,0.00062,0.00034
9.38,-0.01175,-0.00108,0.00461,-0.0084,0.10495,-0.01322,-0.11971,-0.02212,0.02755,-0.11643,0.11804,-0,-0.42165,0.00365,0.51753,-0.09705,0.93256,0.73097,-0.28298,-0.01348,-0.00727,-0.00166,-0.14696,-0.0932,-0.07324,0.1268,-0.11505,-0.00367,-0.07707,0.07157,-0.0222,-0.00806,-0.00537,-0.10868,0.01378,-0.00692,0.0297,-0.00375,0.00026,0.00017
9.4,-0.01231,-0.00065,0.0044,-0.00516,0.10356,-0.0105,-0.12147,-0.0246,0.02775,-0.13114,0.11316,-0,-0.394,0.00376,0.38696,-0.06023,0.92479,0.73128,-0.22983,-0.02928,-0.01203,0.00205,-0.11694,-0.12121,-0.10477,0.11698,-0.12049,-0.0123,-0.09491,0.11222,-0.03362,-0.01019,-0.00699,-0.10926,0.01432,0.00481,0.0325,-0.00376,-7e-05,3e-05
9.42,-0.0131,-0.0003,0.00392,-0.00192,0.10335,-0.00848,-0.12194,-0.02715,0.0287,-0.15497,0.11481,-0,-0.36402,0.00353,0.27248,-0.01763,0.89135,0.70944,-0.1681,-0.04382,-0.01495,0.00559,-0.08851,-0.13665,-0.13036,0.09995,-0.13061,-0.02258,-0.11778,0.16674,-0.04755,-0.01266,-0.00886,-0.11081,0.01395,0.01461,0.03495,-0.00376,-0.00036,-8e-05
9.44,-0.01414,-9e-05,0.00318,0.00102,0.10454,-0.00727,-0.12118,-0.02984,0.03049,-0.18819,0.12392,-0,-0.33118,0.0031,0.17715,0.02729,0.82454,0.66278,-0.10196,-0.05648,-0.01619,0.00839,-0.06412,-0.14453,-0.14888,0.0794,-0.14608,-0.03344,-0.14406,0.23624,-0.06392,-0.01543,-0.01095,-0.11335,0.01273,0.02192,0.03691,-0.00378,-0.00059,-0.00016
9.46,-0.01542,-9e-05,0.00224,0.00346,0.10718,-0.00692,-0.11914,-0.03263,0.03315,-0.2306,0.14079,-0,-0.29641,0.00258,0.10179,0.07204,0.72316,0.59092,-0.03536,-0.06704,-0.01587,0.01011,-0.04523,-0.14832,-0.15983,0.05821,-0.16713,-0.04407,-0.17226,0.32051,-0.08241,-0.01838,-0.01319,-0.11677,0.01075,0.02637,0.03818,-0.0038,-0.00077,-0.00021
9.48,-0.01682,-0.0003,0.00114,0.00532,0.11111,-0.00747,-0.11568,-0.03542,0.03659,-0.28129,0.16494,-0,-0.26253,0.00203,0.04527,0.1148,0.59398,0.49656,0.0276,-0.07554,-0.01403,0.01071,-0.03237,-0.14948,-0.16329,0.03839,-0.19337,-0.05397,-0.20085,0.4173,-0.1023,-0.02126,-0.01544,-0.12074,0.00813,0.02775,0.0385,-0.00378,-0.00089,-0.00022
9.5,-0.01814,-0.00072,-2e-05,0.00656,0.11598,-0.00894,-0.11062,-0.03799,0.04061,-0.33839,0.19505,-0,-0.2342,0.00152,0.00539,0.1541,0.4515,0.38559,0.08228,-0.08225,-0.01065,0.01036,-0.02533,-0.14764,-0.1598,0.02126,-0.22369,-0.06278,-0.22815,0.52192,-0.12238,-0.02367,-0.01745,-0.12478,0.00504,0.026,0.03752,-0.00364,-0.00093,-0.00021
9.52,-0.01915,-0.00129,-0.00114,0.0072,0.12132,-0.0113,-0.10375,-0.04002,0.04492,-0.39943,0.22915,-0,-0.21693,0.00107,-0.02062,0.18865,0.31457,0.26563,0.12384,-0.08749,-0.00566,0.00935,-0.02344,-0.1411,-0.15025,0.00761,-0.25647,-0.07023,-0.2524,0.62802,-0.14117,-0.02519,-0.01895,-0.12829,0.00174,0.02119,0.0349,-0.00326,-0.00089,-0.00018
9.54,-0.01969,-0.00199,-0.00212,0.00727,0.1267,-0.01454,-0.09497,-0.04114,0.04917,-0.462,0.26503,-0,-0.21542,0.00069,-0.03565,0.21743,0.20099,0.14367,0.14814,-0.09157,0.001,0.00801,-0.02581,-0.12765,-0.13573,-0.00219,-0.28985,-0.07609,-0.27206,0.72912,-0.15733,-0.02549,-0.01974,-0.13079,-0.00149,0.01361,0.03045,-0.00258,-0.00076,-0.00013
9.56,-0.01965,-0.00279,-0.00291,0.00674,0.1318,-0.01856,-0.0844,-0.04097,0.05298,-0.524,0.30032,-0,-0.23234,0.00039,-0.04242,0.23961,0.12421,0.02485,0.15241,-0.09466,0.00928,0.00658,-0.03153,-0.10516,-0.11762,-0.00809,-0.32193,-0.08011,-0.28598,0.81928,-0.16985,-0.02443,-0.01969,-0.132,-0.00425,0.00384,0.02419,-0.00156,-0.00055,-6e-05
9.58,-0.01909,-0.00363,-0.00344,0.00555,0.13637,-0.02321,-0.07243,-0.03909,0.05592,-0.58321,0.33227,-0,-0.26806,0.00017,-0.04336,0.25438,0.09317,-0.08689,0.13519,-0.09682,0.01901,0.00522,-0.03965,-0.07194,-0.09764,-0.01027,-0.3505,-0.08195,-0.29328,0.89254,-0.17805,-0.02209,-0.01883,-0.13186,-0.00606,-0.00719,0.01649,-0.00022,-0.00027,1e-05
9.6,-0.01813,-0.00451,-0.00368,0.00364,0.14019,-0.02822,-0.05979,-0.03511,0.05751,-0.6369,0.35764,-0,-0.32063,1e-05,-0.04048,0.26076,0.11309,-0.18802,0.09623,-0.09789,0.02981,0.00402,-0.04917,-0.02681,-0.07792,-0.00908,-0.3729,-0.08121,-0.29329,0.94246,-0.18142,-0.01875,-0.01728,-0.13051,-0.00634,-0.01816,0.00801,0.00136,3e-05,7e-05
9.62,-0.01694,-0.00536,-0.0036,0.00091,0.14302,-0.03331,-0.04732,-0.02878,0.05733,-0.6821,0.37346,-0,-0.3865,-9e-05,-0.03538,0.25774,0.18578,-0.27559,0.03636,-0.09764,0.04108,0.00302,-0.05925,0.03078,-0.06065,-0.00495,-0.38643,-0.0775,-0.28561,0.96303,-0.17966,-0.01483,-0.0152,-0.12811,-0.00454,-0.02768,-0.00041,0.00305,0.00033,0.00012
9.64,-0.01572,-0.00617,-0.00318,-0.00263,0.14456,-0.03819,-0.03562,-0.02016,0.05525,-0.71621,0.37823,-0,-0.46127,-0.00015,-0.02927,0.24457,0.30939,-0.34822,-0.04267,-0.09583,0.05212,0.00223,-0.06936,0.10072,-0.04739,0.00163,-0.38904,-0.07066,-0.27038,0.95047,-0.17274,-0.01071,-0.01281,-0.12476,-0.00035,-0.03468,-0.00801,0.00473,0.00059,0.00015
9.66,-0.01458,-0.00691,-0.0024,-0.00693,0.14442,-0.04267,-0.02488,-0.00984,0.0516,-0.73745,0.37277,-0,-0.54008,-0.00017,-0.023,0.22109,0.47778,-0.40653,-0.13787,-0.09229,0.06204,0.00163,-0.07949,0.18199,-0.03877,0.01013,-0.37987,-0.06089,-0.24849,0.90465,-0.16099,-0.00669,-0.01025,-0.12032,0.00614,-0.03874,-0.01426,0.00628,0.0008,0.00016
9.68,-0.01359,-0.00758,-0.00126,-0.01177,0.14208,-0.04662,-0.01488,0.00097,0.04723,-0.7447,0.36049,-0,-0.61707,-0.00018,-0.01713,0.18792,0.67916,-0.45276,-0.24436,-0.08698,0.06974,0.0012,-0.09006,0.27194,-0.03441,0.01993,-0.35941,-0.04888,-0.22183,0.82967,-0.14522,-0.00301,-0.00768,-0.11447,0.01437,-0.04008,-0.01882,0.00758,0.00096,0.00015
9.7,-0.0128,-0.00816,0.0002,-0.01677,0.13697,-0.04989,-0.00514,0.01048,0.04343,-0.73732,0.34708,-0,-0.6851,-0.00017,-0.01199,0.14647,0.89589,-0.49014,-0.35496,-0.08001,0.07386,0.00091,-0.1018,0.36603,-0.03314,0.03028,-0.32943,-0.03581,-0.19322,0.73358,-0.1267,0.00017,-0.00525,-0.10674,0.0233,-0.0395,-0.02151,0.00852,0.00108,0.00015
9.72,-0.01222,-0.00862,0.00197,-0.02149,0.12854,-0.05242,0.0049,0.01661,0.04173,-0.71513,0.33935,-0,-0.73679,-0.00015,-0.00773,0.09864,1.10754,-0.52238,-0.46146,-0.07159,0.073,0.00073,-0.11558,0.45881,-0.03328,0.04037,-0.2924,-0.02305,-0.16589,0.62643,-0.10693,0.00269,-0.00309,-0.09668,0.03171,-0.03806,-0.02228,0.00897,0.00119,0.00018
9.74,-0.0118,-0.00894,0.00397,-0.0255,0.11647,-0.05422,0.01569,0.01762,0.0435,-0.67861,0.34365,-0,-0.76651,-0.00012,-0.00437,0.04609,1.29623,-0.55323,-0.55681,-0.06205,0.06611,0.00064,-0.13218,0.54568,-0.03318,0.04954,-0.25083,-0.01182,-0.14253,0.51729,-0.08724,0.0045,-0.0013,-0.08397,0.03858,-0.03671,-0.02119,0.00887,0.00128,0.00023
9.76,-0.01148,-0.00909,0.00614,-0.02848,0.10086,-0.05544,0.02741,0.01244,0.04966,-0.6292,0.36462,-0,-0.7716,-0.0001,-0.00187,-0.00994,1.44963,-0.58606,-0.63636,-0.05179,0.05275,0.00061,-0.15211,0.62388,-0.03145,0.05731,-0.20691,-0.00286,-0.12472,0.41261,-0.06854,0.00561,8e-05,-0.06865,0.04331,-0.03607,-0.01851,0.00824,0.00135,0.00032
9.78,-0.01117,-0.00901,0.00838,-0.03019,0.08238,-0.05634,0.03977,0.00082,0.06059,-0.56964,0.384,-0,-0.75269,-7e-05,-0.00012,-0.0683,1.5605,-0.62356,-0.69747,-0.04139,0.03329,0.00062,-0.17535,0.69209,-0.02708,0.0634,-0.1627,0.0035,-0.11294,0.31664,-0.05148,0.0061,0.00107,-0.05126,0.04579,-0.03633,-0.01465,0.00715,0.00139,0.00041
9.8,-0.01077,-0.00866,0.01053,-0.03043,0.06228,-0.05731,0.05206,-0.0167,0.07613,-0.50414,0.384,-0,-0.71315,-5e-05,0.00102,-0.12753,1.62516,-0.66737,-0.73882,-0.03164,0.00889,0.00066,-0.20128,0.74972,-0.01946,0.06759,-0.12046,0.00725,-0.10682,0.23224,-0.03652,0.00612,0.00171,-0.03283,0.04627,-0.03738,-0.01021,0.00578,0.00136,0.00048
9.82,-0.01015,-0.00798,0.01242,-0.02912,0.04215,-0.05875,0.06328,-0.03896,0.0956,-0.43752,0.384,-0,-0.65799,-4e-05,0.00166,-0.18592,1.64252,-0.71781,-0.75992,-0.0234,-0.0187,0.00073,-0.2287,0.79638,-0.00839,0.06977,-0.08237,0.00871,-0.10525,0.16118,-0.02403,0.00583,0.00208,-0.01468,0.04519,-0.03892,-0.00587,0.00431,0.00123,0.0005
9.84,-0.00923,-0.00696,0.01389,-0.02625,0.02336,-0.06096,0.07247,-0.06443,0.11793,-0.37382,0.384,-0,-0.59227,-2e-05,0.00195,-0.24184,1.61374,-0.77347,-0.76105,-0.01732,-0.0475,0.00081,-0.25597,0.83159,0.00582,0.06989,-0.04999,0.0084,-0.10666,0.10397,-0.01415,0.00536,0.00222,0.00203,0.04295,-0.04082,-0.00224,0.00294,0.00099,0.00044
9.86,-0.00801,-0.00563,0.01485,-0.02199,0.00689,-0.0641,0.07889,-0.09126,0.14156,-0.31554,0.384,-0,-0.5202,-1e-05,0.00197,-0.29379,1.54221,-0.83083,-0.74318,-0.01371,-0.07545,0.00091,-0.28096,0.85455,0.02228,0.06803,-0.02398,0.0071,-0.10907,0.05985,-0.0068,0.00477,0.00218,0.01661,0.03971,-0.04328,0.0002,0.00176,0.00064,0.0003
9.88,-0.00654,-0.00408,0.01522,-0.01668,-0.00672,-0.06811,0.08206,-0.11711,0.16435,-0.26388,0.384,-0,-0.44554,-0,0.00183,-0.34001,1.43384,-0.88365,-0.70807,-0.01247,-0.10022,0.00099,-0.30093,0.86375,0.03938,0.06436,-0.00425,0.00585,-0.11009,0.02724,-0.00172,0.00406,0.00197,0.02871,0.03545,-0.04687,0.00115,0.00083,0.00025,0.00011
9.9,-0.00494,-0.00248,0.01497,-0.01085,-0.01712,-0.07272,0.08165,-0.13908,0.18347,-0.2193,0.384,-0,-0.37197,0,0.00159,-0.37817,1.29718,-0.92308,-0.65821,-0.01322,-0.11911,0.00106,-0.31243,0.85699,0.05477,0.0592,0.00978,0.00584,-0.1071,0.00416,0.00143,0.00318,0.0016,0.03823,0.02992,-0.05243,0.00038,0.00016,-0.0001,-7e-05
9.92,-0.00338,-0.00102,0.0141,-0.00514,-0.02419,-0.07752,0.0775,-0.15416,0.19594,-0.18171,0.384,-0,-0.30288,0,0.00131,-0.40573,1.142,-0.93955,-0.59651,-0.01537,-0.12944,0.0011,-0.31196,0.83189,0.06588,0.05294,0.01893,0.00822,-0.09767,-0.01144,0.00303,0.00207,0.00105,0.04523,0.0229,-0.06075,-0.00216,-0.00026,-0.00031,-0.00018
9.94,-0.00203,0.00015,0.0126,-0.00011,-0.02802,-0.08207,0.06975,-0.16007,0.19949,-0.15049,0.384,-0,-0.24064,1e-05,0.00102,-0.42077,0.97712,-0.92579,-0.52585,-0.0183,-0.12933,0.00108,-0.29702,0.78685,0.07072,0.04604,0.02414,0.01368,-0.08041,-0.02142,0.00345,0.00068,0.00033,0.04988,0.01434,-0.07214,-0.00639,-0.00049,-0.00031,-0.00018
9.96,-0.00098,0.00097,0.01053,0.00386,-0.02898,-0.08592,0.05882,-0.15582,0.19313,-0.12458,0.384,-0,-0.18626,1e-05,0.00076,-0.42255,0.80952,-0.87908,-0.44895,-0.02144,-0.11817,0.00102,-0.26693,0.72194,0.0684,0.03901,0.02628,0.02222,-0.0555,-0.02732,0.00304,-0.00095,-0.00053,0.05246,0.00456,-0.08608,-0.01201,-0.00056,-7e-05,-5e-05
9.98,-0.00028,0.00144,0.00796,0.00653,-0.02767,-0.08865,0.0456,-0.14187,0.17739,-0.10275,0.384,-0,-0.1398,1e-05,0.00053,-0.41156,0.64533,-0.80209,-0.36895,-0.02424,-0.09688,0.00091,-0.22324,0.63954,0.05928,0.0325,0.02615,0.03297,-0.02503,-0.03022,0.00211,-0.00271,-0.00144,0.05326,-0.00565,-0.10098,-0.01848,-0.00051,0.00034,0.00018
10,3e-05,0.00164,0.00502,0.00777,-0.02488,-0.0898,0.03139,-0.11998,0.1541,-0.08377,0.384,-0,-0.10082,1e-05,0.00034,-0.38935,0.49095,-0.70245,-0.28979,-0.02621,-0.06775,0.00077,-0.16961,0.54448,0.04482,0.02727,0.0244,0.04427,0.00708,-0.03075,0.00094,-0.00436,-0.00229,0.05264,-0.015,-0.11432,-0.025,-0.00037,0.00084,0.00045
10.02,-3e-05,0.0017,0.00187,0.00757,-0.02148,-0.08898,0.01769,-0.09268,0.12591,-0.06658,0.384,-0,-0.06862,0,0.00019,-0.35807,0.35243,-0.59048,-0.21562,-0.02692,-0.03392,0.00063,-0.11096,0.44286,0.02716,0.02405,0.0216,0.05414,0.03616,-0.02921,-0.00025,-0.00568,-0.00295,0.0509,-0.02205,-0.12317,-0.03068,-0.00018,0.00129,0.00068
10.04,-0.00042,0.00172,-0.00135,0.00605,-0.01821,-0.08591,0.00574,-0.06262,0.09541,-0.0502,0.384,-0,-0.04231,0,7e-05,-0.31976,0.23382,-0.47569,-0.14958,-0.02609,0.00145,0.00049,-0.05201,0.34024,0.0084,0.02329,0.01819,0.06089,0.05834,-0.02579,-0.00128,-0.00646,-0.00332,0.04833,-0.0257,-0.12522,-0.0348,4e-05,0.00157,0.00083
10.06,-0.00106,0.00179,-0.00448,0.00345,-0.01557,-0.08055,-0.00366,-0.03213,0.06477,-0.03386,0.384,-0,-0.02085,0,-0,-0.27616,0.13628,-0.36481,-0.0931,-0.02367,0.03559,0.00037,0.00345,0.2406,-0.00974,0.02496,0.01457,0.06363,0.07163,-0.0208,-0.00205,-0.00662,-0.00337,0.04519,-0.02546,-0.11936,-0.03694,0.00026,0.00164,0.00083
10.08,-0.00184,0.00195,-0.00738,0.00019,-0.01386,-0.07317,-0.0102,-0.00336,0.03577,-0.01706,0.384,-0,-0.00328,0,-5e-05,-0.22885,0.05873,-0.26211,-0.04624,-0.01987,0.06601,0.0003,0.05234,0.14692,-0.0259,0.02848,0.01111,0.06231,0.07604,-0.01471,-0.00253,-0.00621,-0.00311,0.04171,-0.0216,-0.10595,-0.03701,0.00047,0.00146,0.0007
10.1,-0.00262,0.00221,-0.00988,-0.0032,-0.01317,-0.06431,-0.01391,0.0215,0.01006,0.00029,0.35498,-0,0.01109,-0,-8e-05,-0.17959,-0.00121,-0.17036,-0.00821,-0.01512,0.09025,0.00028,0.0919,0.06193,-0.03895,0.03282,0.00816,0.0576,0.07323,-0.00816,-0.00272,-0.00536,-0.00263,0.0381,-0.01502,-0.08661,-0.03522,0.00065,0.00107,0.00046
10.12,-0.00325,0.00256,-0.01181,-0.0061,-0.01343,-0.05465,-0.01506,0.04046,-0.01094,0.01797,0.25193,-0,0.02272,-0,-9e-05,-0.1302,-0.04644,-0.09119,0.02217,-0.00998,0.10611,0.00033,0.11982,-0.01191,-0.04802,0.03672,0.00603,0.0506,0.06579,-0.00188,-0.00266,-0.00427,-0.00203,0.03458,-0.00696,-0.0637,-0.03194,0.00081,0.00052,0.00015
10.14,-0.00359,0.00295,-0.01302,-0.00805,-0.01448,-0.04479,-0.01405,0.05214,-0.02632,0.03567,0.16802,-0,0.03194,-0,-9e-05,-0.08214,-0.07997,-0.02503,0.04622,-0.00498,0.11214,0.00045,0.13474,-0.07291,-0.05266,0.03906,0.00496,0.04238,0.05618,0.00348,-0.00241,-0.00315,-0.00144,0.03131,0.00143,-0.03947,-0.02762,0.00093,-0.00012,-0.0002
10.16,-0.00355,0.00333,-0.01345,-0.00879,-0.01612,-0.03516,-0.01138,0.05609,-0.03588,0.05309,0.1053,-0,0.03905,-0,-8e-05,-0.03647,-0.10447,0.02873,0.06516,-0.00053,0.10799,0.00066,0.13659,-0.12036,-0.05297,0.03907,0.00502,0.03371,0.04611,0.00746,-0.00199,-0.00211,-0.0009,0.02838,0.00935,-0.01561,-0.02271,0.00103,-0.0008,-0.00055
10.18,-0.00312,0.00365,-0.01309,-0.00831,-0.01805,-0.026,-0.00761,0.05276,-0.04004,0.06978,0.06294,0,0.04424,-0,-6e-05,0.00583,-0.12198,0.07127,0.07985,0.00309,0.09449,0.00095,0.12662,-0.15413,-0.04954,0.03643,0.00616,0.02507,0.03642,0.00976,-0.00143,-0.00125,-0.00046,0.02582,0.01632,0.00672,-0.01765,0.0011,-0.0015,-0.00088
10.2,-0.00232,0.00383,-0.01199,-0.00679,-0.01992,-0.01752,-0.00337,0.04339,-0.03971,0.08512,0.03796,0,0.04757,-0,-5e-05,0.04358,-0.13372,0.10382,0.09067,0.00567,0.07352,0.00133,0.10719,-0.17431,-0.04344,0.0312,0.00819,0.01672,0.02727,0.01018,-0.00074,-0.00057,-0.00012,0.02366,0.02214,0.02668,-0.01293,0.00117,-0.00217,-0.00119
10.22,-0.00119,0.00378,-0.01027,-0.00456,-0.02138,-0.00985,0.00071,0.02965,-0.03604,0.09833,0.02624,0,0.04902,-0,-3e-05,0.0755,-0.14029,0.12756,0.09768,0.0071,0.04759,0.00178,0.08127,-0.18114,-0.03592,0.02369,0.01084,0.00877,0.01833,0.0087,6e-05,-9e-05,0.00012,0.02188,0.02674,0.0436,-0.00897,0.00126,-0.0028,-0.00146
10.24,0.00018,0.00345,-0.00802,-0.00194,-0.02214,-0.00306,0.00414,0.01323,-0.03009,0.10875,0.02349,0,0.04858,-0,-1e-05,0.1007,-0.1421,0.14364,0.10091,0.00738,0.01916,0.00228,0.05172,-0.17528,-0.0281,0.01429,0.01384,0.00125,0.00925,0.0054,0.00095,0.00024,0.00028,0.02042,0.03006,0.05697,-0.00608,0.00135,-0.00335,-0.00169
10.26,0.00169,0.00284,-0.00538,0.00084,-0.02205,0.00287,0.00659,-0.00438,-0.02272,0.11597,0.02598,0,0.04635,0,1e-05,0.11889,-0.13961,0.15326,0.10057,0.00664,-0.00968,0.00278,0.02095,-0.15807,-0.02069,0.00338,0.01692,-0.00584,-0.00019,0.00055,0.00188,0.00045,0.00039,0.01918,0.03194,0.06636,-0.00431,0.00146,-0.00378,-0.00186
10.28,0.00323,0.00197,-0.00251,0.00358,-0.02109,0.00793,0.00797,-0.02189,-0.01454,0.11979,0.03063,0,0.04257,1e-05,2e-05,0.13029,-0.1335,0.15757,0.0971,0.0052,-0.03703,0.0032,-0.00897,-0.1316,-0.01406,-0.00863,0.0198,-0.01245,-0.00984,-0.00533,0.00279,0.00057,0.00047,0.01801,0.03208,0.07135,-0.0035,0.00156,-0.00403,-0.00196
10.3,0.00464,0.00093,0.00037,0.00615,-0.01938,0.01214,0.00833,-0.03803,-0.00601,0.12015,0.03511,0,0.03763,2e-05,3e-05,0.13544,-0.12455,0.15754,0.09114,0.00347,-0.06108,0.00345,-0.0361,-0.0988,-0.00828,-0.0212,0.02222,-0.01845,-0.01922,-0.01154,0.00358,0.00066,0.00053,0.01675,0.03006,0.07141,-0.00328,0.00162,-0.00406,-0.00194
10.32,0.00576,-0.00017,0.00305,0.00845,-0.01712,0.01546,0.00782,-0.05165,0.00258,0.11712,0.03773,0,0.03197,3e-05,4e-05,0.13507,-0.11362,0.15398,0.0834,0.00192,-0.0802,0.00345,-0.0587,-0.06303,-0.00326,-0.03367,0.02391,-0.0236,-0.02757,-0.01728,0.00413,0.00076,0.00058,0.01522,0.02547,0.06611,-0.00321,0.00159,-0.0038,-0.00179
10.34,0.00647,-0.00121,0.00534,0.01041,-0.01453,0.01787,0.00663,-0.06194,0.01102,0.11088,0.03748,0,0.026,4e-05,5e-05,0.12999,-0.10147,0.14757,0.07454,0.0009,-0.09328,0.00313,-0.07561,-0.02757,0.00116,-0.04528,0.0247,-0.02768,-0.03412,-0.02184,0.00437,0.00088,0.00062,0.01331,0.0181,0.05539,-0.00289,0.00146,-0.00321,-0.00149
10.36,0.00671,-0.00214,0.00714,0.01196,-0.01179,0.01941,0.00496,-0.06855,0.01922,0.10183,0.03402,0,0.02007,5e-05,4e-05,0.1211,-0.08875,0.13892,0.06512,0.00058,-0.09995,0.00252,-0.08635,0.00467,0.00512,-0.0552,0.02451,-0.03044,-0.03819,-0.02479,0.00425,0.00102,0.00065,0.011,0.00813,0.03976,-0.00207,0.00119,-0.00232,-0.00103
10.38,0.00646,-0.00288,0.00839,0.01307,-0.00912,0.02015,0.00301,-0.07152,0.02709,0.09059,0.02768,0,0.01447,6e-05,3e-05,0.10945,-0.07604,0.12865,0.05563,0.00091,-0.10059,0.0017,-0.0911,0.03092,0.00868,-0.06241,0.02344,-0.03167,-0.03917,-0.02594,0.00378,0.00114,0.00065,0.00837,-0.00374,0.02048,-0.00064,0.0008,-0.00119,-0.00047
10.4,0.00579,-0.0034,0.00911,0.01369,-0.00669,0.02018,0.00097,-0.0712,0.03449,0.07807,0.01943,0,0.00949,8e-05,1e-05,0.09621,-0.06395,0.11744,0.04654,0.00164,-0.09615,0.00085,-0.09054,0.04842,0.01177,-0.06572,0.02166,-0.03111,-0.03656,-0.02529,0.00302,0.00119,0.00059,0.0056,-0.01635,-0.0004,0.00132,0.00031,6e-05,0.00015
10.42,0.00479,-0.00369,0.0093,0.01379,-0.00471,0.01957,-0.00096,-0.06813,0.04122,0.06524,0.01053,0,0.00535,9e-05,-3e-05,0.08254,-0.05302,0.10591,0.03828,0.00244,-0.08787,0.00015,-0.0856,0.0549,0.01427,-0.06403,0.01941,-0.0286,-0.03006,-0.02301,0.00205,0.0011,0.00046,0.00295,-0.02828,-0.02052,0.00364,-0.00025,0.00127,0.00075
10.44,0.00354,-0.00373,0.00902,0.01334,-0.00326,0.0184,-0.00266,-0.06284,0.04706,0.05288,0.00207,0,0.00215,0.0001,-8e-05,0.06935,-0.0435,0.09448,0.03106,0.00303,-0.07694,-0.00027,-0.0773,0.0493,0.01609,-0.05677,0.01691,-0.02414,-0.01982,-0.01936,0.00096,0.00083,0.00024,0.00063,-0.03825,-0.03777,0.0061,-0.00084,0.00231,0.00126
10.46,0.00216,-0.00355,0.00832,0.01241,-0.00235,0.0167,-0.00413,-0.05578,0.05178,0.04135,-0.00528,0,-0.00025,0.0001,-0.00015,0.05711,-0.03527,0.08332,0.02485,0.00327,-0.06432,-0.00036,-0.06655,0.03248,0.0172,-0.0443,0.01428,-0.01806,-0.00662,-0.01469,-0.00017,0.00037,-7e-05,-0.00121,-0.04543,-0.05077,0.00848,-0.00141,0.00309,0.00165
10.48,0.00074,-0.0032,0.00725,0.0111,-0.00186,0.01452,-0.00543,-0.04734,0.05506,0.0307,-0.01132,0,-0.00214,9e-05,-0.00024,0.04597,-0.02782,0.0724,0.01939,0.00317,-0.05072,-0.00018,-0.05423,0.00742,0.01763,-0.02805,0.01159,-0.01106,0.00794,-0.00942,-0.00125,-0.00021,-0.00042,-0.00255,-0.04938,-0.05877,0.01053,-0.00192,0.00358,0.00189
10.5,-0.00061,-0.00276,0.0059,0.00958,-0.00158,0.01189,-0.00671,-0.03793,0.05652,0.02076,-0.01619,0,-0.004,6e-05,-0.00035,0.03587,-0.02043,0.06158,0.01425,0.00289,-0.03677,9e-05,-0.04126,-0.021,0.01747,-0.01047,0.00884,-0.00418,0.02153,-0.00411,-0.00219,-0.00082,-0.00076,-0.00338,-0.05001,-0.06157,0.01199,-0.00232,0.00376,0.00196
10.52,-0.00177,-0.0023,0.00434,0.00804,-0.00127,0.00887,-0.00814,-0.02792,0.05579,0.01126,-0.02021,0,-0.00635,1e-05,-0.00048,0.02663,-0.01231,0.05073,0.009,0.00265,-0.02297,0.00026,-0.0285,-0.04718,0.01685,0.00564,0.00602,0.00141,0.03159,0.00068,-0.00291,-0.00134,-0.00103,-0.00378,-0.04746,-0.05936,0.01262,-0.00256,0.00364,0.00188
10.54,-0.00267,-0.00189,0.00266,0.00664,-0.00076,0.00553,-0.00984,-0.01766,0.05261,0.00197,-0.02369,0,-0.0096,-6e-05,-0.00062,0.01811,-0.00282,0.03977,0.00327,0.00258,-0.00971,0.00017,-0.01663,-0.06659,0.01586,0.018,0.00313,0.0048,0.03615,0.0045,-0.00335,-0.00166,-0.00116,-0.00381,-0.04205,-0.05264,0.01226,-0.00261,0.00328,0.00165
10.56,-0.00327,-0.00158,0.00091,0.00545,5e-05,0.00197,-0.01189,-0.00749,0.04703,-0.00717,-0.02672,0,-0.01401,-0.00016,-0.00076,0.01031,0.00836,0.02879,-0.00308,0.00271,0.00273,-0.00025,-0.00608,-0.07696,0.01458,0.02549,0.00019,0.00558,0.03439,0.00712,-0.00348,-0.00172,-0.00113,-0.00354,-0.0343,-0.04217,0.0109,-0.00247,0.0027,0.00131
10.58,-0.0036,-0.00138,-0.00081,0.00446,0.00114,-0.00162,-0.01422,0.00222,0.03937,-0.01597,-0.02917,0,-0.01957,-0.00031,-0.00087,0.00342,0.02108,0.01809,-0.00992,0.00287,0.01405,-0.00096,0.00287,-0.07843,0.01307,0.02822,-0.0027,0.00389,0.02676,0.00853,-0.00333,-0.00153,-0.00094,-0.00304,-0.0249,-0.02907,0.00868,-0.00217,0.00198,0.00088
10.6,-0.0037,-0.00129,-0.00241,0.00364,0.00236,-0.00497,-0.01669,0.01093,0.03032,-0.02394,-0.03064,0,-0.02601,-0.00049,-0.00095,-0.00208,0.03465,0.00833,-0.01681,0.00276,0.0239,-0.0018,0.01006,-0.07326,0.01135,0.02735,-0.00536,0.00035,0.01486,0.00889,-0.00295,-0.00112,-0.00063,-0.00237,-0.01479,-0.01476,0.00589,-0.00178,0.00118,0.00042
10.62,-0.00365,-0.00129,-0.00379,0.00288,0.00346,-0.00778,-0.01904,0.01807,0.02076,-0.0303,-0.03055,0,-0.03281,-0.00071,-0.00094,-0.00552,0.04785,0.00033,-0.02298,0.00203,0.03186,-0.00259,0.01538,-0.06485,0.00949,0.02456,-0.00756,-0.00412,0.00099,0.00846,-0.0024,-0.00056,-0.00025,-0.00154,-0.00496,-0.00077,0.00292,-0.00137,0.0004,-3e-05
10.64,-0.00352,-0.00134,-0.00487,0.00211,0.00415,-0.00978,-0.02097,0.0231,0.0116,-0.03408,-0.02825,0,-0.0392,-0.00097,-0.00081,-0.00614,0.059,-0.00504,-0.02742,0.00044,0.0376,-0.00315,0.01883,-0.05648,0.0076,0.02137,-0.00897,-0.0086,-0.01251,0.00752,-0.00176,7e-05,0.00015,-0.00049,0.00378,0.01168,0.00014,-0.00104,-0.00032,-0.00042
10.66,-0.00336,-0.00144,-0.00561,0.0013,0.00405,-0.01076,-0.02216,0.02564,0.00368,-0.03415,-0.02315,0,-0.04421,-0.00124,-0.0005,-0.00318,0.06592,-0.00701,-0.02887,-0.00208,0.04094,-0.00338,0.02051,-0.05048,0.00586,0.01873,-0.00927,-0.01235,-0.02369,0.00634,-0.00109,0.00068,0.00051,0.00097,0.01091,0.02195,-0.00216,-0.00088,-0.00094,-0.00074
10.68,-0.00318,-0.00153,-0.00599,0.00046,0.00278,-0.01063,-0.02222,0.02543,-0.0022,-0.02928,-0.01473,0,-0.04657,-0.00152,4e-05,0.00408,0.06589,-0.00495,-0.02584,-0.00534,0.04187,-0.00327,0.02066,-0.04806,0.00458,0.01688,-0.00808,-0.01479,-0.03096,0.00515,-0.00046,0.00119,0.0008,0.00312,0.01627,0.02991,-0.00374,-0.00096,-0.00144,-0.00097
10.7,-0.00298,-0.0016,-0.00601,-0.00033,-0.00012,-0.00934,-0.02074,0.0223,-0.00523,-0.01809,-0.00264,0,-0.04474,-0.00177,0.00087,0.01628,0.05561,0.00171,-0.01656,-0.00894,0.04043,-0.00287,0.01956,-0.04942,0.00416,0.01545,-0.00498,-0.0155,-0.033,0.00414,7e-05,0.00151,0.00096,0.00634,0.01986,0.03584,-0.00443,-0.00136,-0.00184,-0.00112
10.72,-0.00275,-0.00162,-0.00573,-0.00099,-0.00511,-0.00688,-0.0172,0.01619,-0.00468,0.0008,0.01318,0,-0.03679,-0.00193,0.00206,0.03384,0.03134,0.01331,0.00084,-0.01226,0.03672,-0.00228,0.01756,-0.05402,0.00499,0.01377,0.0005,-0.01417,-0.02876,0.00344,0.00045,0.00156,0.00095,0.01106,0.02185,0.04024,-0.00408,-0.00216,-0.00217,-0.00121
10.74,-0.00244,-0.00154,-0.00518,-0.00141,-0.01268,-0.00325,-0.01103,0.00714,-6e-05,0.02862,0.0323,0,-0.02049,-0.00195,0.00366,0.05672,-0.01087,0.02984,0.02817,-0.01461,0.0308,-0.00159,0.01505,-0.06079,0.00728,0.01118,0.00886,-0.01066,-0.01746,0.00304,0.00064,0.00126,0.00074,0.01774,0.02237,0.04365,-0.00265,-0.00337,-0.00245,-0.00124
10.76,-0.00197,-0.00132,-0.00444,-0.00151,-0.02325,0.00155,-0.00156,-0.00466,0.00875,0.0662,0.0536,0,0.00663,-0.00173,0.00569,0.08418,-0.07476,0.05075,0.06693,-0.01527,0.02268,-0.00088,0.01244,-0.06838,0.01097,0.00735,0.02062,-0.00496,0.00129,0.00277,0.00064,0.00059,0.00031,0.02678,0.02154,0.0465,-0.00018,-0.00498,-0.00269,-0.00124
10.78,-0.00126,-0.00089,-0.00361,-0.00122,-0.03712,0.00752,0.01188,-0.01876,0.02136,0.11365,0.07504,0,0.04714,-0.00117,0.00814,0.11454,-0.16344,0.07475,0.11798,-0.01345,0.01239,-0.00022,0.01018,-0.0751,0.01564,0.00234,0.03618,0.00274,0.0274,0.00227,0.00046,-0.00047,-0.00033,0.03847,0.01939,0.04905,0.00317,-0.00691,-0.00288,-0.00121
10.8,-0.0002,-0.00021,-0.00282,-0.00052,-0.05442,0.01458,0.02991,-0.03439,0.0369,0.17017,0.09357,-0,0.10346,-0.00015,0.01095,0.14507,-0.27887,0.09976,0.18128,-0.00833,-0,0.00036,0.00884,-0.07898,0.02053,-0.0034,0.05578,0.01202,0.06018,0.00104,0.00014,-0.00186,-0.00116,0.05293,0.01587,0.0514,0.00711,-0.00901,-0.00303,-0.00115
10.82,0.00131,0.00079,-0.00219,0.00063,-0.07509,0.02257,0.05301,-0.05049,0.05407,0.23425,0.10516,-0,0.17781,0.00145,0.01394,0.17217,-0.42175,0.12329,0.25592,0.00091,-0.01432,0.0008,0.0092,-0.07813,0.02462,-0.00914,0.07948,0.02229,0.09837,-0.00149,-0.00025,-0.00354,-0.00213,0.07014,0.011,0.05357,0.01127,-0.0111,-0.00311,-0.00108
10.84,0.00336,0.00218,-0.00186,0.00224,-0.09899,0.03129,0.08153,-0.06573,0.07129,0.30405,0.10505,-0,0.27216,0.00377,0.01687,0.19193,-0.5914,0.14299,0.34017,0.01506,-0.03026,0.00107,0.01242,-0.0714,0.02674,-0.01412,0.10719,0.03287,0.14032,-0.00579,-0.00063,-0.0054,-0.00319,0.08998,0.00486,0.05564,0.01528,-0.01298,-0.00313,-0.001
10.86,0.00601,0.00401,-0.00192,0.00435,-0.12585,0.04043,0.11549,-0.07857,0.08673,0.37742,0.08793,-0,0.38779,0.0069,0.01932,0.20037,-0.78507,0.15702,0.43132,0.03476,-0.04735,0.00112,0.02016,-0.05874,0.02568,-0.01763,0.13854,0.043,0.18388,-0.01213,-0.00093,-0.00733,-0.00428,0.11223,-0.00222,0.05788,0.01878,-0.0145,-0.00308,-0.00092
10.88,0.00928,0.00633,-0.00242,0.00697,-0.15506,0.04952,0.15434,-0.08711,0.09823,0.4514,0.04799,-0,0.52443,0.01093,0.02072,0.19341,-0.99643,0.16405,0.5249,0.06035,-0.06475,0.00088,0.03455,-0.0415,0.02018,-0.01904,0.17266,0.05179,0.22613,-0.0205,-0.00105,-0.00918,-0.00532,0.13638,-0.00964,0.0607,0.02145,-0.01552,-0.00301,-0.00087
10.9,0.0131,0.00915,-0.00338,0.01006,-0.18553,0.05788,0.19679,-0.08912,0.10326,0.52184,-0.0206,-0,0.6796,0.01585,0.0203,0.16695,-1.21473,0.16317,0.61433,0.0918,-0.08125,0.00029,0.05804,-0.02234,0.00901,-0.01779,0.20804,0.05815,0.26313,-0.03062,-0.00089,-0.01077,-0.00619,0.16155,-0.01649,0.06463,0.02293,-0.01592,-0.00296,-0.00086
10.92,0.01737,0.01244,-0.0048,0.0136,-0.21594,0.06475,0.24111,-0.08245,0.09942,0.58415,-0.12254,-0,0.84924,0.02152,0.01712,0.11759,-1.42696,0.15432,0.69219,0.12882,-0.09556,-0.00073,0.09296,-0.00504,-0.0089,-0.01357,0.24284,0.06092,0.29051,-0.04201,-0.00034,-0.01189,-0.00679,0.18664,-0.02184,0.07015,0.02289,-0.0156,-0.00298,-0.00093
10.94,0.02198,0.01617,-0.00667,0.01758,-0.24511,0.06947,0.28564,-0.06578,0.08522,0.63474,-0.25947,-1e-05,1.02908,0.02768,0.01001,0.04385,-1.62193,0.13896,0.75231,0.17112,-0.10676,-0.00227,0.14093,0.00591,-0.03414,-0.00661,0.27548,0.0591,0.30452,-0.0542,0.00066,-0.01239,-0.00703,0.21073,-0.02496,0.07745,0.02107,-0.01449,-0.00309,-0.00108
10.96,0.02682,0.02028,-0.00897,0.022,-0.2723,0.07165,0.3291,-0.03916,0.06075,0.67184,-0.384,-1e-05,1.21493,0.03382,-0.00233,-0.05272,-1.79234,0.1206,0.7912,0.21851,-0.11467,-0.00438,0.20218,0.00554,-0.06656,0.00216,0.30494,0.05202,0.30269,-0.06683,0.00216,-0.0122,-0.00685,0.23325,-0.02566,0.08623,0.01733,-0.01261,-0.00331,-0.00131
10.98,0.03175,0.02466,-0.01163,0.02684,-0.29696,0.07115,0.37026,-0.00438,0.0279,0.69545,-0.384,-1e-05,1.40138,0.03915,-0.02128,-0.16663,-1.93407,0.10506,0.80799,0.27049,-0.11984,-0.00712,0.27505,-0.01152,-0.10498,0.01093,0.33064,0.03943,0.28399,-0.07952,0.00413,-0.01134,-0.00626,0.25385,-0.02427,0.09562,0.01172,-0.01003,-0.00361,-0.00159
11,0.03658,0.02911,-0.01456,0.03205,-0.31857,0.06805,0.40768,0.03515,-0.00964,0.70676,-0.384,-1e-05,1.58077,0.04257,-0.04815,-0.28834,-2.04457,0.10022,0.80388,0.32605,-0.12337,-0.01049,0.35568,-0.05079,-0.14713,0.01717,0.35215,0.02152,0.24874,-0.09184,0.0065,-0.00994,-0.0053,0.27222,-0.02158,0.10417,0.00442,-0.00691,-0.0039,-0.00188
11.02,0.04107,0.03341,-0.01763,0.03754,-0.33663,0.0626,0.43982,0.07522,-0.04741,0.70768,-0.384,-1e-05,1.7444,0.04256,-0.08402,-0.40645,-2.12237,0.11438,0.78131,0.38406,-0.12644,-0.01441,0.4387,-0.11636,-0.19034,0.0182,0.36915,-0.00112,0.19848,-0.10332,0.00914,-0.00814,-0.00404,0.28808,-0.01855,0.11029,-0.00425,-0.00347,-0.00412,-0.00211
11.04,0.04507,0.03737,-0.02075,0.04316,-0.35083,0.05516,0.46551,0.11221,-0.08165,0.70011,-0.384,-1e-05,1.88527,0.03722,-0.12942,-0.5113,-2.16718,0.15384,0.74313,0.44404,-0.1297,-0.01875,0.51833,-0.20869,-0.23272,0.01224,0.38155,-0.02748,0.13583,-0.11359,0.01194,-0.00611,-0.00256,0.30125,-0.01598,0.11285,-0.01396,0.00013,-0.00421,-0.00226
11.06,0.04847,0.04087,-0.02379,0.04874,-0.36108,0.04621,0.48416,0.14386,-0.11015,0.68561,-0.384,-1e-05,1.99955,0.02423,-0.18401,-0.59708,-2.17995,0.22105,0.6922,0.50649,-0.13291,-0.02324,0.58902,-0.32266,-0.27379,-0.00095,0.3895,-0.05611,0.06464,-0.12245,0.01479,-0.00399,-0.00096,0.31165,-0.01421,0.11161,-0.02437,0.00378,-0.00415,-0.00232
11.08,0.05124,0.04383,-0.02667,0.05402,-0.36748,0.03635,0.49565,0.16929,-0.13234,0.66541,-0.384,-1e-05,2.08597,0.00094,-0.24605,-0.66174,-2.1627,0.31368,0.63158,0.57251,-0.13469,-0.02748,0.64491,-0.44624,-0.31433,-0.01976,0.39332,-0.08489,-0.00943,-0.12978,0.01759,-0.00192,0.00064,0.31927,-0.0131,0.10733,-0.0351,0.00739,-0.00396,-0.00228
11.1,0.05338,0.0462,-0.02926,0.05862,-0.37019,0.0264,0.50013,0.18855,-0.14884,0.64046,-0.384,-1e-05,2.14465,-0.03549,-0.31232,-0.70588,-2.11816,0.42478,0.5648,0.64331,-0.1327,-0.03089,0.6796,-0.56088,-0.35593,-0.04093,0.39341,-0.11093,-0.0788,-0.1355,0.02021,-4e-05,0.00211,0.32407,-0.01212,0.10161,-0.04563,0.01092,-0.00371,-0.0022
11.12,0.0549,0.04796,-0.03141,0.06215,-0.36939,0.01722,0.49789,0.20234,-0.16109,0.61154,-0.384,-1e-05,2.17615,-0.08784,-0.37876,-0.73155,-2.04943,0.54483,0.49545,0.72008,-0.12386,-0.03275,0.68703,-0.64566,-0.40047,-0.06043,0.3902,-0.13114,-0.1354,-0.13954,0.02252,0.00153,0.00329,0.32597,-0.01059,0.09631,-0.0554,0.0143,-0.00346,-0.00213
11.14,0.05584,0.04905,-0.03301,0.06438,-0.36535,0.00943,0.4893,0.2116,-0.17077,0.57936,-0.384,-1e-05,2.18082,-0.15847,-0.44194,-0.74098,-1.95958,0.66491,0.4264,0.80406,-0.10494,-0.03232,0.66327,-0.68396,-0.44952,-0.07482,0.38411,-0.14321,-0.1731,-0.14192,0.02443,0.0027,0.00408,0.32501,-0.00808,0.09276,-0.064,0.01748,-0.00328,-0.0021
11.16,0.05622,0.04946,-0.03399,0.0653,-0.35841,0.00333,0.47477,0.21724,-0.17948,0.54465,-0.384,-1e-05,2.15838,-0.24874,-0.4997,-0.73577,-1.85176,0.77848,0.35951,0.89633,-0.07295,-0.02889,0.6079,-0.66803,-0.5038,-0.08215,0.37557,-0.14622,-0.18932,-0.14275,0.02589,0.00341,0.00443,0.32138,-0.00469,0.09116,-0.07121,0.02042,-0.00316,-0.0021
11.18,0.0561,0.04917,-0.0343,0.06518,-0.34906,-0.00114,0.45488,0.22004,-0.18855,0.50854,-0.384,-1e-05,2.10788,-0.35833,-0.55094,-0.71656,-1.73,0.88101,0.29607,0.99706,-0.02545,-0.02179,0.52469,-0.60011,-0.56262,-0.08211,0.36506,-0.14074,-0.18523,-0.14224,0.0269,0.00366,0.00436,0.31549,-0.00112,0.09046,-0.07702,0.02301,-0.00302,-0.00211
11.2,0.0555,0.04814,-0.03393,0.06449,-0.33794,-0.00432,0.43041,0.22059,-0.19897,0.47266,-0.384,-1e-05,2.02777,-0.48474,-0.59503,-0.68321,-1.59978,0.96903,0.23728,1.10496,0.03932,-0.01045,0.42134,-0.49125,-0.62367,-0.07576,0.35317,-0.12865,-0.16518,-0.14068,0.02751,0.00345,0.00393,0.30794,0.00141,0.0886,-0.0815,0.02514,-0.00277,-0.00207
11.22,0.05447,0.04636,-0.03287,0.06384,-0.32574,-0.00662,0.40218,0.21926,-0.21137,0.43889,-0.384,-0,1.91569,-0.62395,-0.63156,-0.63516,-1.46738,1.03991,0.18426,1.21766,0.12256,0.00578,0.30737,-0.35725,-0.68359,-0.06499,0.34048,-0.11252,-0.13519,-0.13837,0.02774,0.00285,0.00325,0.2994,0.00147,0.08315,-0.08476,0.02665,-0.00226,-0.00189
11.24,0.05303,0.04382,-0.03114,0.06376,-0.313,-0.00839,0.37088,0.21624,-0.22597,0.40868,-0.384,-0,1.76832,-0.77171,-0.66015,-0.57206,-1.33861,1.09229,0.13777,1.33265,0.22527,0.02772,0.19095,-0.2128,-0.73916,-0.05163,0.32742,-0.09481,-0.10101,-0.13553,0.02763,0.0019,0.0024,0.29033,-0.00199,0.07232,-0.08692,0.02742,-0.00139,-0.00152
11.26,0.05119,0.04055,-0.02879,0.06464,-0.30002,-0.00977,0.3369,0.21157,-0.24255,0.3828,-0.384,-0,1.58178,-0.92383,-0.6803,-0.49449,-1.21819,1.12611,0.09804,1.44757,0.34805,0.05634,0.07707,-0.06803,-0.78784,-0.03699,0.31423,-0.07738,-0.06689,-0.13227,0.0272,0.00066,0.00147,0.28097,-0.00926,0.05573,-0.08802,0.02742,-0.00013,-0.00093
11.28,0.04899,0.03665,-0.02591,0.06668,-0.28693,-0.01065,0.30067,0.20516,-0.26027,0.36141,-0.384,-0,1.35303,-1.07522,-0.69116,-0.40462,-1.11065,1.14238,0.06514,1.55943,0.49019,0.09264,-0.03205,0.07131,-0.82755,-0.02181,0.30098,-0.06147,-0.03547,-0.12858,0.02644,-0.0008,0.0005,0.27127,-0.01976,0.03467,-0.08803,0.02668,0.00149,-0.00014
11.3,0.04647,0.03228,-0.02265,0.0699,-0.27382,-0.01066,0.26282,0.19685,-0.27768,0.34429,-0.384,-0,1.08102,-1.21893,-0.69138,-0.30661,-1.02112,1.14286,0.03928,1.66401,0.64907,0.13729,-0.13591,0.20247,-0.85645,-0.00643,0.28774,-0.04788,-0.00819,-0.1244,0.02531,-0.00238,-0.00047,0.26103,-0.03204,0.01201,-0.08683,0.0253,0.00335,0.00079
11.32,0.0437,0.02766,-0.01917,0.07413,-0.26066,-0.00931,0.22407,0.1864,-0.29294,0.33084,-0.384,-0,0.76615,-1.34706,-0.67932,-0.20601,-0.9551,1.13012,0.02089,1.75731,0.8209,0.19023,-0.23502,0.32452,-0.87352,0.00904,0.27449,-0.03709,0.01438,-0.11962,0.02378,-0.00398,-0.00139,0.24996,-0.04423,-0.0086,-0.08429,0.02344,0.00529,0.00178
11.34,0.04072,0.02298,-0.01563,0.07911,-0.24723,-0.00605,0.18492,0.17356,-0.30439,0.31993,-0.384,-0,0.40897,-1.45279,-0.65345,-0.10856,-0.91738,1.10784,0.01051,1.83798,1.00243,0.2501,-0.33044,0.43743,-0.87973,0.02454,0.26111,-0.02924,0.0322,-0.11413,0.02182,-0.00553,-0.00227,0.23761,-0.05464,-0.02394,-0.08029,0.02125,0.00717,0.00275
11.36,0.0376,0.01837,-0.01213,0.08442,-0.23315,-0.00046,0.14558,0.15808,-0.31076,0.30987,-0.384,-0,0.0105,-1.53148,-0.61271,-0.0197,-0.91135,1.0812,0.00872,1.90883,1.19137,0.31369,-0.42314,0.54107,-0.87884,0.03992,0.24729,-0.02422,0.04548,-0.10789,0.01938,-0.00696,-0.00307,0.22352,-0.06211,-0.03204,-0.07485,0.01887,0.00891,0.00367
11.38,0.0344,0.01397,-0.00872,0.08951,-0.2179,0.00776,0.10621,0.13988,-0.31126,0.29843,-0.384,-0,-0.42487,-1.58024,-0.55692,0.05486,-0.93903,1.05713,0.01616,1.97672,1.3852,0.3753,-0.51318,0.63413,-0.87761,0.05472,0.23268,-0.02172,0.05449,-0.10095,0.01648,-0.00824,-0.00381,0.20726,-0.06607,-0.03227,-0.06815,0.01645,0.01046,0.0045
11.4,0.03121,0.00988,-0.0055,0.09364,-0.20099,0.01871,0.06723,0.11908,-0.30546,0.28304,-0.384,-0,-0.88694,-1.59724,-0.48693,0.10864,-1.00097,1.04426,0.03357,2.0514,1.57982,0.42676,-0.59908,0.71353,-0.88526,0.06811,0.21699,-0.02129,0.05944,-0.09354,0.01317,-0.00933,-0.00447,0.18856,-0.06641,-0.02518,-0.06052,0.01414,0.01182,0.00524
11.42,0.02816,0.00625,-0.00253,0.09598,-0.18196,0.0323,0.02912,0.09605,-0.29315,0.26118,-0.384,-0,-1.36155,-1.58152,-0.40422,0.135,-1.09542,1.05204,0.06162,2.14355,1.76981,0.45938,-0.67829,0.77517,-0.91176,0.07909,0.19993,-0.0224,0.06055,-0.08592,0.00951,-0.01021,-0.00504,0.16727,-0.06333,-0.01206,-0.05244,0.0121,0.01299,0.0059
11.44,0.02532,0.00315,0.00013,0.09583,-0.16043,0.04828,-0.00785,0.07123,-0.27423,0.23093,-0.384,-0,-1.83497,-1.53326,-0.31038,0.12872,-1.21683,1.08933,0.10069,2.26222,1.94971,0.46709,-0.74836,0.81564,-0.96513,0.08674,0.18119,-0.02442,0.05822,-0.07832,0.0056,-0.01087,-0.00551,0.14327,-0.05717,0.00558,-0.04431,0.01045,0.01399,0.00646
11.46,0.02273,0.00061,0.00245,0.09272,-0.13613,0.06622,-0.04382,0.04515,-0.24874,0.19151,-0.384,-0,-2.29531,-1.4543,-0.2069,0.08705,-1.35441,1.16317,0.15053,2.41255,2.11432,0.44861,-0.80749,0.83329,-1.04936,0.09047,0.16046,-0.02666,0.05313,-0.07086,0.00148,-0.01132,-0.00589,0.11647,-0.04823,0.0263,-0.03643,0.00923,0.01481,0.00694
11.48,0.02039,-0.00138,0.0044,0.08647,-0.10911,0.08529,-0.07911,0.01864,-0.217,0.14359,-0.384,-0,-2.7294,-1.34866,-0.09601,0.01024,-1.49072,1.27807,0.20988,2.59424,2.25752,0.4081,-0.8542,0.82826,-1.16341,0.08997,0.13751,-0.02839,0.04628,-0.06357,-0.00277,-0.01158,-0.00619,0.08703,-0.03692,0.04866,-0.02904,0.00842,0.01543,0.00732
11.5,0.01826,-0.00287,0.00594,0.07715,-0.07986,0.10427,-0.11388,-0.00705,-0.17974,0.0895,-0.384,-0,-3.11985,-1.22272,0.01883,-0.09849,-1.60176,1.43565,0.27613,2.80089,2.37107,0.35485,-0.88681,0.80218,-1.301,0.08521,0.11241,-0.02876,0.03901,-0.05647,-0.00701,-0.01169,-0.00641,0.0555,-0.02368,0.0711,-0.02237,0.00797,0.0158,0.00756
11.52,0.01633,-0.00388,0.00701,0.06505,-0.04921,0.12172,-0.14815,-0.03046,-0.13796,0.03258,-0.384,-0,-3.44732,-1.08386,0.13355,-0.23367,-1.66091,1.63473,0.34567,3.02137,2.44524,0.30228,-0.90331,0.75756,-1.45183,0.07633,0.08542,-0.02702,0.03268,-0.04958,-0.01109,-0.01167,-0.00658,0.02272,-0.0091,0.09202,-0.01662,0.00777,0.01586,0.00764
11.54,0.01454,-0.00447,0.00756,0.05052,-0.01796,0.13635,-0.18191,-0.05039,-0.0926,-0.02378,-0.384,-0,-3.69611,-0.9382,0.24487,-0.38867,-1.64543,1.87161,0.41437,3.24249,2.47057,0.26627,-0.90154,0.69721,-1.60366,0.06363,0.05683,-0.02268,0.02822,-0.0428,-0.01488,-0.01156,-0.0067,-0.01053,0.00624,0.11,-0.0119,0.00772,0.01556,0.00754
11.56,0.01285,-0.00467,0.0076,0.03395,0.01318,0.1473,-0.21513,-0.06611,-0.04445,-0.07659,-0.384,-0,-3.85748,-0.78959,0.35089,-0.5559,-1.54118,2.13944,0.47784,3.45001,2.43913,0.2642,-0.87938,0.62405,-1.74324,0.04756,0.02691,-0.01564,0.02593,-0.03599,-0.01827,-0.01139,-0.00678,-0.04354,0.02171,0.12391,-0.00819,0.00768,0.01491,0.00725
11.58,0.01119,-0.00453,0.00712,0.01589,0.04344,0.15406,-0.24746,-0.07735,0.00545,-0.12307,-0.384,-0,-3.92894,-0.64043,0.4505,-0.72558,-1.34428,2.42609,0.5309,3.62729,2.34486,0.31485,-0.83481,0.54157,-1.8554,0.02886,-0.00383,-0.00635,0.02534,-0.02897,-0.02116,-0.01117,-0.00681,-0.07554,0.0365,0.1328,-0.00537,0.00751,0.01393,0.00679
11.6,0.00954,-0.00408,0.00615,-0.00285,0.07171,0.15637,-0.27808,-0.08409,0.05559,-0.1602,-0.37119,-0,-3.9124,-0.49276,0.54241,-0.88512,-1.06098,2.71312,0.56739,3.75448,2.18362,0.43761,-0.76604,0.45421,-1.92281,0.00863,-0.0345,0.00431,0.02539,-0.02157,-0.02342,-0.0109,-0.0068,-0.10542,0.04958,0.13581,-0.00325,0.00708,0.01272,0.00622
11.62,0.00789,-0.00334,0.00474,-0.02135,0.09677,0.15416,-0.30579,-0.08649,0.10426,-0.18515,-0.31176,-0,-3.81313,-0.34812,0.6249,-1.02106,-0.70557,2.97887,0.58126,3.81146,1.95333,0.64881,-0.67113,0.36679,-1.92917,-0.01181,-0.06395,0.01519,0.02476,-0.01367,-0.02494,-0.0106,-0.00674,-0.1319,0.05982,0.13227,-0.00161,0.00626,0.01135,0.00558
11.64,0.00621,-0.00235,0.00297,-0.0388,0.11757,0.14757,-0.32948,-0.08488,0.15023,-0.19598,-0.25564,-0,-3.63933,-0.20664,0.69592,-1.12284,-0.29719,3.20429,0.56843,3.78334,1.65427,0.95612,-0.54764,0.28343,-1.86474,-0.03115,-0.09113,0.02528,0.02241,-0.00521,-0.02562,-0.01026,-0.00662,-0.1539,0.06642,0.12191,-0.00023,0.00494,0.00991,0.00492
11.66,0.00451,-0.00115,0.0009,-0.05462,0.1335,0.13697,-0.34828,-0.07975,0.19301,-0.19217,-0.20343,-0,-3.40267,-0.06688,0.75296,-1.1851,0.14083,3.37635,0.5283,3.66463,1.29052,1.35344,-0.39281,0.20706,-1.73053,-0.04823,-0.11523,0.03392,0.01787,0.00378,-0.02544,-0.00992,-0.00646,-0.17076,0.06901,0.10511,0.0011,0.00308,0.00843,0.00425
11.68,0.00281,0.0002,-0.00134,-0.06837,0.14422,0.12301,-0.36149,-0.07176,0.23265,-0.17476,-0.15527,-0,-3.12003,0.07318,0.79252,-1.20768,0.57789,3.48734,0.46425,3.46078,0.8728,1.81681,-0.20467,0.13988,-1.5402,-0.06191,-0.13556,0.04081,0.01145,0.01314,-0.02444,-0.0096,-0.00626,-0.1821,0.06777,0.08301,0.00254,0.00073,0.00689,0.00357
11.7,0.00116,0.0016,-0.00359,-0.0796,0.14957,0.10668,-0.36843,-0.06177,0.26933,-0.14613,-0.11127,-0,-2.81391,0.21493,0.80998,-1.19455,0.9748,3.53321,0.38342,3.18749,0.41999,2.30415,0.01696,0.08388,-1.31898,-0.07096,-0.15135,0.0459,0.00411,0.02247,-0.02271,-0.00935,-0.00605,-0.18772,0.0633,0.05754,0.00422,-0.002,0.00526,0.00285
11.72,-0.00038,0.00295,-0.0057,-0.08791,0.14951,0.08908,-0.36847,-0.05068,0.30318,-0.10937,-0.07152,-0,-2.50835,0.35856,0.80072,-1.15208,1.29067,3.51286,0.29484,2.86562,-0.04458,2.76399,0.27075,0.04069,-1.09718,-0.07423,-0.16184,0.04926,-0.0029,0.03127,-0.02036,-0.0092,-0.00585,-0.18751,0.05643,0.03097,0.00621,-0.00495,0.00352,0.00206
11.74,-0.00174,0.00413,-0.00753,-0.09302,0.14419,0.07106,-0.3612,-0.03928,0.3342,-0.06741,-0.03585,-0,-2.22193,0.50294,0.76224,-1.08699,1.49529,3.4282,0.20663,2.51358,-0.50024,3.15005,0.55476,0.01073,-0.89998,-0.07095,-0.16653,0.05102,-0.0086,0.03903,-0.01749,-0.00919,-0.0057,-0.18152,0.04799,0.00528,0.00844,-0.00795,0.00161,0.00118
11.76,-0.00289,0.00506,-0.00903,-0.09487,0.134,0.05314,-0.34664,-0.02813,0.36217,-0.02259,-0.00375,-0,-1.96384,0.64499,0.69576,-1.00525,1.57722,3.28469,0.12438,2.14343,-0.9322,3.43006,0.86607,-0.00715,-0.74119,-0.061,-0.16536,0.05127,-0.0126,0.04536,-0.01417,-0.00935,-0.00559,-0.17004,0.03865,-0.01825,0.01076,-0.01085,-0.00047,0.0002
11.78,-0.00383,0.00564,-0.01022,-0.09359,0.11965,0.03551,-0.32534,-0.01764,0.38637,0.02316,0.02536,-0,-1.73498,0.7785,0.6071,-0.91233,1.54482,3.09231,0.05137,1.76257,-1.32913,3.58555,1.19842,-0.01567,-0.62289,-0.04496,-0.15872,0.05003,-0.0152,0.04992,-0.01045,-0.00967,-0.00555,-0.15365,0.02898,-0.0389,0.01283,-0.01352,-0.00268,-0.00086
11.8,-0.00454,0.00578,-0.01118,-0.08946,0.10222,0.01826,-0.29838,-0.00815,0.40543,0.06803,0.05185,-0,-1.53069,0.8936,0.5064,-0.81367,1.42305,2.86575,-0.01065,1.37657,-1.67992,3.60863,1.54052,-0.01872,-0.53786,-0.0241,-0.14741,0.04726,-0.01728,0.0524,-0.00639,-0.01014,-0.00554,-0.13327,0.01949,-0.05637,0.01419,-0.0158,-0.00494,-0.00196
11.82,-0.00503,0.0054,-0.01198,-0.08286,0.08294,0.00139,-0.26728,3e-05,0.41758,0.11033,0.07586,-0,-1.34364,0.9789,0.40569,-0.71418,1.24545,2.62174,-0.06115,0.9898,-1.97418,3.49917,1.87797,-0.0204,-0.47358,0.00023,-0.13248,0.0429,-0.01993,0.05252,-0.00206,-0.0107,-0.00558,-0.11004,0.01062,-0.07055,0.01432,-0.01754,-0.00713,-0.00305
11.84,-0.00531,0.00445,-0.0127,-0.07415,0.06297,-0.01505,-0.23354,0.00667,0.42123,0.14891,0.09728,-0,-1.16662,1.02544,0.3151,-0.61724,1.04322,2.37461,-0.10071,0.6045,-2.20524,3.26265,2.19754,-0.02391,-0.41714,0.02737,-0.11498,0.0369,-0.02407,0.05012,0.00246,-0.01133,-0.00563,-0.08508,0.00269,-0.08146,0.01286,-0.01863,-0.00916,-0.00407
11.86,-0.00541,0.00291,-0.0134,-0.06367,0.04326,-0.03099,-0.19867,0.0116,0.41528,0.1832,0.11577,-0,-0.995,1.02929,0.24054,-0.5243,0.83855,2.13413,-0.13088,0.22137,-2.37161,2.90989,2.48911,-0.0307,-0.35875,0.05784,-0.09588,0.02931,-0.03008,0.04522,0.00708,-0.01196,-0.00569,-0.05943,-0.00416,-0.08918,0.0097,-0.01903,-0.01098,-0.00501
11.88,-0.00536,0.00082,-0.01407,-0.05184,0.02467,-0.0461,-0.16434,0.01469,0.3993,0.21301,0.13061,-0,-0.82872,0.99208,0.18371,-0.43548,0.64435,1.9068,-0.15387,-0.1573,-2.47589,2.45917,2.74384,-0.04024,-0.29313,0.09326,-0.07621,0.0203,-0.0377,0.03807,0.01166,-0.01254,-0.00572,-0.03422,-0.00988,-0.09371,0.00503,-0.01874,-0.01257,-0.00583
11.9,-0.00522,-0.00172,-0.01466,-0.03915,0.00811,-0.05977,-0.13258,0.01576,0.37347,0.23817,0.14061,-0,-0.67296,0.92022,0.14306,-0.35045,0.46651,1.69761,-0.17212,-0.52506,-2.52292,1.93744,2.95206,-0.05004,-0.21942,0.13593,-0.05713,0.01026,-0.04607,0.02915,0.01597,-0.01299,-0.00571,-0.01082,-0.01445,-0.09499,-0.00065,-0.01784,-0.01393,-0.00656
11.92,-0.00503,-0.00456,-0.01508,-0.02621,-0.00548,-0.07123,-0.10552,0.01471,0.33853,0.25826,0.14442,-0,-0.53596,0.8229,0.11512,-0.26882,0.30612,1.51003,-0.18775,-0.87246,-2.51849,1.37635,3.10382,-0.05598,-0.13964,0.18831,-0.03987,-0.00026,-0.05394,0.01911,0.01975,-0.01325,-0.00564,0.00929,-0.01789,-0.0929,-0.00667,-0.01642,-0.01506,-0.00719
11.94,-0.00484,-0.00756,-0.01524,-0.01357,-0.0153,-0.0798,-0.08474,0.01152,0.29571,0.27251,0.14119,-0,-0.42499,0.70921,0.09593,-0.19042,0.16182,1.3446,-0.20186,-1.19042,-2.46849,0.8051,3.19146,-0.05285,-0.05601,0.2522,-0.02554,-0.01058,-0.06003,0.00865,0.02276,-0.01327,-0.00549,0.02486,-0.02018,-0.08749,-0.0124,-0.01462,-0.01598,-0.00772
11.96,-0.0047,-0.01058,-0.01506,-0.00176,-0.02081,-0.08509,-0.07092,0.0064,0.24684,0.27956,0.13093,-0,-0.34378,0.5867,0.08207,-0.11566,0.03181,1.19852,-0.21405,-1.47175,-2.37864,0.24756,3.21115,-0.03469,0.03053,0.32809,-0.01497,-0.01996,-0.06327,-0.00152,0.02488,-0.01305,-0.00527,0.03502,-0.0213,-0.07907,-0.01731,-0.0126,-0.0167,-0.00815
11.98,-0.00462,-0.01344,-0.01445,0.00864,-0.02163,-0.08698,-0.06387,-0.0002,0.19474,0.27741,0.11471,-0,-0.29263,0.46183,0.07108,-0.04621,-0.08458,1.0667,-0.22213,-1.7092,-2.25498,-0.27425,3.16292,0.00502,0.12008,0.41437,-0.00885,-0.02745,-0.06282,-0.01059,0.02601,-0.01263,-0.005,0.03927,-0.02116,-0.06837,-0.02104,-0.01057,-0.01722,-0.00848
12,-0.00462,-0.01596,-0.01338,0.01698,-0.01753,-0.08555,-0.06274,-0.0076,0.14333,0.26346,0.09459,-0,-0.26937,0.34081,0.06151,0.01465,-0.18612,0.94315,-0.22239,-1.89357,-2.10422,-0.73658,3.05002,0.07337,0.21308,0.50699,-0.00775,-0.03192,-0.05807,-0.01766,0.02615,-0.01209,-0.00472,0.03738,-0.01966,-0.05645,-0.02326,-0.00876,-0.01753,-0.00868
12.02,-0.00473,-0.01795,-0.01178,0.02258,-0.00848,-0.08102,-0.06625,-0.01499,0.097,0.23505,0.0731,-0,-0.27004,0.2292,0.05267,0.06306,-0.27046,0.82194,-0.21073,-2.01518,-1.93313,-1.11654,2.87794,0.17824,0.31023,0.60011,-0.01206,-0.03231,-0.04871,-0.02182,0.02532,-0.01152,-0.00447,0.02935,-0.01672,-0.04458,-0.02375,-0.00742,-0.0176,-0.00874
12.04,-0.00494,-0.01926,-0.00967,0.02502,0.00531,-0.07372,-0.07293,-0.02167,0.05929,0.19044,0.05254,-0,-0.28948,0.13077,0.0443,0.09634,-0.33601,0.69787,-0.1845,-2.06746,-1.74737,-1.39875,2.65347,0.32865,0.41266,0.68733,-0.02184,-0.02799,-0.0349,-0.02244,0.02357,-0.01098,-0.00428,0.01549,-0.01238,-0.03391,-0.0224,-0.00674,-0.01741,-0.00862
12.06,-0.00525,-0.01981,-0.00708,0.02427,0.02324,-0.06408,-0.08126,-0.02721,0.03216,0.12958,0.03451,-0,-0.32164,0.04701,0.03623,0.11418,-0.38309,0.56726,-0.14384,-2.04946,-1.55137,-1.57928,2.38493,0.53437,0.52175,0.76228,-0.03662,-0.01908,-0.01744,-0.01934,0.02103,-0.0105,-0.00416,-0.00347,-0.00692,-0.02526,-0.01922,-0.00675,-0.01693,-0.00832
12.08,-0.00567,-0.01965,-0.00412,0.02073,0.04414,-0.05267,-0.08966,-0.03138,0.01603,0.05476,0.01999,-0,-0.35935,-0.02234,0.02848,0.11877,-0.41378,0.42913,-0.09233,-1.96646,-1.34971,-1.6649,2.08404,0.80455,0.6383,0.81814,-0.05531,-0.00657,0.00206,-0.01283,0.01788,-0.01003,-0.00406,-0.02625,-0.00088,-0.01916,-0.0144,-0.00741,-0.01616,-0.00784
12.1,-0.00618,-0.01885,-0.00097,0.01517,0.0663,-0.04029,-0.09649,-0.03416,0.01014,-0.02934,0.00944,-0,-0.39453,-0.07844,0.02121,0.11429,-0.43133,0.28593,-0.0367,-1.82912,-1.14835,-1.67041,1.76716,1.14556,0.76161,0.84743,-0.07615,0.0077,0.0212,-0.0037,0.01436,-0.00948,-0.00392,-0.05097,0.0049,-0.01595,-0.00829,-0.00851,-0.01511,-0.0072
12.12,-0.00677,-0.01756,0.00212,0.00858,0.08779,-0.02783,-0.10026,-0.03561,0.01292,-0.11672,0.00296,-0,-0.41926,-0.12285,0.01471,0.10574,-0.43952,0.14242,0.01487,-1.65103,-0.95389,-1.61491,1.45255,1.55809,0.88926,0.84333,-0.09713,0.02154,0.03731,0.00698,0.01075,-0.00875,-0.00369,-0.07556,0.00949,-0.01577,-0.00133,-0.00983,-0.01379,-0.00644
12.14,-0.00741,-0.01593,0.00498,0.00194,0.10711,-0.01604,-0.10002,-0.03589,0.02244,-0.20197,0.00027,-0,-0.42768,-0.15731,0.00921,0.09743,-0.44199,0.00356,0.05561,-1.44532,-0.77157,-1.51765,1.15535,2.03356,1.01711,0.80221,-0.11662,0.03306,0.04831,0.0182,0.00729,-0.00775,-0.00331,-0.09833,0.0121,-0.01851,0.00606,-0.01109,-0.01224,-0.00557
12.16,-0.0081,-0.01408,0.00745,-0.00396,0.12351,-0.00548,-0.09561,-0.0352,0.0366,-0.28128,0.00076,-0,-0.41722,-0.18344,0.00483,0.09186,-0.44182,-0.12654,0.08188,-1.22306,-0.60442,-1.39565,0.88503,2.54991,1.13899,0.72557,-0.1337,0.04105,0.05323,0.0291,0.00411,-0.00645,-0.00276,-0.1184,0.01231,-0.02383,0.01352,-0.01211,-0.0105,-0.00465
12.18,-0.00883,-0.01216,0.00947,-0.00847,0.13701,0.00344,-0.08777,-0.03376,0.05309,-0.35209,0.00351,-0,-0.38896,-0.20242,0.00154,0.08959,-0.44139,-0.24388,0.09345,-0.99451,-0.45438,-1.26395,0.64685,3.06667,1.24556,0.62098,-0.14811,0.04507,0.05232,0.03897,0.00124,-0.00488,-0.00206,-0.13558,0.01004,-0.03105,0.02073,-0.01272,-0.00864,-0.0037
12.2,-0.00957,-0.01032,0.01099,-0.01104,0.14813,0.01038,-0.07803,-0.03184,0.06943,-0.41244,0.00731,-0,-0.34726,-0.21491,-0.00073,0.08942,-0.44244,-0.34364,0.09287,-0.77046,-0.32356,-1.13622,0.44414,3.52454,1.32411,0.50172,-0.16013,0.0453,0.04684,0.04716,-0.00131,-0.00312,-0.00126,-0.1502,0.00556,-0.03922,0.02732,-0.01279,-0.00678,-0.00278
12.22,-0.01031,-0.00869,0.01199,-0.01128,0.15774,0.01509,-0.06836,-0.02968,0.08318,-0.46103,0.01085,-0,-0.2982,-0.22127,-0.00211,0.08925,-0.44627,-0.42083,0.08437,-0.56153,-0.21402,-1.02398,0.27876,3.85783,1.36082,0.38352,-0.17032,0.04232,0.0386,0.05316,-0.00358,-0.00131,-0.00044,-0.16286,-0.0006,-0.04717,0.03298,-0.01225,-0.00505,-0.00195
12.24,-0.01107,-0.0074,0.01251,-0.009,0.16678,0.01747,-0.06053,-0.02744,0.09249,-0.49766,0.01299,-0,-0.24748,-0.22217,-0.00275,0.08715,-0.454,-0.47176,0.07223,-0.37584,-0.12664,-0.93491,0.15029,4.01529,1.34503,0.27962,-0.17941,0.03683,0.02933,0.05673,-0.00563,0.00044,0.00033,-0.1743,-0.00776,-0.05378,0.03751,-0.01108,-0.00356,-0.00125
12.26,-0.01188,-0.00654,0.01262,-0.0043,0.17607,0.01762,-0.05584,-0.02517,0.09636,-0.52343,0.01291,-0,-0.19901,-0.219,-0.0028,0.08216,-0.46678,-0.495,0.05989,-0.2181,-0.06047,-0.87188,0.05582,3.97431,1.27222,0.19769,-0.18812,0.02953,0.02021,0.05798,-0.00752,0.00205,0.00101,-0.18525,-0.01516,-0.05804,0.04091,-0.00935,-0.00238,-0.00073
12.28,-0.0128,-0.00615,0.01247,0.00241,0.18622,0.01586,-0.05498,-0.02278,0.09468,-0.54063,0.01019,-0,-0.15502,-0.21397,-0.00243,0.07449,-0.4857,-0.49134,0.04968,-0.09065,-0.01321,-0.83333,-0.00925,3.74422,1.14519,0.13969,-0.19709,0.02113,0.01188,0.05743,-0.00931,0.00347,0.00156,-0.19625,-0.02189,-0.05908,0.04336,-0.00722,-0.00157,-0.00039
12.3,-0.01393,-0.00625,0.01224,0.01038,0.19755,0.01266,-0.05816,-0.02013,0.08814,-0.55229,0.00469,-0,-0.11649,-0.20998,-0.00178,0.06544,-0.51164,-0.46338,0.04302,0.00522,0.01815,-0.81419,-0.05024,3.36274,0.97379,0.10311,-0.20681,0.01233,0.00456,0.05587,-0.01103,0.00468,0.00199,-0.20764,-0.02691,-0.05615,0.04517,-0.00494,-0.00115,-0.00025
12.32,-0.01536,-0.00688,0.01211,0.01872,0.21015,0.00861,-0.06529,-0.01702,0.07779,-0.56162,-0.00354,-0,-0.08361,-0.20995,-0.00099,0.05675,-0.54484,-0.41477,0.04047,0.06896,0.03677,-0.80747,-0.07249,2.88424,0.77291,0.08275,-0.21757,0.00385,-0.00181,0.05427,-0.01269,0.00566,0.00231,-0.21956,-0.02917,-0.04864,0.04671,-0.00281,-0.00111,-0.0003
12.34,-0.01717,-0.00802,0.01229,0.02657,0.22399,0.00425,-0.07616,-0.01328,0.06469,-0.57127,-0.01449,-0,-0.05611,-0.21583,-0.0002,0.04979,-0.58435,-0.34947,0.04182,0.10129,0.04572,-0.80613,-0.08094,2.36313,0.55935,0.07293,-0.22957,-0.00369,-0.00731,0.05353,-0.01432,0.00642,0.00252,-0.23206,-0.02792,-0.03633,0.04839,-0.0011,-0.00145,-0.00054
12.36,-0.01946,-0.00969,0.0129,0.0333,0.23892,5e-05,-0.09053,-0.00879,0.04955,-0.58283,-0.02829,-0,-0.03358,-0.22798,0.00053,0.04495,-0.62745,-0.27152,0.04606,0.10451,0.04773,-0.80432,-0.07986,1.8445,0.35038,0.06892,-0.24282,-0.00982,-0.0119,0.05434,-0.01596,0.00695,0.00262,-0.2451,-0.02287,-0.01947,0.05056,-2e-05,-0.00213,-0.00095
12.38,-0.02226,-0.01186,0.01406,0.03844,0.25462,-0.0036,-0.10809,-0.0036,0.03283,-0.59658,-0.04513,-0,-0.01574,-0.24485,0.00113,0.04153,-0.66921,-0.18546,0.05141,0.08246,0.0451,-0.79774,-0.07275,1.36552,0.16506,0.06747,-0.25709,-0.01416,-0.01535,0.05711,-0.01766,0.00725,0.00264,-0.25848,-0.01433,0.00102,0.05352,0.0003,-0.00308,-0.00147
12.4,-0.02559,-0.0145,0.0158,0.04164,0.27047,-0.00636,-0.12833,0.00217,0.01482,-0.61158,-0.06521,-0,-0.00263,-0.26311,0.00159,0.0379,-0.70254,-0.09675,0.05543,0.0402,0.03969,-0.78359,-0.06234,0.9589,0.02498,0.06669,-0.27182,-0.01639,-0.01721,0.06202,-0.01945,0.00733,0.00256,-0.2718,-0.00312,0.02354,0.05749,-0.00018,-0.00421,-0.00206
12.42,-0.0294,-0.01755,0.01814,0.04265,0.28571,-0.00797,-0.15071,0.00829,-0.00433,-0.62605,-0.08878,-0,0.00537,-0.27833,0.00187,0.03177,-0.71943,-0.01129,0.05551,-0.01673,0.0329,-0.76051,-0.05066,0.65112,-0.04874,0.0657,-0.28628,-0.0162,-0.01691,0.06906,-0.02137,0.00719,0.0024,-0.28446,0.0096,0.04601,0.06257,-0.00149,-0.00542,-0.00265
12.44,-0.03364,-0.02095,0.02106,0.04132,0.29973,-0.00828,-0.17476,0.01464,-0.02466,-0.63812,-0.11626,-0,0.0076,-0.28591,0.00198,0.02062,-0.71309,0.06576,0.04967,-0.08334,0.02575,-0.72844,-0.0391,0.45685,-0.04108,0.06416,-0.29982,-0.01339,-0.01402,0.07808,-0.02343,0.00684,0.00215,-0.29593,0.02261,0.06633,0.06874,-0.0036,-0.00658,-0.00317
12.46,-0.03825,-0.02469,0.02452,0.03765,0.31215,-0.00734,-0.2002,0.02122,-0.04634,-0.64627,-0.14831,-0,0.00325,-0.28182,0.00189,0.00206,-0.6795,0.13047,0.03712,-0.15556,0.01893,-0.68864,-0.02855,0.37558,0.05275,0.06184,-0.31202,-0.00788,-0.00833,0.08881,-0.02561,0.00628,0.00183,-0.30583,0.03485,0.08263,0.07583,-0.00645,-0.00761,-0.00358
12.48,-0.04308,-0.02871,0.0284,0.03177,0.32279,-0.00538,-0.22669,0.02814,-0.06956,-0.64933,-0.18552,-0,-0.00867,-0.26273,0.0016,-0.02604,-0.61791,0.17975,0.01845,-0.22987,0.01288,-0.64402,-0.01948,0.39172,0.2259,0.05859,-0.32259,0.00028,5e-05,0.10076,-0.02784,0.00556,0.00143,-0.31381,0.04527,0.09312,0.0834,-0.00991,-0.00841,-0.00382
12.5,-0.04793,-0.03293,0.03256,0.02398,0.33155,-0.0028,-0.25372,0.03558,-0.0943,-0.64642,-0.22827,-0,-0.0292,-0.22609,0.00109,-0.06527,-0.53082,0.21091,-0.00439,-0.30275,0.00781,-0.59912,-0.01211,0.47736,0.46078,0.05434,-0.33132,0.0108,0.01064,0.11323,-0.03003,0.00473,0.00099,-0.31957,0.05287,0.09609,0.09082,-0.01379,-0.00889,-0.00388
12.52,-0.05256,-0.03724,0.03678,0.01466,0.33836,-6e-05,-0.28061,0.0437,-0.12039,-0.63688,-0.27675,-0,-0.05912,-0.1705,0.00035,-0.11644,-0.42325,0.22209,-0.02874,-0.37088,0.00384,-0.55916,-0.0064,0.59893,0.7339,0.04912,-0.33802,0.02321,0.02254,0.12541,-0.032,0.00387,0.00055,-0.3228,0.05677,0.09015,0.09732,-0.01787,-0.00897,-0.00372
12.54,-0.05674,-0.04151,0.04083,0.0042,0.34313,0.00251,-0.30668,0.05268,-0.14762,-0.62027,-0.33116,-0,-0.09845,-0.09636,-0.00064,-0.17915,-0.30166,0.21323,-0.05211,-0.43163,0.00097,-0.52836,-0.00223,0.72611,1.02325,0.04306,-0.34253,0.03676,0.03439,0.13665,-0.03362,0.00306,0.00013,-0.32329,0.05649,0.07476,0.10232,-0.02192,-0.00859,-0.00333
12.56,-0.06034,-0.04559,0.04454,-0.00708,0.34573,0.00477,-0.3313,0.06263,-0.17571,-0.59639,-0.384,-0,-0.14597,-0.00655,-0.0019,-0.25125,-0.17365,0.18688,-0.07267,-0.48325,-0.00082,-0.50897,0.00062,0.83744,1.3122,0.03645,-0.34478,0.0504,0.04429,0.14659,-0.03477,0.00243,-0.00019,-0.32098,0.05217,0.05062,0.10552,-0.02578,-0.00776,-0.00272
12.58,-0.06329,-0.04929,0.04772,-0.01884,0.34599,0.00683,-0.3537,0.07355,-0.2041,-0.5655,-0.384,-0,-0.19875,0.09275,-0.00345,-0.3282,-0.04881,0.14845,-0.0893,-0.52452,-0.00158,-0.50116,0.00241,0.92096,1.58836,0.02976,-0.34474,0.06264,0.04967,0.15514,-0.03536,0.00212,-0.00035,-0.31599,0.04464,0.01999,0.10699,-0.02929,-0.00651,-0.00192
12.6,-0.06552,-0.05237,0.05015,-0.03061,0.34361,0.00896,-0.37279,0.08523,-0.23181,-0.52841,-0.384,-0,-0.25205,0.19197,-0.00528,-0.40296,0.0609,0.10598,-0.10132,-0.55428,-0.00134,-0.50336,0.00335,0.97256,1.84128,0.02367,-0.34237,0.0716,0.04742,0.16232,-0.03532,0.0023,-0.00026,-0.3086,0.0353,-0.01342,0.107,-0.03229,-0.00495,-0.00098
12.62,-0.06698,-0.05454,0.05161,-0.04188,0.33828,0.01151,-0.3873,0.09729,-0.25761,-0.48625,-0.384,-0,-0.30032,0.28014,-0.00735,-0.46745,0.14341,0.06834,-0.10844,-0.57153,-0.00014,-0.51289,0.00369,0.99348,2.06198,0.01892,-0.33761,0.07537,0.03474,0.16824,-0.03458,0.00313,0.00016,-0.29915,0.02584,-0.04526,0.106,-0.03464,-0.0032,1e-05
12.64,-0.06764,-0.05556,0.05196,-0.05221,0.3297,0.01476,-0.39606,0.10933,-0.28043,-0.44017,-0.384,-0,-0.33874,0.34826,-0.00955,-0.51506,0.19047,0.04256,-0.11069,-0.57568,0.00201,-0.52673,0.00361,0.98725,2.24367,0.01595,-0.33036,0.07278,0.01031,0.17294,-0.03315,0.00466,0.00092,-0.28792,0.01769,-0.0718,0.10438,-0.03622,-0.00139,0.001
12.66,-0.06746,-0.05532,0.05112,-0.06124,0.31768,0.01884,-0.39818,0.12095,-0.29955,-0.39123,-0.384,-0,-0.36426,0.39141,-0.01172,-0.5422,0.20026,0.03212,-0.10839,-0.56683,0.00508,-0.54194,0.00327,0.95775,2.38183,0.01483,-0.32045,0.06389,-0.02467,0.17633,-0.03106,0.0068,0.00199,-0.27508,0.01168,-0.09079,0.10239,-0.03701,0.00039,0.00194
12.68,-0.06642,-0.05377,0.04914,-0.06867,0.30228,0.02362,-0.39306,0.13163,-0.31454,-0.34074,-0.384,-0,-0.37558,0.40888,-0.01359,-0.54851,0.17792,0.03659,-0.10218,-0.54588,0.00902,-0.55566,0.00279,0.90876,2.473,0.0151,-0.30774,0.05017,-0.06606,0.17818,-0.02846,0.00928,0.00324,-0.26074,0.00808,-0.10143,0.10014,-0.03703,0.00206,0.00278
12.7,-0.06448,-0.05102,0.04618,-0.07415,0.28379,0.02875,-0.38035,0.14072,-0.32504,-0.29055,-0.384,-0,-0.37283,0.40339,-0.01481,-0.53622,0.13447,0.05217,-0.09294,-0.51442,0.01372,-0.56507,0.00225,0.84416,2.51363,0.01597,-0.2922,0.03434,-0.10695,0.17806,-0.02555,0.0117,0.00446,-0.24508,0.0066,-0.10415,0.0976,-0.03638,0.00354,0.0035
12.72,-0.06163,-0.04718,0.04242,-0.07737,0.26272,0.03376,-0.35993,0.14745,-0.33073,-0.2427,-0.384,-0,-0.3571,0.3797,-0.01502,-0.50904,0.08362,0.07318,-0.08165,-0.47441,0.019,-0.56743,0.00173,0.76765,2.50043,0.01643,-0.27386,0.01963,-0.13944,0.17544,-0.02259,0.01355,0.00542,-0.22831,0.00668,-0.10015,0.09464,-0.03518,0.00477,0.00406
12.74,-0.05784,-0.04245,0.03809,-0.0781,0.23956,0.03819,-0.33194,0.15116,-0.33134,-0.19879,-0.384,-0,-0.33006,0.34292,-0.01402,-0.47076,0.03724,0.09411,-0.06908,-0.42779,0.02452,-0.56031,0.00125,0.68252,2.43167,0.01568,-0.25281,0.0087,-0.1573,0.16984,-0.01975,0.01447,0.00592,-0.21058,0.00768,-0.09094,0.09105,-0.03351,0.00569,0.00444
12.76,-0.05309,-0.03698,0.03336,-0.07629,0.21476,0.04169,-0.29692,0.15134,-0.32668,-0.15965,-0.384,-0,-0.29376,0.2975,-0.01189,-0.42443,0.00253,0.11094,-0.05568,-0.37625,0.02975,-0.54175,0.00085,0.59168,2.30847,0.01332,-0.22923,0.00285,-0.15776,0.1609,-0.01715,0.01428,0.00589,-0.192,0.00903,-0.07801,0.08658,-0.03145,0.00628,0.00463
12.78,-0.04745,-0.03102,0.02839,-0.07209,0.18892,0.04407,-0.25608,0.14769,-0.31665,-0.1255,-0.384,-0,-0.25082,0.24728,-0.00899,-0.37247,-0.01855,0.1214,-0.04167,-0.32162,0.03393,-0.51046,0.00052,0.49837,2.13588,0.00939,-0.20359,0.00196,-0.14195,0.14854,-0.01478,0.01304,0.00535,-0.17277,0.01031,-0.06289,0.081,-0.02905,0.00654,0.00463
12.8,-0.04103,-0.02486,0.02341,-0.06584,0.16289,0.04517,-0.21141,0.1401,-0.30128,-0.09636,-0.384,0,-0.20456,0.19576,-0.00596,-0.31698,-0.02846,0.12463,-0.02707,-0.26615,0.03609,-0.46584,0.00027,0.40667,1.92312,0.0044,-0.17677,0.00463,-0.1144,0.13293,-0.01259,0.01102,0.00445,-0.1533,0.0112,-0.04714,0.07411,-0.02634,0.00649,0.00445
12.82,-0.03401,-0.01883,0.01863,-0.05795,0.13767,0.04494,-0.16534,0.12861,-0.28067,-0.07211,-0.384,0,-0.15848,0.146,-0.00353,-0.25986,-0.03244,0.12084,-0.01183,-0.21227,0.03524,-0.40805,8e-05,0.3209,1.68177,-0.00092,-0.14985,0.00883,-0.08143,0.11442,-0.0105,0.00859,0.00338,-0.13411,0.01152,-0.0322,0.06576,-0.02335,0.00613,0.00411
12.84,-0.02657,-0.01321,0.0142,-0.04885,0.11403,0.04341,-0.12,0.11346,-0.25498,-0.05245,-0.384,0,-0.11541,0.10024,-0.00228,-0.20257,-0.03629,0.11073,0.00431,-0.16188,0.03076,-0.33789,-4e-05,0.24428,1.42274,-0.00582,-0.12372,0.01259,-0.04888,0.09343,-0.00841,0.0061,0.00231,-0.11562,0.01123,-0.01899,0.05587,-0.0201,0.00551,0.00363
12.86,-0.01889,-0.00816,0.01022,-0.03887,0.09243,0.04068,-0.07686,0.09512,-0.22454,-0.03688,-0.384,0,-0.07704,0.05973,-0.00244,-0.14634,-0.04489,0.09528,0.02173,-0.11614,0.02268,-0.25709,-0.00012,0.17832,1.15513,-0.00976,-0.09893,0.0146,-0.02069,0.0704,-0.00625,0.0038,0.00137,-0.09804,0.01049,-0.00774,0.04448,-0.01663,0.00464,0.00302
12.88,-0.01117,-0.00379,0.00672,-0.02838,0.07305,0.03698,-0.03703,0.07445,-0.19001,-0.02485,-0.384,-0,-0.04406,0.02508,-0.00387,-0.09254,-0.06171,0.0757,0.04079,-0.07571,0.01178,-0.16892,-0.00016,0.12313,0.88789,-0.01239,-0.07581,0.01429,0.00127,0.04594,-0.00396,0.00182,0.0006,-0.0815,0.00962,0.00196,0.03184,-0.013,0.00355,0.00229
12.9,-0.00373,-0.00016,0.00372,-0.01777,0.05607,0.03267,-0.00154,0.05276,-0.15261,-0.01591,-0.30608,-0,-0.01662,-0.00344,-0.00609,-0.04307,-0.08876,0.05352,0.06169,-0.04114,-0.00047,-0.07852,-0.00017,0.07808,0.6315,-0.01354,-0.05467,0.01172,0.01678,0.02098,-0.00155,0.00021,2e-05,-0.06618,0.00912,0.01103,0.01846,-0.0093,0.00228,0.00146
12.92,0.00309,0.0027,0.00122,-0.00748,0.04159,0.02811,0.02869,0.0316,-0.11383,-0.00972,-0.18916,-0,0.00552,-0.02572,-0.00848,-6e-05,-0.12654,0.03042,0.08426,-0.0129,-0.01226,0.00801,-0.00016,0.04216,0.39678,-0.01316,-0.03579,0.00738,0.0267,-0.00336,0.00092,-0.00105,-0.00039,-0.05227,0.0095,0.0205,0.00499,-0.00568,0.00089,0.00058
12.94,0.009,0.00478,-0.0008,0.00213,0.02957,0.02367,0.0531,0.01227,-0.07496,-0.006,-0.08182,-0,0.02277,-0.04189,-0.01044,0.03481,-0.17382,0.00785,0.1078,0.00885,-0.02203,0.08532,-0.00015,0.01415,0.19185,-0.0114,-0.0193,0.00185,0.03219,-0.02608,0.00339,-0.00199,-0.00067,-0.03985,0.01107,0.03118,-0.00793,-0.00226,-0.00059,-0.00035
12.96,0.0138,0.00612,-0.00237,0.01085,0.01979,0.01955,0.07168,-0.00436,-0.03692,-0.00451,0.01247,-0,0.03562,-0.05226,-0.01165,0.06077,-0.22739,-0.01305,0.13086,0.02435,-0.02889,0.14977,-0.00013,-0.00723,0.02062,-0.00862,-0.00516,-0.00446,0.03423,-0.04646,0.00581,-0.00265,-0.00085,-0.02886,0.01382,0.04328,-0.01979,0.00086,-0.0021,-0.00127
12.98,0.01739,0.00678,-0.00355,0.01851,0.01189,0.01589,0.08475,-0.01782,-0.00046,-0.00507,0.09192,-0,0.04442,-0.05727,-0.012,0.07775,-0.28162,-0.03136,0.15097,0.03411,-0.03256,0.19906,-0.0001,-0.02302,-0.11619,-0.00537,0.0068,-0.01123,0.03349,-0.06388,0.00809,-0.00304,-0.00093,-0.01914,0.01735,0.05625,-0.03014,0.00362,-0.00356,-0.00216
13,0.01971,0.00685,-0.00437,0.02495,0.0055,0.01275,0.09287,-0.02784,0.03354,-0.00756,0.15563,-0,0.04937,-0.05737,-0.01163,0.08618,-0.32846,-0.04621,0.16474,0.03876,-0.03335,0.23177,-8e-05,-0.03392,-0.21945,-0.00241,0.01669,-0.01827,0.03028,-0.07773,0.01012,-0.00318,-0.00091,-0.01056,0.02089,0.06881,-0.0385,0.00593,-0.00489,-0.00296
13.02,0.02072,0.00643,-0.00487,0.03,0.00028,0.01017,0.09664,-0.03435,0.06412,-0.01189,0.20334,-0,0.05057,-0.05303,-0.01079,0.08679,-0.35915,-0.05687,0.1685,0.03897,-0.0319,0.24727,-6e-05,-0.04041,-0.29105,-0.0005,0.02457,-0.02537,0.02476,-0.08739,0.01178,-0.00306,-0.00079,-0.00302,0.02355,0.07935,-0.04442,0.0077,-0.006,-0.0036
13.04,0.02045,0.0056,-0.00508,0.03358,-0.00403,0.00812,0.09662,-0.03749,0.09053,-0.01793,0.23554,-0,0.04819,-0.04485,-0.00973,0.08059,-0.36688,-0.06289,0.15952,0.03541,-0.02889,0.24596,-4e-05,-0.043,-0.33391,-0.00016,0.03048,-0.03232,0.01718,-0.09248,0.01294,-0.00271,-0.00056,0.00352,0.02462,0.0865,-0.04757,0.00888,-0.00682,-0.00405
13.06,0.019,0.00447,-0.00503,0.03567,-0.00762,0.00652,0.09336,-0.03763,0.11236,-0.02542,0.25354,-0,0.04269,-0.03366,-0.0086,0.06886,-0.34869,-0.06428,0.13692,0.0288,-0.02493,0.2296,-2e-05,-0.04251,-0.35203,-0.00141,0.03449,-0.03878,0.00808,-0.0929,0.01355,-0.00214,-0.00025,0.0091,0.02381,0.08959,-0.04786,0.00944,-0.00732,-0.00429
13.08,0.01655,0.00313,-0.00474,0.03637,-0.01053,0.00527,0.08732,-0.03536,0.12935,-0.03395,0.25932,-0,0.03483,-0.02063,-0.00748,0.0532,-0.30601,-0.06148,0.10197,0.01992,-0.02053,0.20142,-1e-05,-0.04006,-0.35025,-0.00378,0.03663,-0.04428,-0.00159,-0.08891,0.01355,-0.00144,0.0001,0.01361,0.02129,0.08871,-0.04545,0.0094,-0.00752,-0.00433
13.1,0.01337,0.00171,-0.00424,0.03583,-0.01265,0.00423,0.07894,-0.03145,0.14122,-0.04288,0.2552,-0,0.0257,-0.00724,-0.00633,0.03557,-0.24422,-0.05532,0.05801,0.00962,-0.01609,0.16594,-1e-05,-0.03701,-0.33385,-0.00635,0.03688,-0.04815,-0.01051,-0.08104,0.01296,-0.0007,0.00044,0.01687,0.01765,0.08456,-0.04067,0.00883,-0.00748,-0.00421
13.12,0.00977,0.00032,-0.00355,0.03419,-0.01382,0.00329,0.06863,-0.02672,0.14771,-0.05152,0.24356,-0,0.01649,0.00491,-0.00509,0.01797,-0.17104,-0.04679,0.00959,-0.00124,-0.01194,0.12818,-0,-0.03472,-0.30801,-0.00801,0.03518,-0.04972,-0.01723,-0.07002,0.01179,-4e-05,0.0007,0.01863,0.01366,0.07819,-0.03402,0.0078,-0.00726,-0.00396
13.14,0.00602,-0.00093,-0.0027,0.03163,-0.01388,0.00235,0.0568,-0.02188,0.14871,-0.05927,0.22652,-0,0.00815,0.01457,-0.00371,0.00204,-0.09412,-0.03689,-0.03887,-0.01197,-0.00829,0.09231,0,-0.03413,-0.27705,-0.00792,0.03158,-0.04853,-0.02076,-0.0566,0.01009,0.00045,0.00084,0.01873,0.01001,0.07053,-0.02601,0.00639,-0.00693,-0.00364
13.16,0.00236,-0.00199,-0.00174,0.02828,-0.01283,0.00136,0.0439,-0.0174,0.14437,-0.06578,0.20576,-0,0.00125,0.02106,-0.00219,-0.0112,-0.01963,-0.02646,-0.0838,-0.0221,-0.00526,0.061,0,-0.03551,-0.24416,-0.00576,0.02626,-0.0445,-0.0208,-0.04157,0.00798,0.00074,0.00084,0.01723,0.00708,0.06215,-0.01717,0.00472,-0.00652,-0.00326
13.18,-0.00103,-0.00281,-0.00074,0.0243,-0.0108,0.00031,0.03057,-0.01356,0.13514,-0.07091,0.18263,-0,-0.00406,0.02429,-0.00058,-0.02133,0.0475,-0.01621,-0.12235,-0.03136,-0.00286,0.03537,0,-0.03842,-0.21147,-0.0018,0.01961,-0.03808,-0.01789,-0.02581,0.00559,0.00082,0.00071,0.01437,0.0049,0.05324,-0.0081,0.00292,-0.00604,-0.00285
13.2,-0.00396,-0.00339,0.00021,0.01986,-0.00808,-0.00074,0.01761,-0.01044,0.12177,-0.07466,0.15831,-0,-0.00793,0.02467,0.00098,-0.02834,0.10305,-0.00686,-0.15201,-0.03954,-0.00105,0.01544,0,-0.04172,-0.18037,0.00312,0.01223,-0.03011,-0.01326,-0.0104,0.00315,0.00075,0.00049,0.01063,0.00324,0.04375,0.00051,0.00113,-0.00547,-0.00241
13.22,-0.00627,-0.00373,0.00101,0.01514,-0.005,-0.00173,0.00595,-0.00805,0.10516,-0.07712,0.13377,-0,-0.0107,0.02287,0.00231,-0.03249,0.14363,0.001,-0.1708,-0.04649,0.00023,0.00054,0,-0.04404,-0.15166,0.00792,0.00479,-0.02166,-0.00848,0.00354,0.00089,0.00058,0.00024,0.00657,0.00173,0.03347,0.00792,-0.00047,-0.00478,-0.00194
13.24,-0.00786,-0.00383,0.00156,0.0103,-0.0019,-0.00257,-0.00373,-0.0063,0.08621,-0.07838,0.10966,-0,-0.01269,0.01956,0.0033,-0.03419,0.16733,0.00696,-0.17763,-0.05211,0.00108,-0.0102,1e-05,-0.04419,-0.12556,0.01165,-0.00208,-0.01367,-0.0049,0.01513,-0.00098,0.00038,2e-05,0.0027,6e-05,0.02227,0.01359,-0.00175,-0.00395,-0.00145
13.26,-0.0087,-0.00373,0.00183,0.00545,0.001,-0.00323,-0.0111,-0.00509,0.06572,-0.07847,0.08631,-0,-0.01417,0.01528,0.00386,-0.03381,0.17406,0.01092,-0.17261,-0.05635,0.00158,-0.01752,1e-05,-0.04162,-0.10186,0.01381,-0.00799,-0.00673,-0.00333,0.02386,-0.00237,0.00021,-0.00014,-0.00064,-0.00193,0.01023,0.01718,-0.00262,-0.00299,-0.00094
13.28,-0.00884,-0.00347,0.00181,0.0007,0.00354,-0.0037,-0.01617,-0.00432,0.04458,-0.07741,0.0639,-0,-0.01526,0.01044,0.00401,-0.03175,0.16556,0.01304,-0.15717,-0.05917,0.0018,-0.02186,2e-05,-0.03646,-0.0801,0.01436,-0.0127,-0.00113,-0.00393,0.02958,-0.00325,0.0001,-0.00023,-0.00325,-0.00418,-0.00222,0.01862,-0.00307,-0.00191,-0.00042
13.3,-0.00838,-0.00309,0.00152,-0.00378,0.00563,-0.00401,-0.01918,-0.00389,0.02382,-0.07517,0.04266,-0,-0.01592,0.00529,0.00382,-0.02836,0.14508,0.01366,-0.13382,-0.0605,0.00183,-0.02332,3e-05,-0.0295,-0.05982,0.01368,-0.01608,0.00311,-0.00631,0.0324,-0.00364,7e-05,-0.00023,-0.00504,-0.0064,-0.01427,0.01804,-0.00311,-0.00077,8e-05
13.32,-0.00747,-0.00266,0.00103,-0.00785,0.0072,-0.0042,-0.02056,-0.00371,0.00458,-0.07167,0.02288,-0,-0.01608,2e-05,0.00341,-0.02397,0.11656,0.01325,-0.10562,-0.06026,0.0017,-0.02183,4e-05,-0.02185,-0.04068,0.01234,-0.01812,0.00613,-0.00975,0.03261,-0.00364,0.00012,-0.00016,-0.00601,-0.00822,-0.02495,0.0157,-0.0028,0.00035,0.00053
13.34,-0.00625,-0.00222,0.00039,-0.01137,0.00822,-0.00432,-0.02073,-0.00374,-0.01225,-0.06695,0.00483,-0,-0.01565,-0.00519,0.00286,-0.01888,0.08352,0.01226,-0.07525,-0.05845,0.00147,-0.01739,6e-05,-0.01456,-0.0225,0.01087,-0.0189,0.00818,-0.01345,0.03067,-0.00334,0.00025,-4e-05,-0.00622,-0.00936,-0.03349,0.01194,-0.00221,0.00138,0.00092
13.36,-0.00485,-0.00181,-0.00033,-0.01426,0.00871,-0.00441,-0.0201,-0.0039,-0.02609,-0.06111,-0.01125,-0,-0.01466,-0.01018,0.00227,-0.01339,0.04841,0.01104,-0.0446,-0.05518,0.00117,-0.01026,7e-05,-0.00832,-0.00539,0.00956,-0.01858,0.00948,-0.0168,0.02717,-0.00287,0.00045,0.00013,-0.00578,-0.00969,-0.03952,0.00717,-0.00142,0.00227,0.00122
13.38,-0.0034,-0.00142,-0.00108,-0.01647,0.0087,-0.00452,-0.01901,-0.00418,-0.03662,-0.05444,-0.02501,-0,-0.01321,-0.01471,0.00167,-0.00782,0.01276,0.00984,-0.01479,-0.05071,0.00084,-0.00107,9e-05,-0.00344,0.01008,0.00844,-0.01745,0.01027,-0.01931,0.02288,-0.00234,0.00068,0.0003,-0.00483,-0.0093,-0.04312,0.00192,-0.00053,0.003,0.00143
13.4,-0.00204,-0.00108,-0.00178,-0.01798,0.00822,-0.00468,-0.01776,-0.00454,-0.04366,-0.04743,-0.03592,-0,-0.01154,-0.01847,0.00109,-0.00258,-0.02251,0.00882,0.01347,-0.04547,0.00052,0.00918,0.00011,5e-05,0.02285,0.0073,-0.01587,0.01077,-0.02065,0.0187,-0.0019,0.00093,0.00047,-0.00356,-0.00849,-0.0447,-0.0032,0.00035,0.00354,0.00157
13.42,-0.00089,-0.00075,-0.00236,-0.01875,0.00733,-0.00495,-0.01658,-0.00497,-0.04715,-0.04062,-0.04334,-0,-0.00989,-0.02111,0.00053,0.00193,-0.05663,0.00806,0.03959,-0.03991,0.00024,0.01932,0.00013,0.0023,0.03163,0.00584,-0.01422,0.01114,-0.02062,0.01553,-0.00165,0.00114,0.00059,-0.00215,-0.00761,-0.04484,-0.00755,0.00109,0.00386,0.00163
13.44,-3e-05,-0.00046,-0.00278,-0.01877,0.00608,-0.00534,-0.01561,-0.00544,-0.04715,-0.03443,-0.04683,-0,-0.00851,-0.02237,-1e-05,0.0054,-0.08851,0.00758,0.0629,-0.03443,2e-05,0.02833,0.00014,0.00353,0.03544,0.00378,-0.01278,0.0115,-0.01919,0.01407,-0.00168,0.00129,0.00066,-0.00074,-0.00698,-0.04414,-0.01064,0.00162,0.00398,0.00163
13.46,0.00049,-0.00017,-0.00302,-0.01809,0.00451,-0.00591,-0.01493,-0.00591,-0.04395,-0.02906,-0.04631,0,-0.00752,-0.02214,-0.00055,0.00765,-0.11639,0.00734,0.08233,-0.02923,-0.00011,0.0355,0.00014,0.00393,0.03388,0.00103,-0.01169,0.01191,-0.01649,0.01462,-0.00201,0.00136,0.00067,0.00062,-0.00682,-0.04305,-0.01223,0.00186,0.0039,0.00158
13.48,0.00067,8e-05,-0.00308,-0.01677,0.00268,-0.00667,-0.0145,-0.00631,-0.038,-0.02451,-0.0421,0,-0.00697,-0.02047,-0.0011,0.00864,-0.13742,0.00724,0.09623,-0.02438,-0.00016,0.04042,0.00012,0.00364,0.02732,-0.00227,-0.01093,0.01234,-0.01287,0.0171,-0.00259,0.00136,0.00061,0.00197,-0.00717,-0.04189,-0.01234,0.00183,0.00366,0.00149
13.5,0.00057,0.0003,-0.00302,-0.01492,0.00063,-0.00766,-0.01423,-0.00656,-0.02999,-0.0206,-0.03482,0,-0.00682,-0.01758,-0.00168,0.00847,-0.14777,0.00715,0.10236,-0.01983,-0.00012,0.04292,7e-05,0.00275,0.0167,-0.00578,-0.01035,0.01271,-0.00887,0.02101,-0.00331,0.00128,0.00051,0.00337,-0.00797,-0.04084,-0.01118,0.00155,0.00329,0.00136
13.52,0.00026,0.00047,-0.00287,-0.01267,-0.00157,-0.00889,-0.01392,-0.00655,-0.02067,-0.01706,-0.02526,0,-0.00695,-0.01377,-0.00228,0.0073,-0.14355,0.0069,0.0985,-0.01542,-1e-05,0.04302,-1e-05,0.00136,0.00325,-0.00903,-0.00962,0.01292,-0.00507,0.02552,-0.00399,0.00114,0.00038,0.00498,-0.00904,-0.03999,-0.00914,0.00107,0.00286,0.00123
13.54,-0.00017,0.00058,-0.00269,-0.01018,-0.00396,-0.01039,-0.0133,-0.00622,-0.01071,-0.01352,-0.01399,0,-0.00716,-0.00936,-0.00289,0.00538,-0.12244,0.00632,0.08345,-0.01089,0.00018,0.04094,-0.00014,-0.00036,-0.01201,-0.01154,-0.00829,0.01289,-0.00194,0.02946,-0.0044,0.00093,0.00022,0.00698,-0.01019,-0.03938,-0.00665,0.00046,0.00242,0.00108
13.56,-0.00062,0.00064,-0.00252,-0.0076,-0.00663,-0.01217,-0.012,-0.00552,-0.00062,-0.00956,-0.00125,0,-0.00717,-0.00466,-0.00347,0.00298,-0.08493,0.00523,0.05785,-0.00583,0.00041,0.03708,-0.00032,-0.00208,-0.02856,-0.01294,-0.00578,0.01261,0.00027,0.03139,-0.00427,0.00064,5e-05,0.0096,-0.01123,-0.03902,-0.00414,-0.00021,0.002,0.00094
13.58,-0.00096,0.00068,-0.0024,-0.00513,-0.00973,-0.01425,-0.00953,-0.00446,0.00922,-0.00475,0.013,0,-0.00662,2e-05,-0.00394,0.00049,-0.03483,0.00346,0.02451,0.00026,0.00067,0.03204,-0.00056,-0.00332,-0.04629,-0.01295,-0.00138,0.01215,0.0016,0.02958,-0.0033,0.00021,-0.00015,0.01306,-0.01193,-0.03892,-0.00204,-0.00087,0.00164,0.00081
13.6,-0.00107,0.00074,-0.00237,-0.00298,-0.01348,-0.01661,-0.00534,-0.0031,0.01842,0.00133,0.02899,0,-0.00507,0.00434,-0.00421,-0.00167,0.02097,0.00087,-0.01173,0.00792,0.00093,0.02667,-0.00087,-0.0034,-0.06542,-0.01138,0.00573,0.01166,0.00226,0.02198,-0.00112,-0.00043,-0.00039,0.01761,-0.01211,-0.03909,-0.00082,-0.00143,0.00135,0.0007
13.62,-0.0008,0.00087,-0.00245,-0.00141,-0.01812,-0.01923,0.00117,-0.00153,0.0267,0.00911,0.04711,0,-0.00209,0.00798,-0.00418,-0.00296,0.07423,-0.0028,-0.04518,0.01777,0.00115,0.02184,-0.00124,-0.00134,-0.08629,-0.00802,0.01643,0.01127,0.00252,0.00634,0.00263,-0.00134,-0.00071,0.02349,-0.01151,-0.0395,-0.00095,-0.00182,0.00115,0.00062
13.64,-1e-05,0.00115,-0.00266,-0.00064,-0.02398,-0.02208,0.01062,0.00015,0.03386,0.0191,0.06789,0,0.00262,0.01071,-0.00378,-0.00285,0.11807,-0.00801,-0.0711,0.03056,0.00128,0.0183,-0.00167,0.00429,-0.1093,-0.00266,0.03161,0.01107,0.00247,-0.01961,0.00832,-0.00259,-0.00111,0.031,-0.00991,-0.0401,-0.00283,-0.00192,0.00105,0.00057
13.66,0.00141,0.00162,-0.00305,-0.00082,-0.03141,-0.02514,0.02358,0.00184,0.03986,0.03185,0.09193,-0,0.00919,0.01248,-0.00299,-0.00077,0.14867,-0.01549,-0.0869,0.04713,0.00127,0.01652,-0.00212,0.01534,-0.13474,0.00501,0.05207,0.01098,0.00189,-0.05795,0.01627,-0.00423,-0.00161,0.04046,-0.00706,-0.04075,-0.00682,-0.00165,0.00105,0.00055
13.68,0.00357,0.00237,-0.00364,-0.00207,-0.04075,-0.02835,0.04046,0.00341,0.04478,0.04786,0.1197,-0,0.01746,0.01339,-0.00187,0.00382,0.1655,-0.02626,-0.09224,0.0683,0.00103,0.01664,-0.00256,0.03414,-0.16254,0.01529,0.07838,0.0108,0.00019,-0.11024,0.0267,-0.00627,-0.00218,0.05217,-0.00271,-0.04126,-0.01313,-0.0009,0.00115,0.00055
13.7,0.00651,0.00346,-0.00447,-0.00442,-0.05231,-0.03162,0.06146,0.00473,0.04872,0.06754,0.15141,-0,0.02696,0.01366,-0.00056,0.01146,0.17065,-0.04148,-0.08872,0.09477,0.00048,0.0186,-0.00293,0.06325,-0.19223,0.02848,0.11074,0.01018,-0.00346,-0.17726,0.03966,-0.00868,-0.00281,0.06634,0.00334,-0.04135,-0.02185,0.00044,0.00132,0.00056
13.72,0.01027,0.00495,-0.00556,-0.00786,-0.06634,-0.03485,0.08662,0.00564,0.05184,0.09114,0.18709,-0,0.03707,0.01366,0.00081,0.02269,0.16762,-0.06243,-0.07903,0.12709,-0.00048,0.0222,-0.00314,0.10506,-0.22327,0.04483,0.14898,0.00879,-0.00998,-0.25891,0.05506,-0.01138,-0.00345,0.08312,0.01126,-0.04069,-0.03294,0.00244,0.00155,0.00056
13.74,0.01484,0.00691,-0.00695,-0.01234,-0.08315,-0.03793,0.11593,0.00604,0.05427,0.11877,0.22677,-0,0.04708,0.01384,0.00214,0.03808,0.15974,-0.09039,-0.06594,0.16577,-0.00196,0.02737,-0.00307,0.16116,-0.25578,0.06465,0.19265,0.0064,-0.02,-0.35406,0.07274,-0.0143,-0.00406,0.10269,0.02117,-0.03886,-0.04628,0.00516,0.00178,0.00053
13.76,0.02019,0.00939,-0.00864,-0.01773,-0.10306,-0.04078,0.14935,0.00587,0.05614,0.15035,0.27054,-0,0.05634,0.01474,0.00342,0.05817,0.1491,-0.12645,-0.05167,0.21111,-0.00405,0.03424,-0.00257,0.23167,-0.29083,0.08818,0.2409,0.00302,-0.03356,-0.46021,0.0924,-0.01737,-0.00463,0.12523,0.03313,-0.03545,-0.06158,0.00859,0.00198,0.00045
13.78,0.02619,0.01242,-0.01062,-0.0238,-0.12626,-0.04334,0.18654,0.00514,0.05756,0.18531,0.31818,-0,0.06415,0.01701,0.00473,0.08333,0.13636,-0.17123,-0.03776,0.26288,-0.00684,0.04313,-0.00148,0.31464,-0.3303,0.11547,0.29212,-0.00101,-0.05,-0.5726,0.11349,-0.02049,-0.00514,0.15075,0.04702,-0.03002,-0.07833,0.01263,0.00209,0.0003
13.8,0.03262,0.01599,-0.01285,-0.03018,-0.15268,-0.0455,0.22667,0.0039,0.05857,0.22245,0.36894,-0,0.06983,0.02134,0.00621,0.11364,0.12099,-0.22466,-0.02523,0.32008,-0.01036,0.05455,0.00041,0.40539,-0.3767,0.14616,0.34374,-0.0051,-0.0679,-0.68377,0.13508,-0.02351,-0.00557,0.17898,0.06246,-0.02215,-0.09567,0.01708,0.00202,5e-05
13.82,0.03918,0.02005,-0.01528,-0.03642,-0.18206,-0.04717,0.26855,0.00225,0.05917,0.26017,0.384,-0,0.07297,0.02827,0.00805,0.14874,0.10204,-0.28601,-0.01465,0.38122,-0.01458,0.06942,0.00331,0.49586,-0.43352,0.17933,0.39267,-0.00851,-0.08537,-0.78479,0.15595,-0.02628,-0.00592,0.20941,0.0788,-0.01162,-0.11254,0.02168,0.00171,-0.00031
13.84,0.0456,0.02452,-0.01783,-0.04209,-0.21404,-0.04825,0.31096,0.00029,0.05923,0.29685,0.384,-0,0.07403,0.038,0.01038,0.18789,0.0791,-0.3541,-0.00615,0.44491,-0.01936,0.0894,0.00741,0.57404,-0.5058,0.21337,0.43628,-0.01057,-0.10051,-0.86757,0.17486,-0.02865,-0.0062,0.24147,0.09524,0.00154,-0.12797,0.02617,0.00113,-0.00078
13.86,0.05162,0.02931,-0.02048,-0.0468,-0.2482,-0.04863,0.35273,-0.00189,0.05852,0.33108,0.384,-0,0.07464,0.05016,0.01327,0.22969,0.05308,-0.4272,0.00057,0.51004,-0.02441,0.11699,0.01288,0.62329,-0.60026,0.24576,0.4729,-0.01086,-0.11162,-0.92619,0.19066,-0.03054,-0.00643,0.2746,0.11072,0.01678,-0.14113,0.03033,0.00033,-0.00133
13.88,0.057,0.03426,-0.02317,-0.0502,-0.28378,-0.04823,0.39248,-0.00421,0.0567,0.36143,0.384,-0,0.07772,0.06366,0.0167,0.27183,0.02665,-0.50246,0.00613,0.57535,-0.02926,0.15543,0.01979,0.62166,-0.72478,0.27281,0.50162,-0.00919,-0.11724,-0.95674,0.20213,-0.03191,-0.00662,0.30794,0.12386,0.03295,-0.15134,0.03396,-0.00059,-0.0019
13.9,0.06147,0.03912,-0.02583,-0.05193,-0.3195,-0.04694,0.42832,-0.00654,0.05337,0.38621,0.384,-0,0.08729,0.0767,0.02052,0.3109,0.00407,-0.57567,0.01141,0.63905,-0.03319,0.20836,0.02809,0.54195,-0.88763,0.28952,0.52201,-0.0056,-0.11603,-0.95674,0.208,-0.03274,-0.00682,0.3402,0.13288,0.04829,-0.15791,0.03683,-0.00145,-0.00239
13.92,0.06476,0.04361,-0.02838,-0.05168,-0.35375,-0.0447,0.45817,-0.00878,0.04815,0.4036,0.384,-0,0.10776,0.08709,0.02451,0.3431,-0.01009,-0.64232,0.01734,0.69907,-0.03518,0.27929,0.03752,0.35364,-1.0973,0.29015,0.53396,-0.00032,-0.10692,-0.92522,0.20706,-0.03302,-0.00705,0.36985,0.13598,0.06084,-0.16024,0.03872,-0.00202,-0.00269
13.94,0.06668,0.0475,-0.03075,-0.04926,-0.3851,-0.04144,0.48034,-0.01082,0.04089,0.41202,0.384,-0,0.14287,0.09276,0.02851,0.36539,-0.01284,-0.69954,0.02468,0.75387,-0.03391,0.37084,0.04751,0.02627,-1.3624,0.26933,0.53776,0.00636,-0.08939,-0.86311,0.19866,-0.03278,-0.00735,0.39555,0.13185,0.06909,-0.15797,0.03946,-0.00211,-0.0027
13.96,0.06724,0.05065,-0.03288,-0.04466,-0.41253,-0.03718,0.4939,-0.01254,0.03181,0.41039,0.384,-0,0.19482,0.09211,0.03243,0.37633,-0.00419,-0.74727,0.03386,0.80276,-0.02771,0.48391,0.05715,-0.46671,-1.69063,0.22284,0.5341,0.01408,-0.06371,-0.77389,0.18302,-0.03206,-0.00771,0.41647,0.12015,0.0725,-0.15107,0.03893,-0.00155,-0.00233
13.98,0.06657,0.05304,-0.03473,-0.03813,-0.43523,-0.03203,0.49864,-0.01387,0.0216,0.39817,0.384,-0,0.26372,0.08407,0.03626,0.37608,0.01249,-0.78816,0.04485,0.84562,-0.01458,0.61667,0.06501,-1.14404,-2.0863,0.14809,0.52412,0.02241,-0.03121,-0.66429,0.16136,-0.03094,-0.00812,0.43212,0.10164,0.0715,-0.13998,0.0371,-0.00025,-0.00153
14,0.06495,0.05466,-0.03625,-0.03015,-0.45246,-0.02617,0.49489,-0.01468,0.01142,0.37527,0.384,-0,0.34747,0.06804,0.03999,0.36615,0.03091,-0.82683,0.05712,0.88244,0.00769,0.76409,0.06914,-2.01208,-2.54759,0.04443,0.50935,0.03075,0.00573,-0.54436,0.13592,-0.02952,-0.00852,0.44218,0.07813,0.06742,-0.12551,0.03403,0.00183,-0.00029
14.02,0.06273,0.05559,-0.03735,-0.02135,-0.46352,-0.01987,0.4833,-0.01488,0.00267,0.34194,0.384,-0,0.44265,0.04374,0.0435,0.34861,0.04356,-0.86877,0.06972,0.91302,0.04144,0.91911,0.06691,-3.05914,-3.06458,-0.08656,0.4914,0.03841,0.04403,-0.42549,0.10941,-0.02791,-0.00887,0.44645,0.052,0.06209,-0.10865,0.02979,0.00471,0.0014
14.04,0.06023,0.05588,-0.03799,-0.01239,-0.46807,-0.01328,0.46469,-0.01438,-0.00347,0.29856,0.384,-0,0.54585,0.01097,0.04635,0.32516,0.04422,-0.91876,0.08148,0.93687,0.08887,1.07468,0.05505,-4.24892,-3.6178,-0.24087,0.47165,0.04471,0.08074,-0.31715,0.08419,-0.02618,-0.00908,0.44493,0.02553,0.05736,-0.09011,0.02447,0.00839,0.00354
14.06,0.05765,0.05565,-0.03813,-0.00384,-0.4662,-0.00646,0.43992,-0.01314,-0.00623,0.24567,0.384,-0,0.65437,-0.03038,0.04771,0.29655,0.02978,-0.97977,0.09104,0.95301,0.15168,1.22475,0.02967,-5.51157,-4.17518,-0.41125,0.45105,0.049,0.11336,-0.22499,0.06177,-0.02432,-0.0091,0.43789,0.00043,0.05483,-0.07018,0.01816,0.0129,0.00616
14.08,0.05512,0.055,-0.03775,0.00371,-0.45856,0.00064,0.41014,-0.01118,-0.00537,0.18441,0.384,-0,0.7655,-0.08006,0.04631,0.26259,0.00065,-1.05216,0.09681,0.95981,0.23061,1.36334,-0.01362,-6.73182,-4.68696,-0.5858,0.43022,0.05068,0.1397,-0.15114,0.04291,-0.02228,-0.00888,0.42586,-0.022,0.05577,-0.04879,0.01096,0.01826,0.00923
14.1,0.0527,0.05405,-0.03684,0.00966,-0.44619,0.00811,0.37682,-0.00857,-0.00104,0.11671,0.384,-0,0.87582,-0.13721,0.04038,0.22246,-0.03946,-1.13349,0.09697,0.95486,0.32503,1.48352,-0.07942,-7.121,-5.08524,-0.74762,0.40963,0.04915,0.15767,-0.09517,0.0278,-0.01999,-0.00836,0.4097,-0.04073,0.0611,-0.02571,0.00309,0.02443,0.01274
14.12,0.0504,0.05293,-0.03541,0.01343,-0.43038,0.01599,0.34156,-0.00542,0.00633,0.04506,0.384,-0,0.98128,-0.20039,0.02772,0.17484,-0.085,-1.21916,0.08992,0.93511,0.43311,1.57791,-0.17206,-7.121,-5.29771,-0.87834,0.38961,0.04388,0.16545,-0.05511,0.01628,-0.01733,-0.00752,0.39039,-0.055,0.07131,-0.00073,-0.00516,0.03131,0.0166
14.14,0.04821,0.05173,-0.03349,0.01465,-0.41226,0.02428,0.30564,-0.00183,0.0162,-0.02826,0.384,-0,1.07798,-0.26788,0.00572,0.11811,-0.13059,-1.30364,0.07489,0.89716,0.55226,1.64019,-0.29495,-7.121,-5.27087,-0.96397,0.37037,0.03458,0.16193,-0.02825,0.00798,-0.01424,-0.00632,0.36885,-0.06448,0.08626,0.02611,-0.01343,0.03874,0.02071
14.16,0.04607,0.05048,-0.03112,0.01327,-0.39269,0.03283,0.26989,0.00212,0.02796,-0.10133,0.384,-0,1.16231,-0.33756,-0.02846,0.05061,-0.17229,-1.38102,0.05248,0.8377,0.67904,1.66602,-0.44963,-7.121,-4.98666,-0.99881,0.35194,0.02133,0.14708,-0.01187,0.00241,-0.01068,-0.00477,0.34577,-0.06936,0.10498,0.05435,-0.02124,0.04646,0.02492
14.18,0.04397,0.04919,-0.02842,0.00958,-0.37236,0.0413,0.23484,0.00634,0.04096,-0.17216,0.384,-0,1.23038,-0.4064,-0.07769,-0.02872,-0.20758,-1.44454,0.02494,0.75393,0.80817,1.65297,-0.63447,-7.121,-4.46805,-0.98606,0.33444,0.00472,0.12211,-0.0035,-0.00093,-0.00672,-0.00294,0.32186,-0.07037,0.12549,0.08284,-0.02795,0.05406,0.02899
14.2,0.04188,0.04783,-0.02552,0.00418,-0.35192,0.04913,0.20107,0.0107,0.05432,-0.23818,0.384,-0,1.27754,-0.47012,-0.14452,-0.12013,-0.23497,-1.48642,-0.00391,0.64399,0.93195,1.60007,-0.84411,-5.9256,-3.77561,-0.93635,0.31811,-0.01416,0.08939,-0.00114,-0.00252,-0.00251,-0.0009,0.29791,-0.0686,0.14483,0.1096,-0.03274,0.06094,0.0326
14.22,0.03981,0.04637,-0.02261,-0.00217,-0.33198,0.05563,0.16911,0.01504,0.06709,-0.29647,0.384,-0,1.29944,-0.52392,-0.23066,-0.22356,-0.25382,-1.4994,-0.02959,0.50699,1.04144,1.50745,-1.07142,-4.46688,-2.99016,-0.86426,0.30331,-0.03392,0.05199,-0.00321,-0.00277,0.00172,0.0012,0.27482,-0.06533,0.15972,0.13227,-0.0348,0.06643,0.03537
14.24,0.03776,0.04478,-0.01983,-0.0087,-0.31301,0.0603,0.13926,0.01917,0.07829,-0.34456,0.384,-0,1.29399,-0.56385,-0.33632,-0.33981,-0.26425,-1.47954,-0.04835,0.34302,1.12887,1.37611,-1.31092,-2.99326,-2.18706,-0.78348,0.2904,-0.05325,0.01297,-0.00846,-0.00206,0.00578,0.00327,0.2534,-0.06167,0.16752,0.14888,-0.03358,0.07,0.03703
14.26,0.03572,0.04308,-0.01729,-0.01474,-0.2954,0.06292,0.11154,0.02287,0.087,-0.38077,0.384,-0,1.26278,-0.5877,-0.45938,-0.47083,-0.26707,-1.4283,-0.05805,0.15369,1.18901,1.20829,-1.56025,-1.62488,-1.42136,-0.70383,0.27963,-0.07115,-0.025,-0.01589,-0.00076,0.00952,0.0052,0.23432,-0.05845,0.167,0.15831,-0.02904,0.07135,0.03744
14.28,0.03369,0.04131,-0.01505,-0.01976,-0.2795,0.06357,0.08587,0.02586,0.09229,-0.40402,0.384,-0,1.21164,-0.59492,-0.59429,-0.61896,-0.26376,-1.35333,-0.05832,-0.05637,1.21899,1.00871,-1.81878,-0.43549,-0.72979,-0.63104,0.27125,-0.08681,-0.05946,-0.02462,0.00079,0.01285,0.00692,0.21823,-0.05612,0.15839,0.16029,-0.02172,0.0705,0.03662
14.3,0.03168,0.03957,-0.01317,-0.02326,-0.26583,0.06261,0.06227,0.02778,0.09313,-0.41342,0.34797,-0,1.15022,-0.58625,-0.73177,-0.78593,-0.25635,-1.26794,-0.05031,-0.27853,1.21764,0.78535,-2.08575,0.53436,-0.13743,-0.56767,0.26556,-0.09953,-0.08791,-0.03393,0.00225,0.01567,0.00834,0.20595,-0.05485,0.1433,0.1553,-0.0127,0.06768,0.03474
14.32,0.02975,0.03797,-0.01168,-0.02482,-0.25499,0.06053,0.04081,0.02828,0.08841,-0.40817,0.31025,-0,1.08977,-0.56286,-0.8609,-0.9729,-0.24729,-1.18814,-0.03621,-0.5017,1.18502,0.54805,-2.36037,1.2689,0.33974,-0.51392,0.2629,-0.10874,-0.10812,-0.04316,0.00331,0.01791,0.00941,0.19828,-0.05457,0.12413,0.14428,-0.0033,0.06327,0.03206
14.34,0.02789,0.03662,-0.01058,-0.02423,-0.24747,0.05783,0.02132,0.02708,0.07699,-0.38748,0.27164,-0,1.04,-0.52538,-0.97281,-1.18098,-0.23932,-1.12803,-0.01856,-0.71527,1.1222,0.30578,-2.64304,1.77226,0.6953,-0.46853,0.26352,-0.11427,-0.11886,-0.05185,0.00377,0.01952,0.01008,0.19581,-0.05506,0.10332,0.12838,0.00534,0.05768,0.02883
14.36,0.02613,0.03553,-0.00984,-0.0215,-0.24359,0.05492,0.00331,0.02412,0.05781,-0.3507,0.23078,-0,1.00693,-0.4734,-1.06287,-1.41084,-0.23536,-1.09687,6e-05,-0.91052,1.03144,0.06567,-2.93524,2.06419,0.93181,-0.42945,0.26748,-0.11645,-0.12024,-0.05968,0.00352,0.02055,0.01037,0.1987,-0.05605,0.08291,0.10885,0.0125,0.05129,0.02527
14.38,0.02443,0.0347,-0.00938,-0.01694,-0.24346,0.0521,-0.01394,0.01953,0.03,-0.29759,0.18649,-0,0.99274,-0.40568,-1.13043,-1.661,-0.23853,-1.09862,0.01702,-1.07935,0.91675,-0.16551,-3.2374,2.17589,1.05837,-0.39438,0.27464,-0.11614,-0.11386,-0.06643,0.00259,0.02107,0.01033,0.20662,-0.05715,0.06462,0.08713,0.01791,0.0445,0.02159
14.4,0.0228,0.03403,-0.0091,-0.01112,-0.24708,0.04961,-0.03122,0.01369,-0.00696,-0.22843,0.13804,-0,0.9963,-0.32061,-1.17781,-1.92642,-0.25202,-1.13257,0.02957,-1.21306,0.7842,-0.37946,-3.5468,2.14574,1.08804,-0.36111,0.28464,-0.11457,-0.10254,-0.07191,0.00112,0.0212,0.01008,0.21883,-0.05791,0.04991,0.06493,0.02163,0.03771,0.018
14.42,0.02124,0.03346,-0.00892,-0.00475,-0.25434,0.04761,-0.04926,0.00711,-0.05318,-0.14406,0.08513,-0,1.0144,-0.21686,-1.20908,-2.1995,-0.27819,-1.19408,0.03524,-1.30316,0.64073,-0.56635,-3.85809,2.01381,1.03591,-0.32774,0.29695,-0.11301,-0.08948,-0.07596,-0.00068,0.02107,0.00971,0.23434,-0.05788,0.03992,0.04399,0.02394,0.03135,0.01468
14.44,0.01978,0.03293,-0.00874,0.00142,-0.26501,0.04615,-0.06872,0.00032,-0.10828,-0.04557,0.0278,-0,1.04307,-0.09403,-1.22883,-2.47258,-0.31734,-1.27553,0.03244,-1.34373,0.49205,-0.71594,-4.16526,1.81593,0.9179,-0.29283,0.31102,-0.11221,-0.07715,-0.07849,-0.00258,0.02074,0.00932,0.25216,-0.05666,0.03516,0.02562,0.02518,0.0257,0.01178
14.46,0.01847,0.0324,-0.00855,0.00673,-0.27869,0.04514,-0.09011,-0.00622,-0.17117,0.06546,-0.03358,-0,1.07844,0.04638,-1.24134,-2.73873,-0.36664,-1.3666,0.02092,-1.33306,0.34175,-0.81796,-4.46206,1.58067,0.75067,-0.25554,0.32623,-0.11204,-0.06654,-0.07949,-0.00437,0.02024,0.00894,0.27147,-0.054,0.03537,0.01045,0.02562,0.02089,0.00934
14.48,0.01741,0.03193,-0.00833,0.01058,-0.29471,0.04437,-0.11352,-0.01203,-0.23951,0.18607,-0.09778,-0,1.11677,0.19973,-1.25021,-2.98987,-0.41948,-1.45365,0.00199,-1.27392,0.19218,-0.86128,-4.73984,1.33007,0.5526,-0.21603,0.34184,-0.1114,-0.05706,-0.07902,-0.00587,0.01951,0.00854,0.29142,-0.04981,0.03943,-0.00149,0.02546,0.01693,0.00735
14.5,0.01673,0.03161,-0.00813,0.01239,-0.31208,0.04354,-0.13861,-0.01662,-0.30948,0.31142,-0.16241,-0,1.15412,0.35775,-1.25834,-3.21513,-0.46578,-1.51984,-0.02166,-1.17308,0.04559,-0.83314,-4.98563,1.08131,0.34427,-0.17548,0.3569,-0.10835,-0.04679,-0.07722,-0.00688,0.01843,0.00806,0.31111,-0.04415,0.04554,-0.01062,0.0248,0.01371,0.00576
14.52,0.01658,0.03155,-0.00802,0.01165,-0.32971,0.0423,-0.16465,-0.01956,-0.37637,0.4356,-0.22442,-0,1.18641,0.51025,-1.2681,-3.40179,-0.49423,-1.54818,-0.04665,-1.03977,-0.09588,-0.7199,-5.18375,0.84638,0.14623,-0.13549,0.37042,-0.10072,-0.03334,-0.07423,-0.00724,0.01689,0.00742,0.32965,-0.03718,0.05168,-0.01757,0.02368,0.0111,0.00449
14.54,0.01708,0.03187,-0.00809,0.00807,-0.34675,0.04039,-0.19082,-0.02056,-0.4359,0.55348,-0.2811,-0,1.20949,0.64841,-1.28178,-3.53829,-0.49583,-1.5264,-0.06996,-0.88355,-0.23086,-0.50887,-5.31955,0.63059,-0.02516,-0.09692,0.38169,-0.08691,-0.01483,-0.0702,-0.00685,0.0148,0.00655,0.34645,-0.02903,0.05623,-0.02299,0.02207,0.00894,0.00347
14.56,0.01826,0.03265,-0.00837,0.00164,-0.36278,0.03766,-0.21629,-0.01957,-0.48485,0.66147,-0.33059,-0,1.21929,0.7665,-1.30176,-3.61587,-0.46639,-1.45046,-0.08965,-0.71349,-0.35883,-0.19061,-5.38177,0.43228,-0.15991,-0.05927,0.39049,-0.06651,0.00919,-0.06527,-0.00573,0.01219,0.00546,0.36136,-0.01974,0.05849,-0.0274,0.01993,0.00709,0.00263
14.58,0.02005,0.03388,-0.00894,-0.0073,-0.37772,0.03412,-0.24007,-0.01684,-0.52083,0.75695,-0.37162,-0,1.2116,0.86145,-1.33051,-3.62822,-0.40729,-1.3259,-0.10477,-0.5392,-0.47915,0.23857,-5.36235,0.24418,-0.25388,-0.02075,0.39701,-0.04061,0.03744,-0.05958,-0.004,0.00924,0.00419,0.37458,-0.00931,0.05868,-0.03107,0.01719,0.00548,0.00193
14.6,0.02231,0.03555,-0.0098,-0.01803,-0.3917,0.02997,-0.26082,-0.01284,-0.54188,0.83743,-0.384,-0,1.18217,0.93174,-1.3703,-3.57072,-0.3248,-1.16713,-0.11528,-0.37165,-0.59013,0.77442,-5.25573,0.05573,-0.3073,0.02121,0.40181,-0.01174,0.06697,-0.05335,-0.00187,0.00623,0.00289,0.38649,0.00219,0.05789,-0.03403,0.01382,0.00405,0.00136
14.62,0.02485,0.03759,-0.01096,-0.0296,-0.40496,0.02547,-0.27713,-0.00819,-0.54653,0.90061,-0.384,-0,1.12734,0.97717,-1.42286,-3.44062,-0.22701,-0.9934,-0.12187,-0.22193,-0.68925,1.40396,-5.05863,-0.14425,-0.32344,0.0693,0.4056,0.01684,0.094,-0.04681,0.00036,0.00352,0.00172,0.39754,0.01464,0.05761,-0.03614,0.00982,0.00282,0.0009
14.64,0.02749,0.0399,-0.0124,-0.04107,-0.41775,0.02084,-0.28784,-0.00343,-0.53413,0.94514,-0.384,-0,1.04505,0.99902,-1.48891,-3.23803,-0.11945,-0.82276,-0.12606,-0.09839,-0.77421,2.10554,-4.77068,-0.36458,-0.3075,0.12548,0.40906,0.04225,0.11538,-0.04023,0.00245,0.00139,0.00079,0.40812,0.02778,0.05917,-0.03717,0.00526,0.0018,0.00059
14.66,0.03012,0.0424,-0.01409,-0.0516,-0.43034,0.0162,-0.29237,0.00102,-0.50521,0.97104,-0.384,-0,0.93594,1.00031,-1.56757,-2.96742,-0.00239,-0.66846,-0.13011,-0.0051,-0.84331,2.84617,-4.39589,-0.60897,-0.26609,0.1902,0.41274,0.06267,0.12945,-0.03386,0.00425,-3e-05,0.00018,0.41842,0.0412,0.06336,-0.03691,0.00034,0.00105,0.00042
14.68,0.03267,0.04499,-0.01594,-0.06038,-0.44279,0.01157,-0.2907,0.00488,-0.46173,0.97947,-0.384,-0,0.80435,0.98573,-1.65565,-2.63984,0.12901,-0.53927,-0.13704,0.05771,-0.89507,3.57538,-3.94563,-0.87345,-0.20723,0.26176,0.41694,0.07736,0.13615,-0.02801,0.00566,-0.00076,-0.00013,0.42835,0.05422,0.07022,-0.03516,-0.0046,0.0006,0.0004
14.7,0.03509,0.04751,-0.01783,-0.06663,-0.45498,0.00688,-0.2833,0.00798,-0.40699,0.97242,-0.384,-0,0.65853,0.96117,-1.74732,-2.27374,0.28308,-0.44086,-0.15039,0.09263,-0.92767,4.22336,-3.44013,-1.14559,-0.14033,0.33608,0.42177,0.08639,0.13674,-0.02308,0.00666,-0.00095,-0.00021,0.4375,0.06581,0.07918,-0.03174,-0.00903,0.00051,0.00055
14.72,0.03736,0.04982,-0.01961,-0.0696,-0.46658,0.00209,-0.27093,0.01022,-0.34493,0.95229,-0.37462,-0,0.50873,0.9325,-1.8349,-1.8913,0.46879,-0.3765,-0.17339,0.10403,-0.93935,4.71431,-2.90471,-1.40791,-0.07506,0.40769,0.42712,0.09035,0.13322,-0.01948,0.00728,-0.00081,-0.00016,0.44528,0.07477,0.08912,-0.02659,-0.0124,0.00083,0.00086
14.74,0.03947,0.05179,-0.02119,-0.06882,-0.47729,-0.00287,-0.25448,0.0116,-0.2789,0.92143,-0.34085,-0,0.36393,0.90364,-1.91038,-1.51201,0.69199,-0.34714,-0.20785,0.09721,-0.92937,4.98985,-2.36282,-1.64402,-0.01962,0.47142,0.4328,0.09003,0.1276,-0.01749,0.00757,-0.00056,-8e-05,0.45121,0.08,0.09872,-0.01979,-0.01426,0.00157,0.00131
14.76,0.04141,0.05332,-0.02252,-0.06423,-0.48683,-0.00803,-0.23489,0.01222,-0.21109,0.88203,-0.30236,-0,0.23013,0.87547,-1.96621,-1.14953,0.95205,-0.35148,-0.25315,0.07787,-0.89873,5.02471,-1.8331,-1.84207,0.02031,0.52338,0.43852,0.08626,0.12143,-0.01716,0.00759,-0.00038,-5e-05,0.45509,0.08075,0.10654,-0.01171,-0.01447,0.00267,0.00187
14.78,0.04314,0.05439,-0.02363,-0.05622,-0.49495,-0.01331,-0.21326,0.01227,-0.14287,0.83635,-0.26077,-0,0.1109,0.84567,-1.99504,-0.81366,1.23914,-0.38609,-0.30573,0.05212,-0.85054,4.82965,-1.33265,-1.99401,0.04147,0.56077,0.44391,0.07981,0.11569,-0.01829,0.00742,-0.00038,-0.00013,0.45702,0.07659,0.11105,-0.00306,-0.01315,0.00399,0.00248
14.8,0.04464,0.05497,-0.0246,-0.04559,-0.50135,-0.01855,-0.19099,0.01199,-0.07534,0.78689,-0.21809,-0,0.00857,0.80936,-1.98932,-0.5131,1.5334,-0.44563,-0.35917,0.02632,-0.78985,4.44659,-0.88044,-2.09402,0.04248,0.58144,0.44847,0.07144,0.11089,-0.02049,0.00717,-0.0006,-0.00033,0.45731,0.06744,0.11059,0.00515,-0.01071,0.00531,0.00304
14.82,0.04582,0.05507,-0.02552,-0.03339,-0.50568,-0.0235,-0.16953,0.01165,-0.0096,0.73611,-0.17652,-0,-0.07537,0.76049,-1.9417,-0.25521,1.80873,-0.52355,-0.40556,0.00629,-0.72252,3.93425,-0.49507,-2.13852,0.02301,0.58384,0.45162,0.06178,0.10705,-0.02321,0.00691,-0.00104,-0.00065,0.45637,0.05352,0.10378,0.01178,-0.00766,0.00638,0.00344
14.84,0.04663,0.05472,-0.02647,-0.02059,-0.50771,-0.02798,-0.15009,0.01145,0.05333,0.68581,-0.13795,-0,-0.14043,0.69374,-1.84611,-0.04387,2.03951,-0.61289,-0.43777,-0.00396,-0.65347,3.3485,-0.18859,-2.12758,-0.01708,0.56731,0.45288,0.05118,0.10375,-0.02592,0.00671,-0.00166,-0.00105,0.45451,0.03539,0.09001,0.01605,-0.00449,0.00698,0.00361
14.86,0.04703,0.05397,-0.02748,-0.00793,-0.50738,-0.03188,-0.13344,0.01148,0.11226,0.63696,-0.10373,-0,-0.18704,0.60616,-1.69889,0.12153,2.20448,-0.70652,-0.45094,-0.00311,-0.58565,2.73106,0.03681,-2.06592,-0.07813,0.53236,0.4519,0.03964,0.10014,-0.02811,0.00659,-0.00236,-0.00148,0.45184,0.01404,0.06989,0.01775,-0.00153,0.00701,0.0035
14.88,0.04699,0.0529,-0.02853,0.00404,-0.50482,-0.03517,-0.12001,0.01169,0.16537,0.58991,-0.07487,-0,-0.2161,0.49813,-1.5,0.24483,2.28628,-0.79652,-0.44267,0.0073,-0.52036,2.11102,0.18776,-1.96354,-0.16047,0.48095,0.44852,0.02689,0.09493,-0.02933,0.0065,-0.00299,-0.00184,0.44824,-0.00896,0.04556,0.01733,0.00105,0.00644,0.00312
14.9,0.04649,0.05161,-0.02955,0.01481,-0.5003,-0.03787,-0.11004,0.01193,0.20986,0.54485,-0.05235,-0,-0.22855,0.37371,-1.25389,0.33148,2.27066,-0.87384,-0.41276,0.02321,-0.45787,1.51006,0.27683,-1.83518,-0.26381,0.4165,0.44276,0.01253,0.08658,-0.02915,0.00638,-0.00336,-0.00203,0.44344,-0.0314,0.0205,0.01577,0.00318,0.00535,0.0025
14.92,0.04553,0.05022,-0.03043,0.024,-0.49413,-0.03999,-0.10365,0.012,0.24253,0.50175,-0.03703,-0,-0.22534,0.23974,-0.9694,0.38737,2.14931,-0.9296,-0.36299,0.03941,-0.39787,0.94443,0.31948,-1.69717,-0.38669,0.34335,0.4347,-0.00378,0.07365,-0.02727,0.00616,-0.00327,-0.00193,0.43705,-0.05085,-0.00126,0.0143,0.0049,0.00389,0.00171
14.94,0.04413,0.0488,-0.03106,0.03132,-0.4865,-0.04156,-0.10091,0.01176,0.26098,0.46016,-0.02947,-0,-0.20763,0.10415,-0.65907,0.41818,1.92509,-0.95756,-0.29691,0.05141,-0.33984,0.425,0.33085,-1.56276,-0.52585,0.26573,0.42446,-0.02202,0.05551,-0.02352,0.00575,-0.00258,-0.00146,0.42866,-0.06544,-0.01651,0.01394,0.00629,0.00219,0.00083
14.96,0.04231,0.04737,-0.03139,0.03668,-0.47738,-0.04259,-0.10186,0.01115,0.26434,0.41914,-0.02976,-0,-0.17706,-0.02472,-0.3398,0.42893,1.61672,-0.9557,-0.21992,0.05668,-0.28343,-0.04122,0.32375,-1.43935,-0.6752,0.18739,0.4121,-0.04159,0.03272,-0.01801,0.00514,-0.00128,-0.00063,0.41797,-0.07427,-0.02374,0.0152,0.00741,0.0004,-9e-05
14.98,0.04015,0.0459,-0.03137,0.04009,-0.46657,-0.04306,-0.10647,0.01028,0.25338,0.37759,-0.03749,-0,-0.13601,-0.13727,-0.03546,0.42367,1.2621,-0.92665,-0.13989,0.05499,-0.22906,-0.44684,0.30804,-1.32873,-0.82456,0.11212,0.39774,-0.06107,0.0074,-0.01114,0.00434,0.0005,0.0005,0.40484,-0.07748,-0.02329,0.01806,0.00836,-0.00135,-0.00098
15,0.03777,0.04433,-0.031,0.04162,-0.45378,-0.04292,-0.11471,0.00936,0.23031,0.3345,-0.05184,-0,-0.08765,-0.22232,0.22282,0.40541,0.91655,-0.87689,-0.0671,0.04802,-0.17815,-0.78112,0.29077,-1.22844,-0.95925,0.04411,0.38163,-0.07825,-0.01688,-0.00364,0.00343,0.00251,0.00175,0.38938,-0.07605,-0.01707,0.02195,0.00919,-0.00291,-0.00178
15.02,0.03528,0.04258,-0.0303,0.04142,-0.43864,-0.04214,-0.1265,0.00871,0.19813,0.2889,-0.0718,-0,-0.03546,-0.26957,0.40455,0.37647,0.63863,-0.81436,-0.01191,0.03857,-0.13268,-1.03251,0.2766,-1.13328,-1.06312,-0.01258,0.36407,-0.09059,-0.03596,0.0036,0.00251,0.00445,0.00294,0.37185,-0.07142,-0.00786,0.02596,0.00996,-0.00416,-0.00245
15.04,0.03282,0.04054,-0.02929,0.03972,-0.42077,-0.04073,-0.1417,0.0087,0.15978,0.2395,-0.0964,-0,0.01749,-0.27395,0.49301,0.33898,0.46801,-0.74507,0.0189,0.02933,-0.09421,-1.19476,0.26835,-1.03685,-1.12352,-0.05537,0.34524,-0.09613,-0.04647,0.00971,0.00169,0.00605,0.00389,0.35249,-0.06502,0.00167,0.02915,0.01074,-0.00501,-0.00294
15.06,0.03045,0.0381,-0.02801,0.03685,-0.3998,-0.03885,-0.16006,0.0097,0.11772,0.18465,-0.12486,-0,0.06893,-0.23873,0.49424,0.29547,0.41062,-0.67101,0.02472,0.02209,-0.06328,-1.27094,0.26748,-0.93292,-1.13476,-0.0839,0.32523,-0.09401,-0.04672,0.01396,0.00109,0.00713,0.00451,0.33149,-0.05801,0.00957,0.03074,0.01164,-0.00546,-0.00326
15.08,0.02821,0.03519,-0.02647,0.03329,-0.37557,-0.03679,-0.18102,0.01208,0.07417,0.12272,-0.15633,-0,0.11709,-0.17646,0.43918,0.24931,0.43547,-0.59013,0.01159,0.01759,-0.03955,-1.27358,0.27418,-0.81653,-1.09864,-0.09996,0.3041,-0.08466,-0.03695,0.01578,0.0008,0.00766,0.00477,0.30912,-0.05118,0.01472,0.03008,0.01277,-0.00556,-0.00344
15.1,0.02613,0.03175,-0.02475,0.02961,-0.34826,-0.03498,-0.20368,0.01621,0.03128,0.05252,-0.1898,-0,0.1603,-0.10765,0.37943,0.20476,0.48082,-0.49748,-0.00883,0.01566,-0.0221,-1.22272,0.28755,-0.68469,-1.0235,-0.10704,0.28205,-0.06961,-0.01906,0.0147,0.00092,0.00767,0.00472,0.28589,-0.04509,0.01672,0.02672,0.01425,-0.00543,-0.00353
15.12,0.02426,0.02779,-0.02289,0.02641,-0.31831,-0.03388,-0.2268,0.02238,-0.00898,-0.02655,-0.22412,-0,0.19706,-0.05524,0.37263,0.16619,0.47395,-0.38756,-0.02287,0.01543,-0.00963,-1.14194,0.30602,-0.53618,-0.92151,-0.10936,0.25942,-0.05104,0.00405,0.01045,0.00153,0.00728,0.00442,0.26243,-0.04006,0.01563,0.02039,0.0162,-0.0052,-0.00358
15.14,0.02257,0.02335,-0.02098,0.02411,-0.28629,-0.03387,-0.24908,0.03077,-0.04532,-0.11446,-0.25825,-0,0.2264,-0.03658,0.46132,0.13655,0.35964,-0.25737,-0.01997,0.01562,-0.00057,-1.05316,0.32792,-0.37077,-0.80489,-0.11082,0.23648,-0.03104,0.02941,0.00304,0.00268,0.00659,0.00398,0.23929,-0.03624,0.01173,0.01111,0.01862,-0.00499,-0.00364
15.16,0.02104,0.01857,-0.01907,0.02282,-0.25288,-0.03513,-0.26915,0.04135,-0.07736,-0.21029,-0.29134,-0,0.24801,-0.0578,0.65786,0.11656,0.12022,-0.10899,0.00382,0.01473,0.00684,-0.97343,0.35184,-0.18938,-0.68382,-0.11416,0.21349,-0.01121,0.05462,-0.00707,0.00434,0.00573,0.00345,0.2169,-0.03364,0.00538,-0.00074,0.02146,-0.00487,-0.00374
15.18,0.01963,0.01367,-0.01726,0.02234,-0.21908,-0.03764,-0.28549,0.05378,-0.1054,-0.31139,-0.32249,-0,0.26214,-0.11237,0.93934,0.10458,-0.21767,0.04867,0.0447,0.01107,0.01444,-0.91475,0.3765,0.00464,-0.56676,-0.12082,0.1908,0.00726,0.0777,-0.01892,0.00641,0.00478,0.0029,0.1957,-0.03216,-0.00302,-0.01428,0.02448,-0.00484,-0.00386
15.2,0.01828,0.00902,-0.01565,0.02222,-0.18647,-0.04116,-0.2963,0.06738,-0.13012,-0.413,-0.35049,-0,0.26929,-0.18253,1.25084,0.09711,-0.58716,0.19983,0.092,0.0029,0.0241,-0.88497,0.40061,0.20469,-0.46129,-0.13098,0.16904,0.0235,0.097,-0.03102,0.00872,0.00383,0.00237,0.17628,-0.03161,-0.01299,-0.02819,0.02733,-0.00484,-0.00396
15.22,0.01697,0.00503,-0.01434,0.02183,-0.15683,-0.04532,-0.29972,0.08124,-0.15225,-0.50912,-0.37394,-0,0.26998,-0.24483,1.52131,0.08984,-0.90088,0.32552,0.13147,-0.01134,0.03755,-0.88857,0.42283,0.40279,-0.3736,-0.14403,0.14901,0.03686,0.11114,-0.0417,0.01104,0.00296,0.0019,0.15932,-0.03176,-0.02401,-0.04091,0.0296,-0.00479,-0.004
15.24,0.01567,0.00204,-0.01343,0.0206,-0.13167,-0.04968,-0.29433,0.09441,-0.17234,-0.59433,-0.384,-0,0.26442,-0.27817,1.68765,0.07909,-1.08086,0.4098,0.15021,-0.03252,0.05626,-0.92749,0.44193,0.59318,-0.30728,-0.15919,0.13137,0.04697,0.1192,-0.04956,0.0132,0.00222,0.00152,0.14532,-0.03233,-0.03558,-0.05116,0.03097,-0.00461,-0.00392
15.26,0.01438,0.00026,-0.01293,0.01809,-0.11185,-0.05381,-0.27944,0.10602,-0.19051,-0.66475,-0.384,-0,0.25241,-0.26933,1.71084,0.06282,-1.07864,0.44371,0.14003,-0.06041,0.08126,-1.00138,0.45675,0.77413,-0.26261,-0.17595,0.11658,0.05379,0.12082,-0.05383,0.01507,0.00166,0.00124,0.13452,-0.03307,-0.04726,-0.05819,0.03126,-0.00422,-0.00367
15.28,0.01317,-0.00027,-0.01283,0.01405,-0.09769,-0.05726,-0.25532,0.1152,-0.20626,-0.71771,-0.384,-0,0.23334,-0.21424,1.57943,0.04101,-0.87991,0.42597,0.0983,-0.09343,0.11291,-1.10724,0.46615,0.94709,-0.23675,-0.19396,0.10494,0.05751,0.11617,-0.05436,0.01663,0.00129,0.00107,0.12693,-0.03369,-0.05858,-0.06183,0.03051,-0.0036,-0.00326
15.3,0.01213,0.00035,-0.01306,0.00845,-0.08915,-0.05954,-0.22317,0.12098,-0.2184,-0.75119,-0.384,-0,0.20639,-0.11727,1.30685,0.01554,-0.50148,0.36189,0.02755,-0.12858,0.15068,-1.23883,0.46882,1.11445,-0.22456,-0.21292,0.09671,0.05849,0.10587,-0.05158,0.01786,0.00109,0.001,0.12244,-0.03389,-0.06899,-0.06233,0.02891,-0.00272,-0.00268
15.32,0.01137,0.00194,-0.01351,0.00139,-0.08589,-0.06023,-0.18483,0.1225,-0.22536,-0.76385,-0.384,-0,0.17091,0.0113,0.9239,-0.01055,0.01727,0.26136,-0.06583,-0.16205,0.19286,-1.38567,0.46354,1.27654,-0.21999,-0.23219,0.09202,0.05723,0.09096,-0.04623,0.0188,0.00105,0.00103,0.12079,-0.03344,-0.07792,-0.06027,0.02675,-0.0016,-0.00195
15.34,0.011,0.00428,-0.0141,-0.00695,-0.08722,-0.0591,-0.14236,0.11917,-0.22581,-0.75558,-0.36641,-0,0.12707,0.15869,0.46866,-0.03425,0.62612,0.13606,-0.17343,-0.19023,0.23622,-1.53205,0.44939,1.42807,-0.21787,-0.25044,0.09074,0.0544,0.07268,-0.03918,0.01948,0.00113,0.00113,0.12156,-0.03216,-0.08506,-0.05634,0.0243,-0.00026,-0.0011
15.36,0.01104,0.0071,-0.01473,-0.01635,-0.09207,-0.05623,-0.09785,0.11095,-0.21904,-0.72788,-0.33587,-0,0.07641,0.3115,-0.01866,-0.05329,1.26962,-0.00177,-0.28569,-0.21025,0.27563,-1.65574,0.42611,1.55529,-0.21509,-0.26531,0.09227,0.05085,0.05258,-0.03125,0.01994,0.00126,0.00127,0.12407,-0.03004,-0.09048,-0.05129,0.02181,0.00126,-0.00016
15.38,0.01148,0.01008,-0.0153,-0.02644,-0.09893,-0.0521,-0.05377,0.09838,-0.20509,-0.68417,-0.29725,-0,0.02234,0.455,-0.49349,-0.0662,1.88379,-0.13875,-0.39124,-0.22,0.30366,-1.72661,0.39426,1.63407,-0.21096,-0.27319,0.09558,0.04764,0.03256,-0.02321,0.02016,0.00136,0.00138,0.12739,-0.02726,-0.09458,-0.04587,0.01943,0.00291,0.00084
15.4,0.01224,0.01285,-0.01575,-0.03673,-0.10591,-0.04748,-0.01309,0.08259,-0.18473,-0.62961,-0.25189,-0,-0.02978,0.57255,-0.90509,-0.0721,2.39417,-0.25985,-0.47662,-0.21795,0.31081,-1.70783,0.35532,1.63119,-0.20693,-0.26941,0.09922,0.04597,0.01496,-0.01587,0.02015,0.0013,0.0014,0.13035,-0.02413,-0.09801,-0.04092,0.01733,0.0046,0.00184
15.42,0.01322,0.01502,-0.01599,-0.0466,-0.11108,-0.04328,0.0211,0.06501,-0.15922,-0.57002,-0.20159,-0,-0.07376,0.64785,-1.20318,-0.07065,2.72616,-0.3503,-0.52829,-0.20331,0.28777,-1.56436,0.31133,1.51299,-0.20557,-0.24934,0.10166,0.04699,0.00212,-0.00995,0.01989,0.00099,0.00127,0.13176,-0.02104,-0.1015,-0.03719,0.0156,0.00622,0.00277
15.44,0.01432,0.01634,-0.01598,-0.05554,-0.11295,-0.04021,0.04661,0.04694,-0.12997,-0.51023,-0.14819,-0,-0.1045,0.66891,-1.35026,-0.06208,2.82379,-0.39916,-0.53613,-0.1763,0.22896,-1.27628,0.26439,1.25897,-0.20897,-0.21023,0.10167,0.05137,-0.00441,-0.00597,0.01935,0.00036,0.00094,0.13069,-0.01833,-0.10557,-0.03523,0.0143,0.0077,0.00359
15.46,0.01545,0.01668,-0.01568,-0.06315,-0.11077,-0.03861,0.06262,0.02933,-0.09842,-0.45317,-0.09344,-0,-0.11917,0.6309,-1.32993,-0.04727,2.66273,-0.40167,-0.49598,-0.13858,0.1352,-0.84924,0.21641,0.87227,-0.21771,-0.15256,0.0986,0.059,-0.00431,-0.00411,0.01854,-0.0006,0.00041,0.1267,-0.01616,-0.11033,-0.03521,0.01342,0.00895,0.00426
15.48,0.01652,0.01613,-0.0151,-0.06916,-0.10466,-0.03839,0.06975,0.01288,-0.06621,-0.40003,-0.03938,-0,-0.11738,0.53698,-1.14857,-0.02784,2.25399,-0.35967,-0.41037,-0.09352,0.01502,-0.31994,0.16946,0.38494,-0.23051,-0.08079,0.09253,0.06891,0.00132,-0.00426,0.01749,-0.0018,-0.00027,0.11989,-0.01453,-0.11543,-0.03691,0.0129,0.00994,0.00476
15.5,0.01746,0.0149,-0.01427,-0.07332,-0.0955,-0.0391,0.06971,-0.00189,-0.03539,-0.35085,0.01135,-0,-0.10086,0.39759,-0.83293,-0.00615,1.64102,-0.28084,-0.28811,-0.04622,-0.11576,0.24529,0.12597,-0.14344,-0.2444,-0.00321,0.08415,0.07929,0.01023,-0.00601,0.01627,-0.00307,-0.001,0.11091,-0.01333,-0.12007,-0.03979,0.01262,0.01062,0.00508
15.52,0.0182,0.01329,-0.01326,-0.07546,-0.08459,-0.04011,0.0648,-0.01455,-0.00807,-0.30503,0.05594,-0,-0.07269,0.2277,-0.42267,0.01519,0.88795,-0.17639,-0.14185,-0.00246,-0.23786,0.76636,0.08844,-0.64002,-0.25553,0.07,0.07451,0.08799,0.01959,-0.00881,0.01496,-0.00422,-0.00166,0.10068,-0.01234,-0.12322,-0.04314,0.01247,0.01096,0.0052
15.54,0.01868,0.01158,-0.0121,-0.07553,-0.07317,-0.04081,0.05727,-0.02489,0.01413,-0.26177,0.09223,-0,-0.03656,0.04284,0.03997,0.03405,0.06248,-0.058,0.01525,0.03293,-0.33447,1.17421,0.05864,-1.04095,-0.26041,0.12992,0.0646,0.09321,0.02685,-0.01211,0.01361,-0.00508,-0.00214,0.09004,-0.01134,-0.124,-0.04625,0.01233,0.01095,0.00513
15.56,0.01885,0.00997,-0.01083,-0.07366,-0.06213,-0.04078,0.04881,-0.03293,0.03048,-0.22051,0.11926,-0,0.00379,-0.14303,0.51549,0.04923,-0.77267,0.0639,0.17139,0.05708,-0.39504,1.42668,0.03713,-1.30562,-0.25672,0.17077,0.05513,0.09393,0.03039,-0.01542,0.01226,-0.00554,-0.00238,0.07962,-0.01011,-0.12188,-0.04862,0.01211,0.01059,0.00488
15.58,0.01868,0.00853,-0.00947,-0.07017,-0.05201,-0.03986,0.04063,-0.03881,0.04098,-0.18134,0.13713,-0,0.04427,-0.31658,0.96498,0.06043,-1.55575,0.17964,0.31534,0.0692,-0.41571,1.51026,0.02337,-1.41782,-0.24353,0.1901,0.04649,0.09006,0.02959,-0.01834,0.01092,-0.00558,-0.00237,0.06978,-0.00848,-0.11681,-0.04992,0.01174,0.00993,0.00448
15.6,0.01814,0.00731,-0.00804,-0.06557,-0.04309,-0.03808,0.03342,-0.04279,0.04627,-0.14525,0.1467,-0,0.08041,-0.46416,1.34777,0.06805,-2.22173,0.27965,0.43562,0.0701,-0.39813,1.4352,0.01604,-1.38146,-0.22118,0.18812,0.03892,0.08228,0.02469,-0.02053,0.0096,-0.00522,-0.00213,0.06077,-0.0063,-0.10913,-0.04998,0.0112,0.00901,0.00395
15.62,0.01722,0.00627,-0.00658,-0.06043,-0.03548,-0.03559,0.02756,-0.04514,0.04729,-0.11371,0.1492,-0,0.10788,-0.57331,1.6263,0.07294,-2.71021,0.3554,0.52178,0.0617,-0.34753,1.22663,0.0134,-1.21364,-0.19079,0.1669,0.03247,0.07176,0.01652,-0.02171,0.0083,-0.00455,-0.00172,0.05273,-0.00351,-0.09946,-0.04874,0.0105,0.0079,0.00335
15.64,0.01593,0.00536,-0.00508,-0.05525,-0.02915,-0.03262,0.02312,-0.04615,0.04509,-0.08791,0.14602,-0,0.12363,-0.63592,1.77559,0.07606,-2.98135,0.40146,0.56712,0.04622,-0.2702,0.91353,0.01375,-0.93673,-0.15355,0.12937,0.02712,0.0597,0.00606,-0.02172,0.00701,-0.00364,-0.00119,0.04568,-6e-05,-0.08843,-0.04626,0.00963,0.00668,0.00272
15.66,0.01428,0.00454,-0.00357,-0.05037,-0.02395,-0.02932,0.02002,-0.04609,0.04061,-0.06831,0.13844,-0,0.12655,-0.65041,1.78965,0.07827,-3.02648,0.41676,0.57053,0.02586,-0.17222,0.52269,0.01582,-0.57411,-0.11044,0.07885,0.02275,0.04703,-0.00582,-0.02056,0.00572,-0.00256,-0.00058,0.03957,0.00398,-0.07657,-0.04268,0.00863,0.00539,0.00207
15.68,0.01234,0.00377,-0.00207,-0.04597,-0.01971,-0.02587,0.01801,-0.04523,0.03472,-0.05464,0.12767,-0,0.11761,-0.62197,1.68255,0.08026,-2.86972,0.40476,0.53677,0.0028,-0.05971,0.07961,0.01872,-0.15145,-0.06241,0.01926,0.01923,0.03447,-0.01832,-0.01837,0.00442,-0.00137,7e-05,0.03429,0.00848,-0.06441,-0.03822,0.00753,0.00409,0.00145
15.7,0.01019,0.00301,-0.00059,-0.04212,-0.01622,-0.02242,0.01678,-0.04382,0.02822,-0.04621,0.11484,-0,0.0996,-0.56149,1.48556,0.08251,-2.56312,0.37266,0.47564,-0.02072,0.06054,-0.38887,0.02199,0.30136,-0.01071,-0.04467,0.01644,0.02262,-0.03063,-0.01544,0.00314,-0.00012,0.00072,0.02978,0.01316,-0.0525,-0.03323,0.00638,0.00283,0.00086
15.72,0.00796,0.00227,0.00081,-0.03881,-0.01334,-0.01912,0.01596,-0.04209,0.02175,-0.04203,0.101,-0,0.07623,-0.48275,1.2387,0.08537,-2.17271,0.32957,0.39942,-0.04256,0.18134,-0.85521,0.0254,0.75229,0.04314,-0.10785,0.01427,0.01198,-0.04197,-0.01214,0.0019,0.00114,0.00133,0.02595,0.01772,-0.04136,-0.0281,0.00525,0.00165,0.00034
15.74,0.00576,0.00154,0.00211,-0.03599,-0.01091,-0.01608,0.01526,-0.0402,0.01577,-0.0411,0.08695,-0,0.05104,-0.39841,0.9788,0.08908,-1.75904,0.28379,0.31931,-0.06099,0.29595,-1.29379,0.02877,1.17177,0.09752,-0.16564,0.01264,0.00288,-0.05169,-0.00882,0.00071,0.00235,0.00189,0.02275,0.02186,-0.03134,-0.02315,0.0042,0.00059,-0.00011
15.76,0.00367,0.00083,0.00329,-0.03351,-0.00883,-0.01333,0.01448,-0.03833,0.0105,-0.04244,0.07322,-0,0.02662,-0.31761,0.73234,0.09378,-1.36546,0.24128,0.24329,-0.07491,0.39822,-1.68127,0.03181,1.53452,0.15072,-0.2143,0.01146,-0.00449,-0.05928,-0.00571,-0.00042,0.00348,0.00236,0.02005,0.02541,-0.02254,-0.01857,0.00328,-0.00033,-0.00048
15.78,0.00175,0.00014,0.00434,-0.03123,-0.00704,-0.01084,0.01354,-0.03658,0.00592,-0.04522,0.06021,-0,0.00469,-0.24601,0.51551,0.09955,-1.018,0.20551,0.17615,-0.08376,0.48185,-1.99358,0.03403,1.81701,0.20046,-0.25069,0.01068,-0.01002,-0.06436,-0.00298,-0.00149,0.00449,0.00274,0.01777,0.02828,-0.01488,-0.01446,0.00251,-0.00113,-0.0008
15.8,6e-05,-0.0005,0.00527,-0.02899,-0.00552,-0.00858,0.01249,-0.03506,0.00187,-0.04867,0.04824,-0,-0.01373,-0.18655,0.33664,0.10628,-0.72946,0.17793,0.12027,-0.08733,0.53983,-2.20372,0.03481,1.99523,0.24363,-0.27189,0.01026,-0.01368,-0.06657,-0.00074,-0.00249,0.00531,0.003,0.0158,0.03043,-0.00816,-0.01082,0.00193,-0.00181,-0.00106
15.82,-0.00132,-0.00104,0.00605,-0.02663,-0.00434,-0.0065,0.01145,-0.03387,-0.0019,-0.05213,0.03757,-0,-0.02811,-0.1402,0.19838,0.11378,-0.50277,0.15841,0.07623,-0.08569,0.5653,-2.28538,0.03339,2.04718,0.27686,-0.27543,0.01018,-0.01546,-0.06573,0.00095,-0.00342,0.00592,0.00312,0.01408,0.03183,-0.00217,-0.00764,0.00156,-0.00241,-0.0013
15.84,-0.00236,-0.00146,0.00668,-0.02402,-0.00354,-0.00454,0.01055,-0.03306,-0.00561,-0.05501,0.02838,-0,-0.0383,-0.10653,0.09944,0.1217,-0.33396,0.14565,0.04338,-0.07906,0.55348,-2.22038,0.02907,1.95872,0.29754,-0.25985,0.01041,-0.01555,-0.06188,0.00207,-0.00425,0.00626,0.00311,0.01257,0.03243,0.00325,-0.00486,0.00141,-0.00292,-0.00151
15.86,-0.00305,-0.00174,0.00716,-0.02106,-0.00319,-0.00267,0.00987,-0.0326,-0.00946,-0.05679,0.02065,-0,-0.04445,-0.0842,0.036,0.1296,-0.21448,0.13745,0.02026,-0.0678,0.50318,-2.00448,0.02131,1.72832,0.3045,-0.22524,0.0109,-0.01432,-0.05549,0.00269,-0.00497,0.00635,0.00297,0.01123,0.03214,0.00811,-0.00241,0.00147,-0.00335,-0.00172
15.88,-0.00338,-0.00186,0.00748,-0.01767,-0.00332,-0.00087,0.00944,-0.03243,-0.01349,-0.05697,0.01433,-0,-0.04689,-0.07131,0.00271,0.13682,-0.13296,0.13088,0.00495,-0.05244,0.41731,-1.64992,0.00976,1.36941,0.29806,-0.17352,0.01158,-0.01242,-0.04752,0.00289,-0.00552,0.00621,0.00274,0.01008,0.03083,0.01227,-0.00023,0.00172,-0.00369,-0.00189
15.9,-0.00338,-0.00185,0.00765,-0.01387,-0.00396,0.00082,0.00926,-0.03243,-0.01764,-0.05511,0.00931,-0,-0.04608,-0.06565,-0.00655,0.14251,-0.07652,0.12243,-0.00469,-0.03379,0.30282,-1.18494,-0.00559,0.91021,0.27989,-0.10848,0.01236,-0.01068,-0.03934,0.00281,-0.00585,0.00591,0.00245,0.00915,0.02833,0.01537,0.00173,0.00212,-0.0039,-0.00202
15.92,-0.00309,-0.00168,0.00763,-0.00973,-0.00517,0.00235,0.00932,-0.03243,-0.02176,-0.05081,0.00554,-0,-0.04258,-0.06502,0.00206,0.14582,-0.03213,0.10829,-0.0108,-0.01291,0.16924,-0.64806,-0.02443,0.38829,0.25245,-0.03512,0.01314,-0.00995,-0.03242,0.0026,-0.0059,0.00552,0.00216,0.00854,0.02447,0.01701,0.00347,0.00262,-0.00394,-0.00207
15.94,-0.00253,-0.00138,0.00744,-0.00536,-0.007,0.00366,0.00964,-0.03225,-0.02567,-0.04378,0.00291,-0,-0.03703,-0.0675,0.023,0.14621,0.0123,0.08478,-0.01533,0.00894,0.02642,-0.07911,-0.04599,-0.15809,0.21848,0.0415,0.0139,-0.0108,-0.02785,0.00238,-0.00561,0.00509,0.0019,0.00837,0.01925,0.01689,0.005,0.00315,-0.00379,-0.00203
15.96,-0.00176,-0.00092,0.00704,-0.00091,-0.00954,0.00467,0.0103,-0.03168,-0.02924,-0.03389,0.00136,-0,-0.03014,-0.07162,0.05164,0.14369,0.06696,0.04867,-0.01992,0.03018,-0.11647,0.48478,-0.06892,-0.69382,0.18072,0.11666,0.01471,-0.01337,-0.02599,0.00225,-0.00499,0.00466,0.00168,0.00877,0.01282,0.01503,0.00632,0.00369,-0.00346,-0.00189
15.98,-0.00081,-0.0003,0.00645,0.0034,-0.0129,0.00533,0.01145,-0.0305,-0.03235,-0.0213,0.00079,-0,-0.02282,-0.0764,0.08417,0.13886,0.13957,-0.00246,-0.02583,0.04883,-0.25007,1.00601,-0.09108,-1.1839,0.1421,0.18558,0.01573,-0.01721,-0.02642,0.00226,-0.00406,0.00421,0.00151,0.00992,0.00564,0.01174,0.00742,0.00418,-0.00297,-0.00167
16,0.00024,0.0005,0.00564,0.00729,-0.01717,0.00557,0.01324,-0.02848,-0.03485,-0.0064,0.00118,-0,-0.01615,-0.08132,0.11743,0.13298,0.23474,-0.06989,-0.0339,0.06236,-0.36411,1.44348,-0.10949,-1.59053,0.10596,0.243,0.01724,-0.02145,-0.02803,0.00242,-0.00289,0.00373,0.00135,0.012,-0.0016,0.00766,0.00828,0.00459,-0.00239,-0.0014
16.02,0.00134,0.00149,0.00464,0.01043,-0.02244,0.0053,0.0159,-0.02537,-0.03654,0.01026,0.00251,-0,-0.0114,-0.08637,0.14896,0.12799,0.35319,-0.15322,-0.0444,0.06809,-0.44863,1.75758,-0.12067,-1.87748,0.0758,0.2838,0.01952,-0.02496,-0.02941,0.0027,-0.0016,0.00316,0.00117,0.01522,-0.00807,0.00353,0.00883,0.00488,-0.0018,-0.00111
16.04,0.00243,0.00268,0.00344,0.01257,-0.02884,0.00444,0.01961,-0.0209,-0.03716,0.02831,0.00486,-0,-0.00998,-0.09223,0.17717,0.12655,0.49062,-0.2497,-0.05693,0.06383,-0.49652,1.92044,-0.12133,-2.01934,0.05463,0.30437,0.02291,-0.02681,-0.02931,0.00304,-0.00024,0.00248,0.00095,0.01983,-0.01313,-3e-05,0.00902,0.00502,-0.00127,-0.00085
16.06,0.00349,0.00412,0.00202,0.01361,-0.03651,0.00293,0.02449,-0.0148,-0.03634,0.04761,0.00832,-0,-0.0134,-0.10021,0.20147,0.1321,0.63648,-0.35342,-0.07027,0.04833,-0.50517,1.92284,-0.10884,-2.0079,0.04469,0.30349,0.02771,-0.02649,-0.02704,0.00337,0.00115,0.00164,0.00065,0.02608,-0.01648,-0.00266,0.00877,0.00502,-0.00084,-0.00064
16.08,0.00453,0.0058,0.00039,0.01363,-0.04556,0.00069,0.03059,-0.00685,-0.03365,0.06821,0.01304,-0,-0.02326,-0.11235,0.222,0.14889,0.77254,-0.45433,-0.08223,0.02155,-0.47675,1.77538,-0.08142,-1.85319,0.04745,0.28249,0.03414,-0.02398,-0.02251,0.00358,0.00255,0.00066,0.00026,0.03419,-0.01817,-0.0043,0.00802,0.00489,-0.00052,-0.00048
16.1,0.00554,0.00772,-0.00145,0.01282,-0.05601,-0.00228,0.03781,0.00311,-0.02855,0.09013,0.01917,-0,-0.04121,-0.13115,0.23937,0.18178,0.87313,-0.53818,-0.08972,-0.01543,-0.41738,1.5056,-0.03805,-1.58103,0.06376,0.2449,0.04236,-0.01974,-0.0162,0.00352,0.004,-0.00045,-0.00019,0.04429,-0.01852,-0.00515,0.0067,0.00467,-0.00031,-0.00037
16.12,0.00655,0.00985,-0.00346,0.01146,-0.06778,-0.00597,0.04585,0.01511,-0.02044,0.11329,0.02692,-0,-0.06889,-0.15928,0.25405,0.23593,0.90989,-0.58908,-0.08931,-0.06069,-0.33502,1.14931,0.02186,-1.22485,0.09403,0.19524,0.05242,-0.01448,-0.00897,0.003,0.00549,-0.00165,-0.0007,0.05647,-0.01804,-0.00552,0.0047,0.00439,-0.00019,-0.00031
16.14,0.00755,0.01217,-0.00563,0.00986,-0.08074,-0.01025,0.05424,0.02907,-0.00867,0.13747,0.03657,-0,-0.10771,-0.19903,0.26573,0.31607,0.85967,-0.59385,-0.07816,-0.11199,-0.23646,0.73848,0.09903,-0.81447,0.13834,0.13742,0.06436,-0.00898,-0.00169,0.00179,0.00705,-0.00289,-0.00124,0.07072,-0.01726,-0.00575,0.00193,0.00408,-0.00015,-0.00028
16.16,0.00855,0.01459,-0.00793,0.0083,-0.09464,-0.01492,0.06223,0.04471,0.00738,0.16217,0.04848,-0,-0.15866,-0.25175,0.27284,0.42579,0.71031,-0.54511,-0.05474,-0.16693,-0.12575,0.29462,0.1943,-0.37004,0.19636,0.0738,0.07816,-0.00396,0.00496,-0.00038,0.00865,-0.00412,-0.0018,0.08697,-0.01663,-0.0061,-0.00179,0.00372,-0.00017,-0.00028
16.18,0.00951,0.01704,-0.01032,0.00707,-0.10902,-0.01959,0.06871,0.06145,0.0282,0.18645,0.06302,-0,-0.22188,-0.31744,0.27232,0.56663,0.46283,-0.44223,-0.01909,-0.22259,-0.00448,-0.1699,0.30805,0.09649,0.26693,0.00545,0.09368,-6e-05,0.01043,-0.00384,0.01021,-0.0053,-0.00235,0.10491,-0.01648,-0.00673,-0.00659,0.00327,-0.00021,-0.00028
16.2,0.0104,0.01935,-0.01273,0.00643,-0.12317,-0.02371,0.07226,0.07831,0.05398,0.20873,0.08046,-0,-0.29627,-0.39437,0.25983,0.73733,0.13125,-0.29102,0.02711,-0.27516,0.12712,-0.64755,0.43958,0.57717,0.34779,-0.06723,0.11053,0.00213,0.01432,-0.00889,0.01162,-0.00635,-0.00286,0.12394,-0.01706,-0.00766,-0.01262,0.00265,-0.00028,-0.00028
16.22,0.01113,0.02136,-0.01506,0.0066,-0.13626,-0.02665,0.07131,0.09402,0.08449,0.2272,0.10097,-0,-0.37924,-0.4792,0.2306,0.93383,-0.26129,-0.10202,0.08105,-0.32026,0.26927,-1.13219,0.5873,1.06463,0.43609,-0.14395,0.12824,0.0021,0.01627,-0.0158,0.01271,-0.0072,-0.0033,0.14331,-0.01841,-0.00875,-0.01995,0.00178,-0.00036,-0.00027
16.24,0.01165,0.02289,-0.01718,0.00768,-0.14769,-0.02783,0.06454,0.10725,0.11888,0.24035,0.12459,-0,-0.46662,-0.56733,0.18093,1.14967,-0.68835,0.11201,0.1394,-0.35354,0.42164,-1.61599,0.7493,1.54926,0.52935,-0.22384,0.14648,-0.0005,0.01599,-0.02471,0.01331,-0.00778,-0.00365,0.1624,-0.02029,-0.00959,-0.0286,0.00059,-0.00047,-0.00026
16.26,0.01188,0.02384,-0.01896,0.0096,-0.15724,-0.02683,0.05118,0.11676,0.15546,0.24735,0.15115,-0,-0.55221,-0.65282,0.1093,1.37541,-1.12271,0.33706,0.19869,-0.37103,0.58228,-2.0857,0.9233,2.01559,0.62575,-0.30482,0.16512,-0.0058,0.01324,-0.03552,0.01326,-0.00805,-0.00388,0.18089,-0.02206,-0.00946,-0.03847,-0.00093,-0.00064,-0.00027
16.28,0.01177,0.0241,-0.02025,0.01206,-0.16503,-0.02342,0.03112,0.12131,0.19135,0.24805,0.18007,-0,-0.62707,-0.72769,0.01717,1.59686,-1.53371,0.55641,0.25485,-0.36907,0.74605,-2.51804,1.10525,2.4377,0.72356,-0.38279,0.18416,-0.0136,0.00784,-0.04783,0.01242,-0.00797,-0.00398,0.19858,-0.02267,-0.00729,-0.04927,-0.00275,-0.00093,-0.00033
16.3,0.01127,0.02364,-0.02086,0.01462,-0.17145,-0.01753,0.00496,0.11962,0.22249,0.24294,0.21026,-0,-0.67934,-0.78175,-0.09085,1.7944,-1.8853,0.74983,0.30298,-0.34419,0.90394,-2.87807,1.28845,2.77789,0.82031,-0.45137,0.20355,-0.02344,-0.00032,-0.06087,0.01066,-0.00753,-0.00394,0.21533,-0.02073,-0.00176,-0.06046,-0.00478,-0.00142,-0.00049
16.32,0.01034,0.02243,-0.02059,0.01674,-0.17702,-0.00928,-0.02632,0.11061,0.24446,0.23317,0.2403,-0,-0.69615,-0.80435,-0.20817,1.94682,-2.14106,0.89668,0.338,-0.29338,1.04467,-3.12635,1.46488,2.9948,0.91257,-0.50327,0.22318,-0.03465,-0.01124,-0.07374,0.0079,-0.00675,-0.00374,0.23099,-0.01478,0.00841,-0.07142,-0.00687,-0.00219,-0.0008
16.34,0.00899,0.02044,-0.01933,0.01791,-0.18225,0.00104,-0.06184,0.09373,0.25397,0.22063,0.26899,-0,-0.66701,-0.78738,-0.3282,2.03809,-2.27371,0.98172,0.35596,-0.21471,1.15791,-3.23202,1.62782,3.05795,0.99608,-0.5327,0.24293,-0.04651,-0.02481,-0.08564,0.00419,-0.00571,-0.0034,0.24551,-0.00373,0.02399,-0.08168,-0.00885,-0.0033,-0.00129
16.36,0.00729,0.01772,-0.01707,0.01783,-0.1876,0.01292,-0.10098,0.06932,0.24992,0.20814,0.29557,-0,-0.58624,-0.72754,-0.44521,2.06184,-2.27156,0.99887,0.35484,-0.10813,1.23615,-3.18174,1.7733,2.95788,1.06555,-0.53697,0.26264,-0.05834,-0.04074,-0.09613,-0.0003,-0.00453,-0.00294,0.25894,0.01273,0.04483,-0.09101,-0.01054,-0.00475,-0.00197
16.38,0.00541,0.01434,-0.01394,0.01635,-0.19336,0.02556,-0.14319,0.0388,0.23359,0.1995,0.31957,-0,-0.45404,-0.62721,-0.55371,2.02211,-2.13972,0.95189,0.33475,0.02369,1.27446,-2.98187,1.89921,2.70899,1.11403,-0.5168,0.28192,-0.0694,-0.05838,-0.10502,-0.00519,-0.00342,-0.00242,0.27132,0.03398,0.06967,-0.09946,-0.01171,-0.00651,-0.00283
16.4,0.00356,0.01044,-0.01022,0.01353,-0.19967,0.03778,-0.18768,0.00474,0.20836,0.19945,0.34059,-0,-0.27635,-0.49414,-0.64769,1.93195,-1.89794,0.85289,0.29771,0.175,1.26974,-2.65636,2.00425,2.34693,1.13282,-0.47579,0.30011,-0.07885,-0.07673,-0.11232,-0.0099,-0.00268,-0.0019,0.28262,0.05846,0.09613,-0.10718,-0.01213,-0.00846,-0.00381
16.42,0.00201,0.00623,-0.00624,0.00953,-0.20662,0.0483,-0.23358,-0.02972,0.17872,0.21293,0.35828,-0,-0.0627,-0.33922,-0.72105,1.80974,-1.57414,0.71824,0.24687,0.33827,1.22067,-2.23985,2.0881,1.91834,1.11321,-0.41911,0.31643,-0.08589,-0.09462,-0.11812,-0.01381,-0.00261,-0.00149,0.2928,0.08402,0.12121,-0.11438,-0.01157,-0.01046,-0.00484
16.44,0.00099,0.00189,-0.0023,0.00463,-0.21437,0.056,-0.28015,-0.06174,0.14875,0.2439,0.37241,-0,0.17709,-0.17306,-0.7689,1.67421,-1.19559,0.56298,0.18561,0.50662,1.12816,-1.7678,2.15253,1.46589,1.04949,-0.35153,0.33042,-0.09004,-0.11106,-0.12258,-0.01643,-0.00347,-0.00122,0.30202,0.10854,0.1422,-0.12118,-0.00992,-0.01237,-0.00584
16.46,0.00062,-0.00235,0.0014,-0.00083,-0.22328,0.0602,-0.32692,-0.08932,0.12125,0.29442,0.38287,-0,0.43432,-0.00425,-0.78838,1.54151,-0.78433,0.39753,0.11711,0.67482,0.9961,-1.2716,2.20196,1.01976,0.94138,-0.27646,0.34216,-0.09129,-0.12547,-0.12583,-0.01755,-0.00542,-0.00113,0.31074,0.13028,0.15724,-0.12757,-0.00721,-0.0141,-0.00674
16.48,0.00094,-0.00627,0.00474,-0.00639,-0.23386,0.06066,-0.37332,-0.11115,0.09771,0.3641,0.384,-0,0.69986,0.15981,-0.77857,1.42547,-0.35889,0.22808,0.04471,0.8383,0.83246,-0.78089,2.24326,0.59871,0.7953,-0.19616,0.35225,-0.09014,-0.13763,-0.12797,-0.01728,-0.00846,-0.00118,0.31966,0.14774,0.16524,-0.13331,-0.00367,-0.01554,-0.00749
16.5,0.00187,-0.00958,0.00766,-0.01148,-0.24667,0.05747,-0.41837,-0.12641,0.07862,0.45,0.384,-0,0.96265,0.31178,-0.7401,1.33848,0.0627,0.05809,-0.02768,0.99201,0.64943,-0.32654,2.28483,0.21408,0.62406,-0.11241,0.36158,-0.08755,-0.1475,-0.12903,-0.016,-0.01245,-0.00132,0.32965,0.15957,0.16582,-0.13793,0.00025,-0.01665,-0.00802
16.52,0.00333,-0.01197,0.01012,-0.01551,-0.2622,0.05096,-0.4609,-0.13466,0.06375,0.54751,0.384,-0,1.21101,0.44482,-0.67455,1.29071,0.46294,-0.11056,-0.09587,1.13081,0.46115,0.06215,2.33502,-0.12807,0.44326,-0.02686,0.37118,-0.08469,-0.15529,-0.12896,-0.0142,-0.01712,-0.00144,0.34152,0.16467,0.15906,-0.14081,0.00407,-0.01735,-0.00827
16.54,0.0052,-0.0132,0.01212,-0.01814,-0.28069,0.04154,-0.50016,-0.13589,0.05246,0.65168,0.384,-0,1.43576,0.5541,-0.58371,1.28838,0.82689,-0.27657,-0.15625,1.25093,0.27965,0.36397,2.39995,-0.42615,0.26565,0.05874,0.38179,-0.08266,-0.16144,-0.12768,-0.01231,-0.0221,-0.00148,0.35582,0.16253,0.14545,-0.14143,0.00732,-0.01764,-0.00822
16.56,0.00741,-0.01313,0.01368,-0.0194,-0.30203,0.02964,-0.53601,-0.13053,0.04389,0.7579,0.37582,-0,1.63173,0.63755,-0.46952,1.33239,1.14248,-0.43814,-0.20613,1.3506,0.11278,0.56959,2.48188,-0.68161,0.09782,0.14217,0.39369,-0.08227,-0.16668,-0.12512,-0.0106,-0.02692,-0.00134,0.37265,0.1534,0.12587,-0.13951,0.00977,-0.01755,-0.00791
16.58,0.00991,-0.01172,0.01481,-0.01969,-0.3255,0.01577,-0.56872,-0.11947,0.03714,0.86119,0.36016,-0,1.79656,0.69531,-0.33481,1.41784,1.3979,-0.59136,-0.2434,1.42938,-0.03508,0.68054,2.57811,-0.8965,-0.05932,0.21995,0.40648,-0.08402,-0.17201,-0.12121,-0.00911,-0.03095,-0.00099,0.39142,0.13848,0.1017,-0.13502,0.01133,-0.01716,-0.00741
16.6,0.01265,-0.00905,0.01553,-0.01975,-0.34974,0.0006,-0.59869,-0.10407,0.03132,0.95554,0.3386,-0,1.9289,0.72889,-0.18395,1.53447,1.57991,-0.72951,-0.26621,1.48728,-0.16149,0.70644,2.68106,-1.07156,-0.20877,0.287,0.41913,-0.08813,-0.17857,-0.11591,-0.00771,-0.0334,-0.00039,0.41089,0.11981,0.07492,-0.1282,0.01208,-0.0166,-0.00685
16.62,0.01558,-0.00527,0.01582,-0.02041,-0.37304,-0.01517,-0.62619,-0.08582,0.02561,1.03442,0.31067,-0,2.02774,0.74061,-0.02235,1.66923,1.67675,-0.84506,-0.27327,1.52439,-0.26541,0.66156,2.78019,-1.20695,-0.35548,0.33778,0.43024,-0.09462,-0.1875,-0.10924,-0.00606,-0.03324,0.00045,0.42943,0.09986,0.04782,-0.11948,0.01224,-0.01605,-0.00641
16.64,0.01868,-0.00053,0.01565,-0.02234,-0.39397,-0.03097,-0.65131,-0.06601,0.01931,1.09202,0.27603,-0,2.09244,0.73335,0.14468,1.80993,1.6842,-0.93332,-0.26449,1.54095,-0.34711,0.56105,2.86537,-1.30465,-0.50443,0.36837,0.43857,-0.10342,-0.19967,-0.10135,-0.00355,-0.02924,0.0015,0.44558,0.08092,0.02259,-0.10933,0.01222,-0.01573,-0.00634
16.66,0.02195,0.00501,0.01498,-0.02582,-0.41162,-0.04646,-0.67383,-0.04556,0.0119,1.12392,0.23466,-0,2.12268,0.71042,0.31223,1.94729,1.61003,-0.99478,-0.24159,1.5374,-0.40805,0.41902,2.92878,-1.36994,-0.65878,0.37778,0.44335,-0.11445,-0.21549,-0.0925,0.00069,-0.01996,0.00268,0.45831,0.06472,0.00111,-0.09826,0.01259,-0.01589,-0.00689
16.68,0.02537,0.01114,0.01372,-0.03062,-0.42563,-0.06144,-0.69299,-0.02506,0.00306,1.12699,0.18719,-0,2.11804,0.67567,0.4745,2.07446,1.47546,-1.03519,-0.20833,1.51433,-0.45023,0.24888,2.96497,-1.41116,-0.81825,0.36825,0.4443,-0.12754,-0.23472,-0.08319,0.00782,-0.0038,0.00385,0.46705,0.05248,-0.01493,-0.08687,0.01408,-0.0168,-0.00837
16.7,0.02889,0.01761,0.01182,-0.03611,-0.43594,-0.07566,-0.70739,-0.00497,-0.00727,1.09901,0.13505,-0,2.07777,0.63348,0.62392,2.1858,1.31352,-1.06436,-0.17038,1.47244,-0.47566,0.0641,2.97015,-1.43873,-0.97856,0.34467,0.44157,-0.14235,-0.25648,-0.07417,0.01917,0.02093,0.00481,0.47151,0.04509,-0.0238,-0.07592,0.01761,-0.0188,-0.01112
16.72,0.03244,0.02408,0.00918,-0.04136,-0.44273,-0.08884,-0.71525,0.01436,-0.01894,1.03861,0.08022,-0,2.00109,0.58821,0.75214,2.27656,1.16219,-1.09395,-0.13417,1.41236,-0.48628,-0.12263,2.942,-1.46375,-1.13354,0.31335,0.43562,-0.15853,-0.27946,-0.06632,0.03614,0.05589,0.00534,0.4716,0.04344,-0.02332,-0.06621,0.0241,-0.0222,-0.0155
16.74,0.03593,0.03025,0.00573,-0.04547,-0.44635,-0.10056,-0.71499,0.03279,-0.03176,0.9455,0.0245,-0,1.88792,0.54344,0.85251,2.34293,1.05412,-1.13458,-0.10515,1.33453,-0.48413,-0.30119,2.87967,-1.49632,-1.27896,0.28017,0.42712,-0.1759,-0.30241,-0.0604,0.05996,0.10265,0.00521,0.46729,0.04863,-0.01054,-0.05836,0.03437,-0.02736,-0.02185
16.76,0.03923,0.03583,0.00143,-0.04769,-0.44725,-0.11028,-0.70558,0.05038,-0.04556,0.82101,-0.03071,-0,1.73994,0.5015,0.92146,2.38207,1.00988,-1.19368,-0.08675,1.23945,-0.47164,-0.46462,2.7842,-1.54431,-1.41471,0.24953,0.4169,-0.19452,-0.32436,-0.05689,0.0915,0.16236,0.00429,0.45863,0.0622,0.01845,-0.05271,0.04896,-0.03461,-0.03044
16.78,0.0422,0.0405,-0.00371,-0.04747,-0.446,-0.11721,-0.68668,0.06725,-0.06002,0.66901,-0.08406,-0,1.56182,0.46373,0.95821,2.39162,1.03676,-1.27455,-0.08023,1.12832,-0.45168,-0.60806,2.65917,-1.61276,-1.54434,0.22427,0.40598,-0.21456,-0.3445,-0.05603,0.13095,0.23532,0.00247,0.44577,0.0861,0.06845,-0.04934,0.06799,-0.04418,-0.04143
16.8,0.04462,0.04393,-0.00956,-0.04443,-0.44319,-0.1203,-0.65866,0.0834,-0.07468,0.4964,-0.1339,-0,1.36182,0.43082,0.96405,2.36937,1.1301,-1.37608,-0.085,1.00367,-0.4275,-0.7274,2.51095,-1.70341,-1.67333,0.20597,0.39559,-0.23626,-0.36219,-0.05783,0.17755,0.32045,-0.00024,0.42894,0.12248,0.14468,-0.04812,0.09106,-0.05616,-0.05476
16.82,0.04626,0.04578,-0.01596,-0.03847,-0.43927,-0.1185,-0.6225,0.09871,-0.08894,0.31152,-0.17838,-0,1.1505,0.40278,0.94173,2.31312,1.27598,-1.49284,-0.0991,0.86905,-0.4021,-0.8194,2.34727,-1.81434,-1.80666,0.19518,0.38663,-0.26013,-0.37771,-0.06207,0.22921,0.41453,-0.0037,0.40827,0.17335,0.25183,-0.04875,0.1171,-0.0704,-0.07004
16.84,0.04697,0.04588,-0.02265,-0.02985,-0.4343,-0.11118,-0.57953,0.11287,-0.10221,0.12142,-0.216,-0,0.93814,0.37882,0.8952,2.22103,1.45471,-1.61545,-0.11975,0.72815,-0.37739,-0.88259,2.17489,-1.93946,-1.9459,0.19154,0.37897,-0.28738,-0.39338,-0.0683,0.28207,0.51159,-0.00752,0.38341,0.24004,0.39258,-0.05084,0.14421,-0.08633,-0.08644
16.86,0.04672,0.04428,-0.02939,-0.01931,-0.42778,-0.09846,-0.53159,0.12539,-0.11398,-0.06935,-0.24576,-0,0.73375,0.3572,0.8296,2.09212,1.6425,-1.73048,-0.14365,0.58477,-0.35359,-0.91779,1.99854,-2.06776,-2.08677,0.19383,0.37096,-0.32008,-0.41436,-0.07582,0.33002,0.60201,-0.011,0.35346,0.32249,0.56607,-0.05392,0.16952,-0.10288,-0.10253
16.88,0.04561,0.0413,-0.0358,-0.00821,-0.41867,-0.08139,-0.48127,0.13543,-0.12373,-0.25764,-0.26701,-0,0.54637,0.33544,0.75172,1.92727,1.81043,-1.81938,-0.16684,0.44381,-0.32935,-0.9279,1.82194,-2.18207,-2.21739,0.20003,0.35937,-0.36101,-0.4487,-0.08361,0.36422,0.6716,-0.01305,0.31708,0.41862,0.76634,-0.05738,0.18884,-0.11828,-0.11611
16.9,0.04388,0.03749,-0.04142,0.00154,-0.40554,-0.06188,-0.43215,0.14181,-0.13088,-0.44027,-0.27925,-0,0.38617,0.31066,0.67007,1.73001,1.92474,-1.85907,-0.18481,0.31208,-0.30208,-0.9173,1.64912,-2.25942,-2.31851,0.20746,0.33973,-0.41315,-0.50641,-0.09029,0.37336,0.70202,-0.01231,0.27283,0.52389,0.98167,-0.06054,0.19691,-0.13009,-0.12427
16.92,0.04182,0.03351,-0.04572,0.00787,-0.38687,-0.04229,-0.38812,0.14329,-0.13486,-0.61411,-0.28228,-0,0.2627,0.28023,0.59376,1.50629,1.95325,-1.82724,-0.19325,0.19693,-0.26882,-0.89092,1.4842,-2.2759,-2.36805,0.21327,0.30754,-0.47854,-0.5965,-0.09449,0.34648,0.67519,-0.00744,0.21972,0.63203,1.19664,-0.06274,0.18854,-0.13575,-0.12408
16.94,0.03966,0.02987,-0.04832,0.00921,-0.36157,-0.02473,-0.35211,0.13897,-0.13539,-0.77709,-0.27661,-0,0.18128,0.24271,0.53044,1.26361,1.87575,-1.71085,-0.18938,0.10368,-0.22737,-0.85321,1.33024,-2.21451,-2.34871,0.2152,0.25995,-0.55686,-0.72264,-0.09516,0.27719,0.5802,0.0023,0.15771,0.73644,1.39598,-0.06356,0.16062,-0.1335,-0.11366
16.96,0.03755,0.02687,-0.04904,0.00494,-0.32939,-0.01063,-0.32544,0.12872,-0.13264,-0.9284,-0.26386,-0,0.14062,0.19856,0.48515,1.01141,1.69162,-1.51266,-0.1729,0.03409,-0.17722,-0.80758,1.18899,-2.0709,-2.25332,0.21213,0.19715,-0.64403,-0.8797,-0.09192,0.16701,0.41862,0.01668,0.08843,0.83077,1.56649,-0.06293,0.11365,-0.12296,-0.09302
16.98,0.03554,0.02453,-0.04797,-0.00448,-0.29128,-0.00077,-0.3078,0.11324,-0.12723,-1.06736,-0.24685,-0,0.13265,0.15071,0.46042,0.76299,1.42296,-1.25407,-0.14628,-0.01348,-0.12011,-0.75658,1.06186,-1.85573,-2.08674,0.20423,0.12315,-0.73129,-1.05167,-0.08516,0.02692,0.20688,0.03425,0.01582,0.90835,1.69614,-0.0612,0.05235,-0.10543,-0.06434
17,0.03361,0.02265,-0.04538,-0.01763,-0.24943,0.00457,-0.29767,0.0941,-0.12025,-1.134,-0.22951,-0,0.14394,0.10443,0.45677,0.53635,1.11227,-0.97352,-0.11449,-0.04306,-0.0601,-0.70223,0.95094,-1.59357,-1.86497,0.19276,0.04565,-0.80531,-1.21233,-0.0759,-0.12329,-0.02486,0.05245,-0.05377,0.9617,1.77307,-0.05904,-0.01456,-0.08368,-0.03185
17.02,0.03169,0.02095,-0.04166,-0.03252,-0.20665,0.00554,-0.29286,0.07323,-0.11294,-1.134,-0.21605,-0,0.15921,0.06586,0.47318,0.35031,0.81013,-0.71561,-0.08346,-0.05983,-0.0025,-0.64615,0.85834,-1.31587,-1.6103,0.17951,-0.02598,-0.85128,-1.3315,-0.0655,-0.26003,-0.24038,0.06827,-0.11301,0.98361,1.78682,-0.05724,-0.0766,-0.06122,-0.00071
17.04,0.0297,0.01917,-0.03718,-0.04731,-0.16533,0.00262,-0.29128,0.05232,-0.10632,-1.134,-0.20973,-0,0.16616,0.03971,0.50747,0.21752,0.55663,-0.51451,-0.05784,-0.0687,0.04797,-0.58952,0.78456,-1.05033,-1.34407,0.16598,-0.08389,-0.85769,-1.38494,-0.05515,-0.36373,-0.40939,0.07918,-0.15609,0.96922,1.73135,-0.05634,-0.12491,-0.04117,0.0247
17.06,0.02761,0.01714,-0.03224,-0.06061,-0.12688,-0.00334,-0.29127,0.03245,-0.101,-1.134,-0.21199,-0,0.15882,0.02762,0.5563,0.14001,0.36941,-0.38319,-0.03956,-0.07331,0.08824,-0.53325,0.72761,-0.81445,-1.08264,0.15277,-0.1238,-0.81978,-1.36113,-0.04552,-0.4238,-0.51518,0.08389,-0.18023,0.91762,1.60739,-0.05638,-0.15441,-0.02555,0.04179
17.08,0.02544,0.01488,-0.02706,-0.07156,-0.09188,-0.01116,-0.29186,0.01412,-0.09709,-1.134,-0.22229,-0,0.1384,0.02794,0.61498,0.10876,0.24207,-0.31172,-0.0276,-0.07573,0.11685,-0.47847,0.68316,-0.61575,-0.83831,0.13961,-0.14517,-0.74054,-1.26297,-0.03682,-0.43943,-0.55563,0.08238,-0.18592,0.83249,1.42376,-0.05689,-0.16414,-0.01525,0.04995
17.1,0.02325,0.01256,-0.02184,-0.07963,-0.06044,-0.01932,-0.29263,-0.00252,-0.09434,-1.134,-0.23832,-0,0.1124,0.03628,0.67727,0.10584,0.14883,-0.27159,-0.01851,-0.07653,0.1335,-0.42685,0.6454,-0.45435,-0.62128,0.12552,-0.15048,-0.62999,-1.10618,-0.02885,-0.41799,-0.54085,0.07577,-0.1763,0.72184,1.19706,-0.0569,-0.1565,-0.01021,0.05018
17.12,0.02116,0.01041,-0.01676,-0.08457,-0.03238,-0.02621,-0.29351,-0.01754,-0.09222,-1.134,-0.25688,-0,0.09134,0.04714,0.73628,0.10941,0.05565,-0.22698,-0.00784,-0.07521,0.13864,-0.38037,0.60801,-0.32568,-0.43953,0.1092,-0.144,-0.50208,-0.91371,-0.02123,-0.37157,-0.48797,0.06581,-0.15598,0.59595,0.94779,-0.05528,-0.13595,-0.00983,0.04442
17.14,0.01925,0.00867,-0.01194,-0.08635,-0.00743,-0.03052,-0.29452,-0.03111,-0.09012,-1.134,-0.27508,-0,0.08392,0.05613,0.78589,0.10044,-0.06468,-0.1505,0.00793,-0.07085,0.13318,-0.3407,0.56542,-0.22305,-0.29724,0.08952,-0.13015,-0.37002,-0.70784,-0.01358,-0.31237,-0.41452,0.05425,-0.12948,0.46421,0.69434,-0.05107,-0.10708,-0.01337,0.03472
17.16,0.01757,0.00745,-0.00746,-0.08512,0.01468,-0.03154,-0.29552,-0.04332,-0.08741,-1.134,-0.29117,-0,0.09374,0.06149,0.82156,0.06746,-0.22175,-0.03419,0.02995,-0.06258,0.11828,-0.30879,0.51375,-0.13966,-0.19407,0.06597,-0.11254,-0.24365,-0.50552,-0.00566,-0.24979,-0.33412,0.04243,-0.10026,0.33352,0.4498,-0.04384,-0.07353,-0.0202,0.02269
17.18,0.0161,0.00678,-0.00338,-0.08118,0.03398,-0.02916,-0.29615,-0.05411,-0.08353,-1.134,-0.30456,-0,0.11838,0.06447,0.84026,0.00788,-0.40356,0.10675,0.05654,-0.04974,0.09542,-0.28515,0.45144,-0.06988,-0.1259,0.03884,-0.09377,-0.1297,-0.31859,0.00248,-0.19011,-0.25595,0.03129,-0.0707,0.20875,0.22293,-0.03379,-0.0379,-0.02985,0.00944
17.2,0.01482,0.0066,0.00019,-0.075,0.05011,-0.02382,-0.29586,-0.06317,-0.07796,-1.134,-0.31564,-0,0.15013,0.0688,0.8401,-0.07266,-0.57845,0.23647,0.08339,-0.03201,0.06638,-0.27,0.3794,-0.00984,-0.08615,0.00941,-0.07566,-0.03284,-0.15559,0.01054,-0.13715,-0.18555,0.02143,-0.04237,0.09389,0.02029,-0.02171,-0.00212,-0.04191,-0.00428
17.22,0.01369,0.00679,0.00318,-0.06716,0.06249,-0.01634,-0.29397,-0.07005,-0.07032,-1.134,-0.32521,-0,0.17861,0.07925,0.82035,-0.16345,-0.70593,0.31065,0.10498,-0.00944,0.03307,-0.26315,0.30027,0.04266,-0.06754,-0.02049,-0.05934,0.04392,-0.02228,0.01802,-0.0928,-0.12574,0.01324,-0.01627,-0.0077,-0.15302,-0.00872,0.03228,-0.05584,-0.01788
17.24,0.01266,0.00725,0.00551,-0.05825,0.07057,-0.00768,-0.28979,-0.07435,-0.06032,-1.134,-0.33391,-0,0.19461,0.09941,0.78153,-0.25336,-0.75329,0.29464,0.11675,0.01729,-0.00285,-0.26362,0.21718,0.08883,-0.06388,-0.04903,-0.04538,0.09941,0.07857,0.02454,-0.05759,-0.07736,0.00685,0.00689,-0.09348,-0.29348,0.00414,0.06382,-0.07066,-0.03077
17.26,0.01166,0.00786,0.00719,-0.04886,0.0741,0.00122,-0.28275,-0.07592,-0.04785,-1.134,-0.34176,-0,0.19272,0.13011,0.72582,-0.3337,-0.70698,0.17624,0.11655,0.04672,-0.04009,-0.26931,0.13313,0.12923,-0.07133,-0.07468,-0.03394,0.13423,0.14707,0.02989,-0.03112,-0.04001,0.00224,0.02651,-0.16168,-0.39893,0.01613,0.09075,-0.08472,-0.04208
17.28,0.01065,0.00854,0.00826,-0.03968,0.0731,0.00935,-0.27243,-0.07482,-0.0331,-1.134,-0.34799,-0,0.17193,0.16883,0.65747,-0.39833,-0.57567,-0.03036,0.10501,0.07634,-0.07745,-0.27688,0.05152,0.16345,-0.08865,-0.09615,-0.0249,0.15047,0.18559,0.03409,-0.01237,-0.01256,-0.00076,0.04185,-0.21068,-0.46752,0.02682,0.11077,-0.09554,-0.05062
17.3,0.00962,0.00921,0.00881,-0.03148,0.06781,0.01567,-0.25863,-0.0713,-0.01658,-1.134,-0.35104,-0,0.13518,0.2099,0.58278,-0.44298,-0.38768,-0.2873,0.08516,0.10254,-0.1136,-0.28198,-0.02343,0.19004,-0.11685,-0.11214,-0.01795,0.15118,0.1979,0.03728,-4e-05,0.00652,-0.00241,0.05197,-0.23858,-0.49705,0.03591,0.12099,-0.09991,-0.05482
17.32,0.00855,0.00981,0.00893,-0.02501,0.05865,0.01922,-0.24132,-0.06574,0.00095,-1.134,-0.34904,-0,0.08784,0.24616,0.50882,-0.46503,-0.18151,-0.5449,0.06135,0.12137,-0.14702,-0.28022,-0.08727,0.20708,-0.15754,-0.12157,-0.01269,0.13982,0.18855,0.03965,0.00726,0.01883,-0.00297,0.05591,-0.24376,-0.48576,0.04326,0.1186,-0.09461,-0.05312
17.34,0.00743,0.01028,0.00874,-0.02068,0.04623,0.0194,-0.22055,-0.05857,0.01865,-1.134,-0.34038,-0,0.03552,0.27143,0.44119,-0.46367,0.00794,-0.7593,0.03763,0.12978,-0.17622,-0.26851,-0.13664,0.21335,-0.21071,-0.12389,-0.00874,0.11973,0.16231,0.04136,0.01086,0.02594,-0.00272,0.05321,-0.22606,-0.4343,0.04879,0.10215,-0.07775,-0.04469
17.36,0.00625,0.01056,0.00831,-0.01846,0.03133,0.01617,-0.19655,-0.05028,0.03565,-1.11229,-0.32424,-0,-0.01721,0.28212,0.38281,-0.44013,0.15812,-0.90385,0.01675,0.12646,-0.19978,-0.24609,-0.1701,0.20914,-0.2729,-0.11938,-0.00576,0.09381,0.12396,0.04247,0.01191,0.02923,-0.00194,0.04424,-0.18781,-0.34725,0.05247,0.0724,-0.04959,-0.0298
17.38,0.00502,0.01059,0.00774,-0.01781,0.01505,0.01012,-0.16985,-0.04141,0.05099,-0.98578,-0.30078,-0,-0.06676,0.2776,0.33399,-0.39782,0.25995,-0.97083,0.0001,0.11206,-0.21613,-0.21496,-0.18796,0.19646,-0.33632,-0.10922,-0.00351,0.06466,0.07848,0.04291,0.01136,0.02984,-0.00086,0.03029,-0.13425,-0.2341,0.05432,0.03277,-0.01307,-0.01016
17.4,0.00377,0.01031,0.00712,-0.01779,-0.00114,0.00242,-0.1414,-0.03267,0.06344,-0.85629,-0.27116,-0,-0.11014,0.25972,0.29319,-0.3421,0.31537,-0.96841,-0.01207,0.08893,-0.22349,-0.17964,-0.19188,0.17874,-0.38918,-0.09535,-0.00189,0.03468,0.03116,0.04247,0.00991,0.02864,0.00032,0.01359,-0.07332,-0.10903,0.05431,-0.01085,0.0265,0.0113
17.42,0.00253,0.00965,0.00653,-0.0173,-0.01564,-0.00555,-0.11244,-0.02476,0.07179,-0.72989,-0.23715,-0,-0.14499,0.2319,0.25787,-0.27923,0.33347,-0.91468,-0.02027,0.06044,-0.22025,-0.14587,-0.18428,0.15986,-0.41886,-0.08004,-0.00085,0.00602,-0.01289,0.0409,0.00807,0.02624,0.00139,-0.00331,-0.01403,0.0119,0.05241,-0.05154,0.0627,0.03108
17.44,0.00134,0.00859,0.006,-0.01546,-0.02716,-0.01258,-0.08405,-0.01826,0.07509,-0.61142,-0.20054,-0,-0.16997,0.19774,0.22549,-0.21462,0.3256,-0.82984,-0.02539,0.02989,-0.20571,-0.11861,-0.1678,0.14271,-0.41671,-0.06518,-0.00037,-0.01962,-0.04965,0.03797,0.00619,0.02307,0.00221,-0.0182,0.03611,0.11525,0.04865,-0.08352,0.09022,0.04626
17.46,0.00024,0.0071,0.00558,-0.01182,-0.03489,-0.01795,-0.05705,-0.01351,0.07296,-0.50339,-0.16284,-0,-0.18491,0.16027,0.19424,-0.15193,0.30225,-0.73139,-0.02838,-6e-05,-0.18064,-0.10082,-0.14493,0.12827,-0.38148,-0.05186,-0.0004,-0.0411,-0.07668,0.0336,0.00453,0.01941,0.00268,-0.02972,0.07269,0.19293,0.04311,-0.10356,0.10615,0.05526
17.48,-0.00074,0.00525,0.00524,-0.00651,-0.03857,-0.02145,-0.03209,-0.01062,0.06563,-0.4066,-0.12552,-0,-0.19072,0.12206,0.16349,-0.09335,0.27227,-0.63343,-0.03021,-0.02734,-0.14762,-0.09321,-0.11813,0.11543,-0.32037,-0.04037,-0.00083,-0.05766,-0.09301,0.02785,0.00324,0.01543,0.00275,-0.03737,0.09443,0.24223,0.036,-0.11112,0.11025,0.05792
17.5,-0.00156,0.00311,0.00496,-0.00014,-0.03833,-0.0233,-0.00993,-0.00955,0.05387,-0.32109,-0.09022,-0,-0.18914,0.08541,0.13387,-0.0401,0.24294,-0.54733,-0.03174,-0.05027,-0.11091,-0.09468,-0.08993,0.10153,-0.24793,-0.03039,-0.00153,-0.06876,-0.09883,0.02098,0.0024,0.01126,0.0024,-0.04135,0.10267,0.26474,0.0277,-0.10797,0.10451,0.05525
17.52,-0.00216,0.00081,0.00471,0.00639,-0.03462,-0.02399,0.00871,-0.01014,0.0388,-0.24647,-0.05847,-0,-0.18228,0.05224,0.10675,0.00723,0.21973,-0.48128,-0.03366,-0.06746,-0.07544,-0.10295,-0.06275,0.08363,-0.18127,-0.02134,-0.00236,-0.07404,-0.09511,0.01337,0.00204,0.00696,0.00164,-0.04231,0.10033,0.26476,0.01867,-0.0972,0.09216,0.04899
17.54,-0.00254,-0.0015,0.00444,0.01218,-0.02806,-0.02405,0.02339,-0.01218,0.02164,-0.18198,-0.03117,-0,-0.17211,0.02379,0.08327,0.04856,0.20563,-0.43909,-0.03638,-0.07808,-0.0453,-0.11545,-0.03868,0.06043,-0.13304,-0.01277,-0.00317,-0.07345,-0.08325,0.00547,0.00214,0.00261,0.00053,-0.04098,0.09071,0.24752,0.00937,-0.08202,0.07651,0.04088
17.56,-0.00269,-0.00372,0.00414,0.01658,-0.01939,-0.02395,0.03406,-0.01546,0.00352,-0.1266,-0.00828,-0,-0.16013,0.00043,0.06374,0.08411,0.20087,-0.4195,-0.03984,-0.08185,-0.02276,-0.12989,-0.01926,0.0336,-0.10671,-0.00469,-0.00385,-0.06733,-0.06493,-0.0023,0.00265,-0.00171,-0.00085,-0.03806,0.07672,0.21803,0.00025,-0.065,0.06008,0.03227
17.58,-0.00266,-0.0057,0.00379,0.01919,-0.00956,-0.02407,0.04101,-0.01972,-0.01433,-0.07958,0.01107,-0,-0.14738,-0.01819,0.04767,0.11405,0.20287,-0.41621,-0.04354,-0.07909,-0.0082,-0.14426,-0.00567,0.00837,-0.09563,0.0023,-0.00429,-0.05645,-0.04215,-0.00945,0.00349,-0.00585,-0.0024,-0.03411,0.06078,0.18103,-0.00822,-0.048,0.04454,0.02406
17.6,-0.00252,-0.00731,0.00343,0.01979,0.00032,-0.02464,0.04477,-0.02466,-0.03058,-0.04082,0.0283,-0,-0.13452,-0.03287,0.03401,0.13828,0.20663,-0.41874,-0.04656,-0.07053,-0.00049,-0.15677,0.00114,-0.0068,-0.08452,0.00703,-0.00443,-0.04201,-0.01726,-0.01539,0.00456,-0.00955,-0.00393,-0.02961,0.0449,0.14104,-0.01545,-0.03229,0.03088,0.01679
17.62,-0.00235,-0.0084,0.00305,0.01834,0.00909,-0.02582,0.04593,-0.02994,-0.04386,-0.0107,0.04499,-0,-0.12192,-0.04459,0.02145,0.15642,0.20608,-0.41484,-0.04775,-0.05717,0.00244,-0.16588,0.00051,-0.00207,-0.05409,0.00808,-0.00416,-0.02532,0.00745,-0.01955,0.0058,-0.01247,-0.00524,-0.02494,0.03065,0.1021,-0.02092,-0.01869,0.01957,0.01073
17.64,-0.00221,-0.00888,0.00268,0.01495,0.01586,-0.02764,0.04504,-0.03523,-0.05315,0.01056,0.06252,-0,-0.10966,-0.0543,0.00874,0.16815,0.19592,-0.3939,-0.04617,-0.03991,0.00285,-0.17045,-0.00779,0.03084,0.01234,0.00434,-0.00339,-0.00751,0.03036,-0.02153,0.00726,-0.01419,-0.00608,-0.02039,0.01908,0.06724,-0.02424,-0.00762,0.01074,0.00597
17.66,-0.00213,-0.00872,0.0023,0.00987,0.02019,-0.03001,0.04254,-0.04021,-0.05793,0.02317,0.08168,-0,-0.09759,-0.06272,-0.00502,0.1734,0.17299,-0.34935,-0.04135,-0.0195,0.00269,-0.16981,-0.02336,0.09656,0.124,-0.00464,-0.00196,0.01074,0.05097,-0.02125,0.0092,-0.01426,-0.00619,-0.01617,0.01066,0.03822,-0.02534,0.00081,0.00426,0.00246
17.68,-0.00212,-0.00798,0.00187,0.00355,0.02206,-0.03269,0.03872,-0.04449,-0.05816,0.02781,0.10247,-0,-0.08546,-0.0702,-0.02021,0.17229,0.1367,-0.27953,-0.03331,0.00339,0.00349,-0.16383,-0.04504,0.19506,0.28078,-0.01848,0.0003,0.02905,0.06976,-0.01896,0.01208,-0.01217,-0.00528,-0.01243,0.00535,0.01571,-0.02449,0.0067,-0.00011,8e-05
17.7,-0.00214,-0.00678,0.00133,-0.00336,0.02183,-0.03532,0.03376,-0.04769,-0.05425,0.02546,0.12403,-0,-0.07299,-0.07673,-0.03665,0.16511,0.08898,-0.18761,-0.02262,0.028,0.00637,-0.15278,-0.07089,0.3216,0.47327,-0.03598,0.00359,0.04725,0.08796,-0.01522,0.01649,-0.00736,-0.00305,-0.00929,0.00273,-0.0004,-0.02219,0.01032,-0.0027,-0.00133
17.72,-0.00213,-0.00528,0.00063,-0.01013,0.02007,-0.03746,0.02781,-0.04937,-0.04691,0.0173,0.14489,-0,-0.06,-0.08198,-0.05371,0.15227,0.0335,-0.08016,-0.01021,0.05343,0.01197,-0.13729,-0.09851,0.46766,0.68552,-0.05541,0.00809,0.06524,0.10712,-0.01072,0.02313,0.00078,0.00084,-0.00686,0.00217,-0.01073,-0.01908,0.01197,-0.00385,-0.00196
17.74,-0.00206,-0.00363,-0.00028,-0.01614,0.01731,-0.03875,0.02101,-0.04925,-0.03702,0.00471,0.16351,-0,-0.04645,-0.08554,-0.0706,0.13438,-0.02553,0.035,0.00294,0.07864,0.0204,-0.11809,-0.12556,0.62256,0.89944,-0.07493,0.01393,0.08297,0.12857,-0.00611,0.03269,0.01282,0.00668,-0.00518,0.00301,-0.01609,-0.01576,0.01203,-0.00391,-0.00197
17.76,-0.00189,-0.00196,-0.00139,-0.02095,0.01402,-0.03892,0.01359,-0.04724,-0.02557,-0.01074,0.17852,-0,-0.03252,-0.08702,-0.08646,0.11236,-0.08393,0.14984,0.01587,0.10238,0.03117,-0.09603,-0.15,0.77399,1.09707,-0.09283,0.02115,0.10041,0.15303,-0.00189,0.04575,0.02924,0.01474,-0.00419,0.00471,-0.01736,-0.01264,0.0109,-0.00322,-0.00157
17.78,-0.00162,-0.00035,-0.00268,-0.02433,0.01048,-0.03791,0.00598,-0.04349,-0.01377,-0.02712,0.18869,-0,-0.01877,-0.08606,-0.1003,0.08757,-0.13731,0.25552,0.02762,0.12296,0.04311,-0.07219,-0.16997,0.907,1.2596,-0.10739,0.02963,0.11734,0.18029,0.00161,0.06265,0.05029,0.02516,-0.00375,0.00683,-0.01538,-0.00997,0.00901,-0.00211,-0.00093
17.8,-0.00126,0.0011,-0.00408,-0.02617,0.00689,-0.03574,-0.00127,-0.03835,-0.00303,-0.04215,0.1928,-0,-0.00616,-0.08233,-0.11093,0.06193,-0.18073,0.34189,0.03715,0.1382,0.05437,-0.04796,-0.18364,1.00354,1.36644,-0.11683,0.03904,0.13324,0.20909,0.00418,0.08338,0.07584,0.03788,-0.00364,0.00907,-0.01097,-0.00784,0.0068,-0.0009,-0.00024
17.82,-0.00085,0.00232,-0.00546,-0.02648,0.00337,-0.03257,-0.00747,-0.03232,0.00523,-0.0535,0.18982,-0,0.00416,-0.07553,-0.11712,0.03756,-0.20938,0.39887,0.04344,0.14579,0.06281,-0.02486,-0.18936,1.04521,1.3977,-0.11952,0.04889,0.14727,0.23729,0.00571,0.10738,0.10516,0.05254,-0.00362,0.0112,-0.00484,-0.00626,0.00475,8e-05,0.00032
17.84,-0.00042,0.00328,-0.00673,-0.02537,-4e-05,-0.02858,-0.01208,-0.02586,0.00997,-0.05937,0.17917,-0,0.01124,-0.06551,-0.11805,0.01617,-0.21983,0.41906,0.04578,0.14398,0.06661,-0.00408,-0.18614,1.01815,1.33893,-0.11429,0.05851,0.15837,0.26217,0.00619,0.13328,0.13665,0.06834,-0.00344,0.01306,0.00231,-0.00518,0.00331,0.00051,0.00053
17.86,3e-05,0.00395,-0.00779,-0.02307,-0.00335,-0.02399,-0.01479,-0.01936,0.01079,-0.05886,0.161,-0,0.01453,-0.05229,-0.11353,-0.00126,-0.21086,0.39956,0.04388,0.13212,0.06464,0.01377,-0.17389,0.91657,1.18484,-0.1008,0.06713,0.16523,0.28059,0.00573,0.15868,0.16756,0.08392,-0.00288,0.01453,0.00982,-0.00451,0.0029,1e-05,0.00017
17.88,0.00047,0.00435,-0.00859,-0.0199,-0.0066,-0.01908,-0.01556,-0.01313,0.00795,-0.05202,0.13635,-0,0.01399,-0.03619,-0.10411,-0.0144,-0.18371,0.34247,0.03799,0.11081,0.05662,0.02852,-0.15359,0.74425,0.941,-0.07965,0.07374,0.16625,0.28886,0.00453,0.17985,0.19368,0.09715,-0.00175,0.01551,0.01699,-0.00417,0.00391,-0.0018,-0.00098
17.9,0.0009,0.00451,-0.00905,-0.01631,-0.00982,-0.01418,-0.0145,-0.00749,0.00231,-0.03974,0.10718,-0,0.00992,-0.0179,-0.09101,-0.02343,-0.14183,0.25445,0.02878,0.08184,0.04302,0.04032,-0.12725,0.51417,0.62381,-0.05239,0.07716,0.15959,0.28284,0.00287,0.19188,0.20947,0.10527,8e-05,0.0159,0.02303,-0.00406,0.00672,-0.00532,-0.00318
17.92,0.00131,0.00445,-0.00912,-0.01276,-0.013,-0.00967,-0.0119,-0.00269,-0.00496,-0.02348,0.07592,-0,0.00295,0.00164,-0.0758,-0.02881,-0.09005,0.14501,0.01722,0.04778,0.02487,0.04945,-0.0974,0.24535,0.25693,-0.02116,0.07627,0.14371,0.25898,0.00108,0.18998,0.2095,0.10554,0.00273,0.01558,0.0271,-0.00409,0.01168,-0.01094,-0.00667
17.94,0.00171,0.00421,-0.00878,-0.0096,-0.01614,-0.0058,-0.00808,0.00107,-0.0127,-0.00477,0.0448,-0,-0.00617,0.02145,-0.05992,-0.03115,-0.0333,0.02412,0.00437,0.0113,0.00353,0.05625,-0.06644,-0.04198,-0.13421,0.01175,0.07051,0.11811,0.21587,-0.00058,0.17147,0.19076,0.09644,0.0063,0.01435,0.02836,-0.00419,0.01908,-0.01903,-0.01168
17.96,0.00207,0.00383,-0.00805,-0.00703,-0.0192,-0.00267,-0.00337,0.00377,-0.02003,0.01499,0.01553,-0,-0.01656,0.0406,-0.0444,-0.03112,0.02399,-0.09899,-0.00878,-0.02512,-0.01948,0.061,-0.03626,-0.32859,-0.52476,0.04417,0.06025,0.08403,0.15566,-0.00196,0.13727,0.15428,0.07845,0.01085,0.01193,0.02608,-0.0043,0.02913,-0.02984,-0.01836
17.98,0.00239,0.00333,-0.00698,-0.00503,-0.02207,-0.00023,0.00185,0.00549,-0.0263,0.03444,-0.0106,-0,-0.02717,0.05807,-0.02995,-0.02934,0.07761,-0.2152,-0.02119,-0.05903,-0.04226,0.06386,-0.00834,-0.5947,-0.88811,0.07385,0.04691,0.04486,0.08471,-0.00302,0.09252,0.10588,0.05447,0.01638,0.00794,0.01962,-0.00439,0.0419,-0.04342,-0.02675
18,0.00267,0.00275,-0.00568,-0.00346,-0.02457,0.00168,0.00715,0.00637,-0.03106,0.0522,-0.03248,-0,-0.03679,0.07267,-0.01705,-0.02645,0.1233,-0.31489,-0.03172,-0.0878,-0.06249,0.06488,0.01598,-0.81858,-1.19412,0.0983,0.03285,0.00594,0.01331,-0.00383,0.04608,0.05555,0.02945,0.0228,0.00199,0.00852,-0.00443,0.05715,-0.05956,-0.0367
18.02,0.00287,0.0021,-0.00427,-0.0021,-0.02649,0.00327,0.01208,0.00663,-0.03401,0.06694,-0.04922,-0,-0.04418,0.08322,-0.006,-0.02302,0.15718,-0.38911,-0.03932,-0.10894,-0.07786,0.06399,0.03559,-0.97953,-1.41353,0.11517,0.02076,-0.02679,-0.04709,-0.00449,0.00801,0.01458,0.009,0.02986,-0.00613,-0.00721,-0.00441,0.07428,-0.07759,-0.04781
18.04,0.003,0.00142,-0.00286,-0.00074,-0.02768,0.00476,0.01627,0.00645,-0.03507,0.07772,-0.0604,-0,-0.04842,0.08893,0.00304,-0.0195,0.17673,-0.43189,-0.04326,-0.12081,-0.08666,0.06118,0.04983,-1.06378,-1.52657,0.12292,0.01257,-0.04908,-0.08813,-0.00508,-0.01432,-0.00872,-0.00276,0.03713,-0.01617,-0.02672,-0.00432,0.0921,-0.09627,-0.05931
18.06,0.00303,0.00073,-0.00154,0.00074,-0.02809,0.00628,0.01948,0.00601,-0.03432,0.08412,-0.06614,-0,-0.04912,0.08969,0.01011,-0.01621,0.18144,-0.44181,-0.04338,-0.12307,-0.08831,0.05654,0.05866,-1.06842,-1.52878,0.12132,0.00886,-0.05979,-0.10741,-0.00566,-0.0188,-0.01204,-0.00466,0.04397,-0.02718,-0.04792,-0.00412,0.10869,-0.11361,-0.06997
18.08,0.00298,7e-05,-0.00036,0.00238,-0.02776,0.00792,0.02158,0.00542,-0.03204,0.0863,-0.06714,-0,-0.04648,0.08608,0.01534,-0.01335,0.17287,-0.42222,-0.04009,-0.11669,-0.08341,0.05038,0.06254,-1.00215,-1.43203,0.11155,0.00864,-0.0612,-0.10899,-0.00621,-0.00921,0.00031,0.00116,0.04939,-0.03738,-0.06723,-0.00377,0.1212,-0.12668,-0.07799
18.1,0.00286,-0.00051,0.00065,0.00408,-0.02682,0.00965,0.02251,0.00479,-0.02866,0.08478,-0.06448,-0,-0.04119,0.07928,0.01888,-0.01103,0.15434,-0.38045,-0.0343,-0.10385,-0.07358,0.04316,0.06234,-0.88361,-1.26234,0.09601,0.00968,-0.0584,-0.10233,-0.00664,0.00567,0.01834,0.00976,0.05214,-0.04426,-0.07979,-0.00323,0.12596,-0.1317,-0.08104
18.12,0.00268,-0.00095,0.00145,0.00569,-0.02546,0.01138,0.02226,0.00416,-0.02467,0.08032,-0.0594,-0,-0.03422,0.07072,0.0209,-0.00927,0.12999,-0.32578,-0.02716,-0.08725,-0.06097,0.03544,0.05914,-0.73638,-1.05273,0.07766,0.00918,-0.05761,-0.09911,-0.00683,0.01501,0.0297,0.01502,0.05097,-0.04517,-0.08062,-0.00243,0.11938,-0.12496,-0.07684
18.14,0.00247,-0.00121,0.00206,0.00703,-0.02377,0.01294,0.0208,0.00358,-0.02042,0.07365,-0.05296,-0,-0.02653,0.06163,0.02165,-0.00793,0.10357,-0.26655,-0.01969,-0.06944,-0.04764,0.02775,0.05394,-0.5819,-0.83338,0.05908,0.00484,-0.0637,-0.10869,-0.00665,0.01007,0.02447,0.01203,0.04508,-0.03836,-0.0666,-0.00132,0.0993,-0.10426,-0.06403
18.16,0.00225,-0.00122,0.0025,0.0079,-0.02178,0.01414,0.01811,0.00304,-0.01605,0.0653,-0.0458,-0,-0.01887,0.05273,0.0214,-0.00678,0.07762,-0.20839,-0.01258,-0.05224,-0.03517,0.02046,0.04758,-0.43529,-0.62565,0.04193,-0.00439,-0.07856,-0.13501,-0.00599,-0.01281,-0.00157,-0.00129,0.03447,-0.02372,-0.03782,0.00016,0.0661,-0.06997,-0.04284
18.18,0.00207,-0.00096,0.00285,0.00813,-0.01941,0.01471,0.01416,0.00249,-0.01143,0.05565,-0.03818,0,-0.01183,0.04424,0.02052,-0.00541,0.05351,-0.15421,-0.00615,-0.03684,-0.02459,0.01387,0.0407,-0.30529,-0.44209,0.02692,-0.01807,-0.10051,-0.17557,-0.00474,-0.05137,-0.04592,-0.02367,0.02013,-0.00299,0.00189,0.00203,0.02312,-0.02552,-0.01541
18.2,0.00197,-0.00039,0.00318,0.00752,-0.01648,0.01433,0.00893,0.0019,-0.00631,0.04498,-0.03003,0,-0.00587,0.03599,0.01941,-0.00333,0.03168,-0.10485,-0.00046,-0.0239,-0.01658,0.00823,0.03382,-0.19585,-0.2886,0.014,-0.03438,-0.12464,-0.22201,-0.00286,-0.09803,-0.10001,-0.05082,0.0039,0.02032,0.0452,0.00431,-0.02347,0.02276,0.01438
18.22,0.00199,0.00053,0.00357,0.00589,-0.01273,0.01267,0.00237,0.00119,-0.00034,0.03348,-0.02118,0,-0.00133,0.0275,0.01856,-4e-05,0.01193,-0.0596,0.00461,-0.01373,-0.01143,0.00367,0.02735,-0.10759,-0.16642,0.00275,-0.05082,-0.14421,-0.26269,-0.00027,-0.14248,-0.15228,-0.07697,-0.01194,0.04177,0.08294,0.007,-0.06634,0.06735,0.04185
18.24,0.00216,0.00183,0.00414,0.00308,-0.00778,0.00946,-0.00569,0.00029,0.00681,0.02122,-0.0115,0,0.00159,0.01823,0.01848,0.00487,-0.00634,-0.01684,0.00923,-0.00636,-0.00906,0.00014,0.02161,-0.0391,-0.07387,-0.00731,-0.06515,-0.15275,-0.28647,0.00311,-0.17562,-0.19258,-0.09704,-0.02546,0.05726,0.10666,0.01009,-0.09932,0.10198,0.06315
18.26,0.00247,0.00352,0.00495,-0.00103,-0.00113,0.00455,-0.01549,-0.00091,0.01532,0.00814,-0.00115,0,0.00283,0.00762,0.01975,0.01155,-0.02392,0.0255,0.01357,-0.00164,-0.00903,-0.0027,0.01689,0.0119,-0.00781,-0.01639,-0.07606,-0.14553,-0.2853,0.0074,-0.1921,-0.21511,-0.10817,-0.03557,0.06385,0.11023,0.01362,-0.11908,0.12329,0.07618
18.28,0.00288,0.00559,0.00607,-0.00647,0.0078,-0.00206,-0.02734,-0.00246,0.02515,-0.0058,0.00931,0,0.00249,-0.00473,0.02294,0.01989,-0.04156,0.06944,0.01774,0.00068,-0.01052,-0.00549,0.01341,0.0479,0.03543,-0.02431,-0.0832,-0.11989,-0.25483,0.01272,-0.19084,-0.21899,-0.10991,-0.042,0.05986,0.09025,0.0176,-0.12526,0.13105,0.08078
18.3,0.00333,0.00799,0.00753,-0.01313,0.01959,-0.01013,-0.04149,-0.00445,0.03598,-0.02051,0.01891,0,0.00077,-0.01903,0.02869,0.02943,-0.05983,0.11657,0.02172,0.00092,-0.01237,-0.00905,0.01148,0.07106,0.05939,-0.03044,-0.08704,-0.07516,-0.19407,0.01916,-0.17444,-0.20755,-0.10396,-0.0452,0.04474,0.04572,0.02202,-0.12002,0.12763,0.07842
18.32,0.00371,0.01062,0.00935,-0.02073,0.03477,-0.01921,-0.05801,-0.00688,0.04707,-0.03567,0.02619,0,-0.002,-0.03518,0.03757,0.03941,-0.07899,0.16764,0.02542,-0.0006,-0.01314,-0.01426,0.01153,0.08315,0.06722,-0.03394,-0.08851,-0.01227,-0.10446,0.02672,-0.14771,-0.18653,-0.09319,-0.04606,0.01863,-0.02252,0.02682,-0.10701,0.11691,0.07147
18.34,0.00384,0.01329,0.01147,-0.02871,0.05373,-0.02856,-0.07665,-0.00969,0.05723,-0.05051,0.02937,-0,-0.00549,-0.05275,0.05009,0.04886,-0.0989,0.22225,0.02871,-0.00362,-0.01124,-0.02184,0.01425,0.08566,0.0617,-0.03401,-0.08855,0.0668,0.01121,0.03522,-0.11565,-0.16173,-0.08054,-0.04561,-0.01812,-0.11253,0.0319,-0.08992,0.10281,0.06234
18.36,0.00353,0.01573,0.01381,-0.03615,0.07662,-0.0371,-0.09665,-0.01268,0.06467,-0.06377,0.02635,-0,-0.00929,-0.07086,0.06657,0.05659,-0.11885,0.27836,0.03146,-0.00792,-0.00502,-0.03214,0.02066,0.07992,0.04537,-0.03019,-0.08784,0.15905,0.14921,0.04431,-0.08228,-0.1375,-0.06818,-0.04484,-0.0651,-0.22145,0.0371,-0.07166,0.08836,0.0529
18.38,0.00251,0.01751,0.01618,-0.0417,0.10313,-0.04333,-0.11657,-0.01551,0.06695,-0.07347,0.01474,-0,-0.01292,-0.08804,0.087,0.06112,-0.1374,0.33182,0.03349,-0.01334,0.00719,-0.04506,0.03208,0.06714,0.0206,-0.02237,-0.08673,0.25985,0.30396,0.05326,-0.05049,-0.11649,-0.05745,-0.04461,-0.1216,-0.34476,0.04218,-0.05422,0.07557,0.04439
18.4,0.00048,0.01812,0.01836,-0.04361,0.13242,-0.04539,-0.13427,-0.01772,0.06102,-0.07698,-0.008,-0,-0.01586,-0.1022,0.11098,0.06073,-0.15237,0.37628,0.03458,-0.01972,0.02699,-0.06001,0.05,0.04844,-0.01032,-0.01083,-0.08528,0.36255,0.46737,0.06108,-0.02236,-0.09995,-0.04898,-0.04573,-0.18635,-0.47588,0.04676,-0.03888,0.06558,0.0375
18.42,-0.00283,0.017,0.02007,-0.04012,0.16347,-0.04145,-0.14731,-0.01875,0.04389,-0.07166,-0.04408,-0,-0.01772,-0.111,0.13778,0.0538,-0.16129,0.40478,0.03451,-0.02701,0.05564,-0.07625,0.07591,0.02476,-0.0453,0.00391,-0.0836,0.45969,0.63012,0.06667,0.0007,-0.08812,-0.04292,-0.04894,-0.25781,-0.60759,0.05045,-0.02634,0.05886,0.03257
18.44,-0.00763,0.01375,0.02117,-0.03007,0.19559,-0.03039,-0.15375,-0.01821,0.01352,-0.05582,-0.09459,-0,-0.0185,-0.11257,0.16656,0.03931,-0.16228,0.41228,0.03313,-0.03535,0.09371,-0.09324,0.11082,-0.00317,-0.08254,0.02124,-0.08221,0.54514,0.78394,0.06922,0.01799,-0.08066,-0.03909,-0.05502,-0.33472,-0.73453,0.05295,-0.01694,0.05549,0.02965
18.46,-0.01395,0.00824,0.02164,-0.01337,0.22872,-0.01234,-0.15259,-0.01591,-0.03032,-0.02945,-0.15876,-0,-0.01885,-0.10601,0.19637,0.01732,-0.15459,0.39738,0.03044,-0.04515,0.1407,-0.11097,0.15496,-0.03474,-0.12053,0.0405,-0.08236,0.61526,0.92278,0.0685,0.02943,-0.07694,-0.03718,-0.06476,-0.41623,-0.85445,0.05417,-0.01069,0.05526,0.02863
18.48,-0.02161,0.00067,0.02169,0.00879,0.26329,0.01109,-0.14396,-0.01196,-0.08562,0.0054,-0.23337,-0,-0.02005,-0.09148,0.22596,-0.01079,-0.13884,0.36289,0.02659,-0.05698,0.19456,-0.12983,0.20732,-0.06927,-0.1578,0.06085,-0.08606,0.66868,1.04201,0.06488,0.03547,-0.07616,-0.0368,-0.07894,-0.50137,-0.96772,0.05425,-0.00746,0.05777,0.02928
18.5,-0.03018,-0.0084,0.02164,0.03397,0.29985,0.03692,-0.12892,-0.00672,-0.14809,0.04477,-0.31254,-0,-0.02395,-0.07018,0.25359,-0.04233,-0.11683,0.3153,0.02191,-0.07154,0.25159,-0.15042,0.26548,-0.10576,-0.19259,0.08117,-0.09604,0.70553,1.13732,0.05933,0.03693,-0.07742,-0.03749,-0.09825,-0.58835,-1.07592,0.0535,-0.00699,0.06241,0.03127
18.52,-0.03913,-0.01827,0.02191,0.05917,0.33904,0.06154,-0.10901,-0.00069,-0.21209,0.0837,-0.384,-0,-0.03255,-0.04406,0.2773,-0.07381,-0.09113,0.26307,0.01683,-0.08955,0.30696,-0.17332,0.32604,-0.14296,-0.22289,0.10011,-0.1152,0.72672,1.20479,0.0531,0.03478,-0.0798,-0.03878,-0.12338,-0.67447,-1.1803,0.0524,-0.00894,0.06847,0.03421
18.54,-0.048,-0.02826,0.02282,0.08178,0.38147,0.08192,-0.08563,0.00569,-0.27225,0.1179,-0.384,-0,-0.04748,-0.01534,0.2953,-0.10184,-0.0643,0.21397,0.01173,-0.11167,0.35588,-0.19869,0.38537,-0.17961,-0.24672,0.11632,-0.14595,0.73342,1.24176,0.04751,0.02999,-0.08246,-0.04025,-0.15509,-0.75627,-1.28019,0.05147,-0.01292,0.07516,0.03765
18.56,-0.05652,-0.03791,0.02456,0.10026,0.42759,0.09637,-0.05964,0.0121,-0.32432,0.14464,-0.384,-0,-0.06949,0.01361,0.30632,-0.12364,-0.03847,0.17348,0.00694,-0.13838,0.39409,-0.22603,0.43997,-0.21444,-0.26217,0.12855,-0.18958,0.72665,1.24741,0.04366,0.0234,-0.08468,-0.04154,-0.19421,-0.82931,-1.37147,0.0513,-0.01848,0.08166,0.04114
18.58,-0.06456,-0.04692,0.02712,0.11406,0.47728,0.10461,-0.03147,0.01835,-0.36499,0.16279,-0.384,-0,-0.09825,0.04016,0.30953,-0.13693,-0.0155,0.14466,0.00272,-0.16976,0.41776,-0.25384,0.48613,-0.24594,-0.26733,0.13552,-0.24581,0.70721,1.22273,0.04249,0.0157,-0.08588,-0.04233,-0.24133,-0.88762,-1.44551,0.05252,-0.0251,0.08705,0.04419
18.6,-0.07205,-0.05505,0.0303,0.12344,0.52963,0.10751,-0.00136,0.02429,-0.39149,0.17253,-0.384,-0,-0.13227,0.06128,0.30441,-0.13985,0.00291,0.1287,-0.0007,-0.20533,0.42321,-0.27959,0.51964,-0.27212,-0.26012,0.13592,-0.31269,0.67571,1.17021,0.04474,0.00752,-0.08556,-0.04238,-0.29655,-0.92349,-1.48929,0.05577,-0.03213,0.09033,0.04624
18.62,-0.07898,-0.06214,0.03381,0.12913,0.58324,0.10658,0.03065,0.0298,-0.40155,0.17497,-0.384,-0,-0.1694,0.07388,0.29069,-0.13095,0.01525,0.12541,-0.00312,-0.24432,0.40732,-0.30021,0.53635,-0.29064,-0.23836,0.12861,-0.38726,0.63272,1.09329,0.05099,-0.00061,-0.08338,-0.04151,-0.35951,-0.92906,-1.48863,0.06161,-0.03891,0.09056,0.04678
18.64,-0.08537,-0.06813,0.03739,0.1319,0.63692,0.10347,0.06468,0.0347,-0.39381,0.17185,-0.384,-0,-0.20754,0.07559,0.26826,-0.10952,0.02046,0.13374,-0.00441,-0.28605,0.36832,-0.31292,0.53329,-0.29925,-0.19999,0.11303,-0.46671,0.57907,0.99572,0.06152,-0.0083,-0.07913,-0.0396,-0.42966,-0.89906,-1.43345,0.07045,-0.04491,0.08713,0.04547
18.66,-0.09126,-0.07309,0.04085,0.13234,0.68994,0.09948,0.10096,0.03869,-0.36811,0.16537,-0.384,-0,-0.245,0.0652,0.23729,-0.07585,0.01813,0.15212,-0.00457,-0.33012,0.30659,-0.3158,0.50955,-0.29606,-0.14338,0.08957,-0.54884,0.51617,0.88145,0.07627,-0.01531,-0.07283,-0.03666,-0.50608,-0.83291,-1.32174,0.08234,-0.04982,0.07997,0.04225
18.68,-0.09667,-0.07716,0.04408,0.13078,0.74175,0.09555,0.13951,0.04136,-0.32568,0.1581,-0.36644,-0,-0.28033,0.04284,0.19842,-0.03153,0.00853,0.17838,-0.00368,-0.37608,0.22517,-0.30788,0.46658,-0.27954,-0.06776,0.0598,-0.63158,0.44661,0.75547,0.0947,-0.02152,-0.06475,-0.03283,-0.58696,-0.73562,-1.16119,0.09692,-0.05356,0.06965,0.03738
18.7,-0.10154,-0.08052,0.04704,0.12728,0.79159,0.09227,0.17992,0.04215,-0.26912,0.15302,-0.2634,-0,-0.31217,0.00988,0.15291,0.02055,-0.00748,0.20984,-0.00193,-0.42323,0.12991,-0.28905,0.40804,-0.24866,0.02642,0.02646,-0.71248,0.3744,0.62437,0.11572,-0.02682,-0.05542,-0.02838,-0.66919,-0.61745,-0.96866,0.11337,-0.05617,0.05732,0.03144
18.72,-0.10579,-0.08334,0.04972,0.12179,0.83851,0.08992,0.22158,0.04049,-0.20185,0.15297,-0.14387,-0,-0.33976,-0.03172,0.10229,0.07694,-0.02848,0.24386,0.00043,-0.47084,0.02829,-0.2599,0.33887,-0.20311,0.13749,-0.0071,-0.78892,0.30426,0.49554,0.13797,-0.03115,-0.04555,-0.02367,-0.74898,-0.4913,-0.76558,0.1306,-0.0578,0.04442,0.02514
18.74,-0.1093,-0.08579,0.05211,0.11434,0.88185,0.08849,0.26404,0.03606,-0.12717,0.16004,-0.01149,-0,-0.36385,-0.08032,0.04779,0.1349,-0.05267,0.27869,0.0031,-0.51877,-0.07239,-0.22158,0.26388,-0.14383,0.26276,-0.0379,-0.85891,0.24043,0.37551,0.16015,-0.03447,-0.0358,-0.01904,-0.82318,-0.36859,-0.571,0.14757,-0.05858,0.03222,0.01912
18.76,-0.11202,-0.08801,0.05424,0.10517,0.92128,0.08771,0.30723,0.02892,-0.04794,0.17503,0.13065,-0,-0.38733,-0.135,-0.00985,0.19298,-0.07783,0.31398,0.00574,-0.56774,-0.16601,-0.17585,0.1871,-0.07354,0.39821,-0.06386,-0.92138,0.18592,0.26916,0.18124,-0.03677,-0.02674,-0.01475,-0.88987,-0.25697,-0.39737,0.16349,-0.05867,0.02151,0.01377
18.78,-0.11389,-0.09008,0.0561,0.0949,0.95656,0.08704,0.35113,0.01968,0.03294,0.19726,0.279,-0,-0.41516,-0.19534,-0.07003,0.25078,-0.10118,0.35065,0.00799,-0.61902,-0.24708,-0.12543,0.11211,0.00256,0.53737,-0.08375,-0.97576,0.14283,0.18041,0.20036,-0.03808,-0.01886,-0.01104,-0.94805,-0.16052,-0.2509,0.17769,-0.05817,0.01266,0.00929
18.8,-0.11487,-0.09204,0.05767,0.08449,0.98727,0.08574,0.39552,0.0094,0.11202,0.22462,0.384,-0,-0.45392,-0.26098,-0.13186,0.30842,-0.11929,0.39042,0.00941,-0.67403,-0.31012,-0.07408,0.04259,0.07687,0.67094,-0.09692,-1.02152,0.11273,0.11289,0.21663,-0.03838,-0.01261,-0.00811,-0.99705,-0.08088,-0.13329,0.18954,-0.05715,0.0057,0.00571
18.82,-0.11493,-0.09388,0.05891,0.07509,1.01287,0.08305,0.43998,-0.00063,0.18563,0.25407,0.384,-0,-0.5107,-0.33174,-0.1943,0.36611,-0.12866,0.43519,0.00956,-0.73426,-0.3499,-0.02593,-0.01814,0.14116,0.78882,-0.10321,-1.05817,0.09643,0.06936,0.22923,-0.03769,-0.00839,-0.00613,-1.03649,-0.01802,-0.04325,0.19849,-0.05566,0.00045,0.00295
18.84,-0.11405,-0.09561,0.05976,0.0677,1.03311,0.07842,0.48427,-0.00925,0.25075,0.28248,0.384,-0,-0.59156,-0.40785,-0.25647,0.42384,-0.12668,0.48623,0.00809,-0.80134,-0.36236,0.01579,-0.06799,0.1897,0.88385,-0.10297,-1.08566,0.09339,0.05031,0.2376,-0.03599,-0.00633,-0.00514,-1.06654,0.02916,0.02234,0.20429,-0.05376,-0.00335,0.00091
18.86,-0.11232,-0.09728,0.06016,0.06302,1.04818,0.07173,0.52836,-0.01574,0.30536,0.30711,0.384,-0,-0.70011,-0.48996,-0.3178,0.48101,-0.11227,0.54346,0.00483,-0.87687,-0.34526,0.04953,-0.10663,0.22111,0.95403,-0.09704,-1.10456,0.10123,0.05293,0.24153,-0.0333,-0.00625,-0.00504,-1.08804,0.06238,0.06749,0.20702,-0.05153,-0.00595,-0.00055
18.88,-0.10988,-0.09897,0.06005,0.0614,1.05867,0.06338,0.57214,-0.01976,0.34814,0.32549,0.384,-0,-0.83644,-0.5785,-0.37751,0.53581,-0.08619,0.60484,-0.00022,-0.96179,-0.29838,0.07526,-0.13534,0.23869,1.00254,-0.0868,-1.11598,0.11559,0.07092,0.24119,-0.02968,-0.00759,-0.00554,-1.10232,0.08353,0.09638,0.20716,-0.04912,-0.00757,-0.0015
18.9,-0.10697,-0.10078,0.05935,0.06296,1.06537,0.05425,0.6151,-0.0213,0.37799,0.33526,0.384,-0,-0.99688,-0.67313,-0.43428,0.58504,-0.05079,0.66626,-0.00685,-1.05605,-0.22334,0.09416,-0.15645,0.2496,1.03666,-0.07414,-1.12128,0.13043,0.09505,0.23699,-0.02525,-0.00948,-0.00623,-1.11093,0.09436,0.11292,0.20545,-0.04672,-0.00833,-0.00201
18.92,-0.10385,-0.10279,0.058,0.06756,1.06904,0.04545,0.65662,-0.02055,0.39402,0.33422,0.384,-0,-1.17559,-0.77291,-0.48667,0.62466,-0.00919,0.72264,-0.0148,-1.15901,-0.12295,0.10817,-0.173,0.26333,1.06614,-0.06111,-1.12179,0.13932,0.11525,0.22948,-0.02012,-0.01096,-0.00663,-1.11534,0.0964,0.12046,0.20271,-0.04456,-0.00832,-0.00211
18.94,-0.10073,-0.10503,0.05597,0.07491,1.07023,0.03794,0.69646,-0.01775,0.39588,0.32057,0.384,-0,-1.36743,-0.87693,-0.534,0.65098,0.03611,0.76983,-0.0239,-1.27052,-0.00031,0.11963,-0.18813,0.28946,1.10125,-0.04949,-1.11851,0.13731,0.12347,0.21905,-0.0144,-0.01116,-0.00634,-1.11664,0.09096,0.12156,0.19955,-0.04284,-0.0076,-0.00183
18.96,-0.0977,-0.10744,0.05325,0.08455,1.0691,0.03224,0.73502,-0.01309,0.38399,0.29315,0.384,-0,-1.56916,-0.98434,-0.57681,0.66141,0.08394,0.80577,-0.03418,-1.39117,0.14137,0.13098,-0.20484,0.33618,1.15126,-0.04049,-1.11191,0.12219,0.11576,0.20593,-0.00813,-0.00955,-0.0051,-1.1153,0.07933,0.11796,0.1962,-0.04169,-0.00627,-0.00121
18.98,-0.09478,-0.10987,0.04992,0.09573,1.06541,0.02847,0.77312,-0.00675,0.35965,0.25165,0.384,-0,-1.77832,-1.09358,-0.61668,0.65455,0.1343,0.83045,-0.04579,-1.52156,0.29782,0.14461,-0.22572,0.40952,1.22381,-0.03477,-1.10193,0.09498,0.09271,0.19018,-0.00135,-0.00597,-0.00285,-1.11109,0.06279,0.11051,0.19246,-0.04119,-0.00445,-0.00031
19,-0.0919,-0.11203,0.04614,0.10749,1.05856,0.02638,0.81164,0.00108,0.32498,0.1967,0.384,-0,-1.99178,-1.20173,-0.65576,0.6299,0.18774,0.8456,-0.05895,-1.66141,0.46285,0.16275,-0.25285,0.51307,1.3244,-0.03252,-1.08805,0.05959,0.05907,0.17185,0.00585,-0.00059,0.00029,-1.10322,0.04267,0.09933,0.18776,-0.04136,-0.00233,0.00078
19.02,-0.08898,-0.11358,0.04212,0.11875,1.04781,0.02551,0.85129,0.01024,0.28246,0.12952,0.384,-0,-2.2059,-1.30475,-0.69655,0.58749,0.244,0.85458,-0.07374,-1.80963,0.62908,0.18737,-0.28802,0.64773,1.45578,-0.03358,-1.06956,0.02153,0.02195,0.15106,0.01333,0.00619,0.00409,-1.09045,0.02028,0.08417,0.18128,-0.04226,-8e-05,0.00196
19.04,-0.08594,-0.11423,0.03808,0.12873,1.03251,0.02536,0.89247,0.02055,0.23428,0.05138,0.384,-0,-2.41771,-1.39859,-0.74156,0.52744,0.30036,0.86248,-0.08994,-1.96504,0.78953,0.22006,-0.33292,0.81146,1.61724,-0.0374,-1.04589,-0.01393,-0.01164,0.12808,0.02083,0.01384,0.00828,-1.07138,-0.00322,0.06501,0.172,-0.04401,0.00211,0.00315
19.06,-0.08274,-0.11381,0.03422,0.13707,1.01245,0.0255,0.93503,0.03183,0.18209,-0.03644,0.384,-0,-2.62506,-1.47957,-0.7931,0.44988,0.35036,0.87615,-0.10687,-2.12623,0.93823,0.2618,-0.38922,0.9985,1.80346,-0.04311,-1.01688,-0.04304,-0.03647,0.1035,0.028,0.02186,0.01258,-1.04478,-0.02687,0.0425,0.15884,-0.04687,0.00411,0.0043
19.08,-0.07942,-0.11226,0.03077,0.14385,0.98798,0.0256,0.97791,0.04382,0.1273,-0.13212,0.384,-0,-2.82503,-1.5438,-0.85274,0.3555,0.383,0.90416,-0.12321,-2.29038,1.06918,0.3127,-0.45814,1.19778,2.00285,-0.04947,-0.9831,-0.06358,-0.04922,0.07845,0.0343,0.02967,0.01667,-1.00978,-0.04973,0.01828,0.14081,-0.0512,0.00577,0.00534
19.1,-0.0761,-0.10966,0.02799,0.14946,0.96016,0.0254,1.01887,0.05608,0.07142,-0.23268,0.384,-0,-3.01257,-1.58669,-0.92104,0.24594,0.38298,0.95626,-0.13693,-2.45223,1.17541,0.37172,-0.5401,1.39253,2.19728,-0.05491,-0.94596,-0.07456,-0.04826,0.05468,0.03899,0.03658,0.02022,-0.96601,-0.07071,-0.00502,0.11702,-0.05742,0.00699,0.00625
19.12,-0.07296,-0.10613,0.02612,0.15446,0.93042,0.02477,1.05491,0.06801,0.01607,-0.33443,0.384,-0,-3.18114,-1.60338,-0.99736,0.12356,0.33307,1.04171,-0.14564,-2.60487,1.24969,0.43693,-0.63466,1.56366,2.36572,-0.0578,-0.90746,-0.07607,-0.03351,0.03424,0.04127,0.04194,0.02288,-0.91337,-0.0888,-0.0243,0.08668,-0.06589,0.00769,0.00699
19.14,-0.07018,-0.10182,0.02538,0.15933,0.90018,0.02366,1.08293,0.07899,-0.03745,-0.43379,0.384,-0,-3.32476,-1.58993,-1.08008,-0.00927,0.21798,1.16684,-0.14706,-2.74153,1.28645,0.5061,-0.74067,1.69558,2.49054,-0.05694,-0.8696,-0.06915,-0.00643,0.01901,0.04058,0.04525,0.02439,-0.85166,-0.10343,-0.03686,0.04896,-0.07672,0.00787,0.00757
19.16,-0.06787,-0.09684,0.02584,0.16439,0.87061,0.02214,1.10019,0.08838,-0.08812,-0.52765,0.384,-0,-3.43897,-1.5442,-1.1663,-0.15014,0.0275,1.33281,-0.13945,-2.85652,1.28301,0.57678,-0.85599,1.77983,2.56151,-0.05182,-0.83423,-0.05576,0.02987,0.01024,0.03676,0.0463,0.02466,-0.78053,-0.11463,-0.04093,0.00311,-0.08959,0.00763,0.00805
19.18,-0.06615,-0.09131,0.0275,0.16966,0.84282,0.02039,1.10426,0.09544,-0.13487,-0.61272,0.384,-0,-3.52013,-1.46637,-1.25119,-0.29562,-0.24151,1.53393,-0.12166,-2.94439,1.23986,0.64582,-0.97659,1.81529,2.5761,-0.04277,-0.80319,-0.0389,0.07031,0.00864,0.03012,0.04518,0.02376,-0.69992,-0.12307,-0.03579,-0.05123,-0.10364,0.00724,0.0085
19.2,-0.06509,-0.08539,0.03023,0.17489,0.81801,0.0187,1.09283,0.09931,-0.17624,-0.6849,0.384,-0,-3.56446,-1.35892,-1.32765,-0.44041,-0.58415,1.75723,-0.09325,-2.99921,1.16022,0.70898,-1.09598,1.80647,2.53802,-0.03085,-0.77854,-0.02244,0.10804,0.01446,0.02143,0.04223,0.02189,-0.61055,-0.12983,-0.02158,-0.11377,-0.11742,0.00703,0.00904
19.22,-0.06477,-0.07926,0.03384,0.17963,0.79736,0.01743,1.06398,0.09912,-0.21056,-0.73995,0.33433,-0,-3.56797,-1.22591,-1.38744,-0.57813,-0.98803,1.98484,-0.0545,-3.01497,1.04919,0.76151,-1.2063,1.76028,2.45439,-0.0174,-0.76224,-0.01034,0.13582,0.02755,0.01169,0.03796,0.01933,-0.51344,-0.13616,0.00101,-0.18367,-0.12921,0.00742,0.00981
19.24,-0.0652,-0.07311,0.03818,0.18335,0.7816,0.01685,1.01659,0.09425,-0.2366,-0.77479,0.26108,-0,-3.52718,-1.0718,-1.42333,-0.70322,-1.43472,2.19821,-0.00657,-2.98696,0.9126,0.79933,-1.30042,1.6819,2.33223,-0.0033,-0.75548,-0.00547,0.14827,0.04745,0.00181,0.03282,0.01635,-0.40907,-0.1431,0.03126,-0.25988,-0.13751,0.00877,0.01093
19.26,-0.06635,-0.06709,0.04312,0.18558,0.77079,0.0171,0.95078,0.08446,-0.25381,-0.78842,0.19751,-0,-3.43983,-0.90129,-1.43048,-0.81175,-1.89912,2.38028,0.04827,-2.91292,0.75674,0.81971,-1.37312,1.57238,2.17665,0.01139,-0.75822,-0.0087,0.14346,0.07329,-0.0075,0.02719,0.01317,-0.2971,-0.15128,0.06858,-0.34119,-0.14132,0.01136,0.01249
19.28,-0.06812,-0.06143,0.04857,0.18587,0.76438,0.01817,0.86859,0.07005,-0.2623,-0.78195,0.14385,-0,-3.30555,-0.72039,-1.40666,-0.90084,-2.34573,2.51452,0.10614,-2.79371,0.5894,0.82129,-1.42076,1.42865,1.99129,0.02749,-0.76909,-0.01879,0.12324,0.10363,-0.01577,0.02134,0.00991,-0.17719,-0.16072,0.11231,-0.42556,-0.14019,0.01531,0.01455
19.3,-0.07033,-0.0564,0.05442,0.18378,0.76135,0.01991,0.77402,0.05186,-0.26263,-0.75823,0.10016,-0,-3.12618,-0.53742,-1.35189,-0.96778,-2.72765,2.58409,0.16148,-2.63338,0.42059,0.80375,-1.44066,1.24517,1.77968,0.04635,-0.78558,-0.03257,0.09282,0.13635,-0.02264,0.0155,0.00671,-0.04973,-0.17088,0.16153,-0.50971,-0.13416,0.02061,0.0171
19.32,-0.0728,-0.0523,0.06053,0.17889,0.76055,0.02212,0.67204,0.03099,-0.25559,-0.72113,0.06636,-0,-2.90499,-0.36166,-1.26779,-1.01019,-2.99541,2.57405,0.20812,-2.43792,0.26111,0.76748,-1.4311,1.01771,1.54609,0.06918,-0.80472,-0.04587,0.05915,0.16913,-0.0279,0.00987,0.00364,0.08418,-0.18075,0.21522,-0.58968,-0.12361,0.02713,0.02009
19.34,-0.07532,-0.04938,0.06677,0.17084,0.7611,0.02467,0.56685,0.00848,-0.24199,-0.67462,0.04198,-0,-2.64547,-0.20082,-1.15674,-1.02684,-3.11239,2.47584,0.24114,-2.21323,0.11971,0.71333,-1.39184,0.74836,1.29606,0.09602,-0.82403,-0.05495,0.02862,0.20005,-0.03143,0.00456,0.00078,0.2233,-0.18913,0.2727,-0.66203,-0.10922,0.03462,0.02342
19.36,-0.07777,-0.04773,0.07298,0.15939,0.76258,0.02759,0.46098,-0.01488,-0.22268,-0.62232,0.02599,-0,-2.3514,-0.05965,-1.02177,-1.01829,-3.06539,2.29087,0.25803,-1.96463,0.00156,0.64262,-1.32463,0.44994,1.03778,0.12497,-0.84212,-0.05734,0.00559,0.22801,-0.03327,-0.0004,-0.00188,0.36622,-0.19479,0.33373,-0.72445,-0.09189,0.04274,0.02697
19.38,-0.08006,-0.04734,0.07896,0.1445,0.76516,0.03103,0.35589,-0.03842,-0.19861,-0.56778,0.01695,-0,-2.02899,0.0592,-0.86749,-0.98697,-2.86716,2.03261,0.25885,-1.69849,-0.09116,0.55763,-1.2338,0.14949,0.78435,0.15177,-0.85874,-0.05208,-0.00783,0.25263,-0.03359,-0.00499,-0.00432,0.5102,-0.1964,0.39808,-0.77543,-0.07288,0.05098,0.03051
19.4,-0.08211,-0.04806,0.08438,0.12639,0.76946,0.03523,0.2528,-0.0614,-0.17093,-0.51475,0.0132,-0,-1.68847,0.15401,-0.70073,-0.93694,-2.5532,1.72597,0.24579,-1.42366,-0.15814,0.46191,-1.12625,-0.11274,0.55441,0.17009,-0.87445,-0.03951,-0.01138,0.27394,-0.03261,-0.0092,-0.00654,0.65046,-0.19258,0.4651,-0.81373,-0.05384,0.05863,0.03376
19.42,-0.08386,-0.04972,0.08891,0.10552,0.77626,0.04045,0.15285,-0.08307,-0.14099,-0.46676,0.01298,-0,-1.34235,0.22387,-0.52932,-0.87312,-2.17062,1.40115,0.22223,-1.15026,-0.20042,0.35969,-1.01012,-0.29478,0.36741,0.17348,-0.89024,-0.02094,-0.00613,0.2922,-0.03064,-0.013,-0.00851,0.78122,-0.18211,0.53377,-0.83854,-0.03653,0.06492,0.03637
19.44,-0.08529,-0.05212,0.09226,0.08247,0.78597,0.04677,0.0568,-0.10279,-0.11015,-0.42632,0.0146,-0,-1.00143,0.26919,-0.35988,-0.80009,-1.76223,1.08394,0.19154,-0.8867,-0.22026,0.25469,-0.8925,-0.37132,0.23536,0.1584,-0.90686,0.00196,0.00617,0.30778,-0.02794,-0.01637,-0.01023,0.89792,-0.16437,0.60312,-0.84994,-0.02226,0.06924,0.03808
19.46,-0.08643,-0.0551,0.09428,0.05799,0.79833,0.05401,-0.03486,-0.12008,-0.0798,-0.39443,0.01653,-0,-0.67335,0.29203,-0.19684,-0.72163,-1.35719,0.79021,0.15639,-0.63851,-0.22111,0.14969,-0.7783,-0.34629,0.15747,0.12631,-0.92446,0.02743,0.02352,0.32106,-0.02475,-0.01926,-0.01165,0.99846,-0.13962,0.67224,-0.84923,-0.01162,0.07125,0.03871
19.48,-0.08734,-0.0585,0.09496,0.03316,0.81217,0.06164,-0.12118,-0.13449,-0.05159,-0.37078,0.01733,-0,-0.36461,0.2959,-0.0434,-0.64112,-0.97154,0.52669,0.11882,-0.40996,-0.20749,0.04722,-0.67081,-0.25612,0.11946,0.0845,-0.94226,0.05351,0.04358,0.33225,-0.0213,-0.02162,-0.01273,1.08264,-0.10932,0.73976,-0.83904,-0.00442,0.07096,0.0382
19.5,-0.08809,-0.06215,0.09437,0.00954,0.82547,0.06874,-0.20013,-0.14549,-0.02759,-0.35407,0.01576,-0,-0.08295,0.28536,0.09721,-0.56205,-0.6119,0.29381,0.08047,-0.20587,-0.18476,-0.04977,-0.57262,-0.16454,0.0963,0.04529,-0.95858,0.07794,0.06372,0.34133,-0.0178,-0.02332,-0.01341,1.15126,-0.07608,0.80347,-0.82306,8e-05,0.06861,0.03659
19.52,-0.08878,-0.06588,0.09267,-0.01115,0.83575,0.07425,-0.2691,-0.15255,-0.00996,-0.34242,0.01088,-0,0.16336,0.26528,0.22186,-0.48766,-0.27747,0.08737,0.04252,-0.03114,-0.15841,-0.13828,-0.48574,-0.14399,0.05928,0.02253,-0.97119,0.09848,0.0814,0.34809,-0.01446,-0.02419,-0.0136,1.20559,-0.04299,0.8609,-0.80553,0.00295,0.06462,0.03398
19.54,-0.08946,-0.06953,0.09003,-0.02744,0.8407,0.07719,-0.326,-0.15538,-0.0003,-0.33373,0.00236,-0,0.36825,0.24,0.32842,-0.41998,0.03906,-0.10042,0.0054,0.11113,-0.13311,-0.21629,-0.41121,-0.24837,-0.01408,0.02632,-0.97801,0.11352,0.09486,0.35235,-0.01144,-0.02402,-0.01319,1.24723,-0.01249,0.91048,-0.79038,0.00527,0.05941,0.03046
19.56,-0.09014,-0.07297,0.08661,-0.03844,0.83862,0.07688,-0.36985,-0.15411,0.00068,-0.32595,-0.00938,-0,0.52912,0.21284,0.4162,-0.35946,0.34985,-0.2798,-0.03117,0.22063,-0.11212,-0.28329,-0.34905,-0.49381,-0.1329,0.0593,-0.9775,0.12249,0.10352,0.35406,-0.00885,-0.02254,-0.01207,1.27786,0.0142,0.95221,-0.78072,0.00788,0.05336,0.0261
19.58,-0.09082,-0.07606,0.08261,-0.04382,0.82855,0.073,-0.40059,-0.14928,-0.00666,-0.31722,-0.02299,-0,0.64584,0.18619,0.48524,-0.30534,0.6692,-0.46169,-0.06804,0.29913,-0.09735,-0.33984,-0.2987,-0.85217,-0.29038,0.11554,-0.96877,0.12579,0.10803,0.35329,-0.00678,-0.0195,-0.01013,1.29894,0.03712,0.98746,-0.77883,0.01138,0.04683,0.02098
19.6,-0.0914,-0.07864,0.07825,-0.04364,0.81017,0.06554,-0.41864,-0.14182,-0.02112,-0.30592,-0.03628,-0,0.71926,0.16173,0.53563,-0.25618,1.01033,-0.65589,-0.10616,0.34941,-0.08959,-0.38698,-0.25963,-1.25496,-0.46477,0.18151,-0.95152,0.12468,0.11003,0.35024,-0.00528,-0.0146,-0.00729,1.31144,0.05722,1.01854,-0.78624,0.01604,0.04018,0.01524
19.62,-0.09177,-0.08055,0.07376,-0.03827,0.78361,0.0547,-0.4247,-0.13281,-0.04094,-0.29075,-0.04676,-0,0.75091,0.14045,0.56739,-0.21025,1.38189,-0.86895,-0.14623,0.37464,-0.08879,-0.42592,-0.23131,-1.61279,-0.62581,0.24012,-0.92586,0.12088,0.11165,0.34509,-0.00441,-0.00761,-0.00348,1.31584,0.07601,1.0482,-0.80393,0.02192,0.03378,0.00901
19.64,-0.09183,-0.08165,0.06931,-0.02822,0.74927,0.04079,-0.41973,-0.12312,-0.06435,-0.2708,-0.05252,-0,0.74349,0.12259,0.58091,-0.16567,1.78446,-1.10213,-0.18834,0.37818,-0.09439,-0.45798,-0.21298,-1.84467,-0.74466,0.27679,-0.89205,0.11607,0.11479,0.33797,-0.00423,0.00164,0.00133,1.31233,0.09521,1.07917,-0.83244,0.02894,0.02795,0.00251
19.66,-0.09145,-0.0819,0.06501,-0.01417,0.70774,0.0242,-0.40496,-0.1133,-0.08977,-0.24563,-0.05283,-0,0.70134,0.10765,0.57724,-0.12069,2.20667,-1.34911,-0.23154,0.36355,-0.10544,-0.48449,-0.20349,-1.89758,-0.80028,0.28353,-0.85049,0.1116,0.12064,0.32888,-0.00482,0.01314,0.00712,1.30099,0.11638,1.11376,-0.87183,0.03693,0.02291,-0.00404
19.68,-0.09056,-0.08132,0.06087,0.00298,0.6601,0.00552,-0.38201,-0.10351,-0.11574,-0.21551,-0.04823,-0,0.63081,0.0945,0.55814,-0.07411,2.62102,-1.59351,-0.27341,0.33441,-0.12061,-0.50651,-0.20135,-1.7505,-0.78053,0.25982,-0.80202,0.10846,0.12949,0.31777,-0.00624,0.02663,0.01375,1.28191,0.14075,1.15348,-0.92144,0.04557,0.01889,-0.01028
19.7,-0.08909,-0.08001,0.05693,0.02206,0.6081,-0.01441,-0.35288,-0.09371,-0.14068,-0.18149,-0.0404,-0,0.5401,0.08161,0.52593,-0.02555,2.9835,-1.80868,-0.31002,0.2946,-0.13815,-0.52469,-0.20485,-1.41127,-0.68114,0.21183,-0.74812,0.1073,0.14082,0.30459,-0.00855,0.04149,0.02095,1.25519,0.16899,1.1988,-0.97968,0.05436,0.0161,-0.01573
19.72,-0.08699,-0.07808,0.05317,0.04179,0.55389,-0.03461,-0.31976,-0.08366,-0.16304,-0.14515,-0.03154,-0,0.43814,0.06731,0.48329,0.02467,3.24388,-1.96362,-0.33688,0.2479,-0.15602,-0.53949,-0.21227,-0.90903,-0.5046,0.1499,-0.69064,0.10856,0.15352,0.28932,-0.01174,0.05687,0.02832,1.221,0.20109,1.24916,-1.04447,0.06269,0.01482,-0.01965
19.74,-0.08422,-0.07563,0.04959,0.06107,0.49933,-0.05426,-0.28461,-0.07312,-0.18155,-0.10805,-0.02352,-0,0.33281,0.05017,0.43283,0.07594,3.3629,-2.0328,-0.3507,0.19779,-0.17215,-0.55164,-0.22196,-0.2843,-0.25917,0.08515,-0.63134,0.11252,0.16635,0.27192,-0.01567,0.07173,0.03537,1.17951,0.23619,1.30311,-1.11384,0.06996,0.01544,-0.02108
19.76,-0.08076,-0.07272,0.04615,0.07919,0.44577,-0.07282,-0.24909,-0.06187,-0.19531,-0.07158,-0.01736,-0,0.23012,0.02932,0.37709,0.12745,3.32403,-2.00302,-0.35042,0.14744,-0.18456,-0.56241,-0.23244,0.41532,0.04083,0.02729,-0.57164,0.11936,0.17816,0.25243,-0.02,0.08492,0.04158,1.13105,0.2724,1.35817,-1.18625,0.07565,0.01845,-0.01874
19.78,-0.07666,-0.0694,0.04283,0.09563,0.39436,-0.08992,-0.21479,-0.04986,-0.20373,-0.03713,-0.0131,-0,0.13473,0.00468,0.31894,0.17782,3.13627,-1.87495,-0.33756,0.10006,-0.19126,-0.57367,-0.24231,1.13125,0.37281,-0.01538,-0.51311,0.12914,0.18788,0.23108,-0.02413,0.09507,0.0463,1.07648,0.30645,1.41046,-1.26001,0.07933,0.02443,-0.01109
19.8,-0.07201,-0.06568,0.03967,0.10999,0.34646,-0.10519,-0.1834,-0.03723,-0.20637,-0.00631,-0.01,-0,0.05075,-0.02302,0.26184,0.22486,2.83097,-1.66165,-0.31579,0.05915,-0.19025,-0.58751,-0.25023,1.79201,0.70552,-0.0359,-0.45775,0.14179,0.19438,0.20838,-0.02722,0.10058,0.04875,1.01742,0.33367,1.45445,-1.3329,0.08052,0.03405,0.00369
19.82,-0.06697,-0.0616,0.03668,0.12181,0.30341,-0.11827,-0.15657,-0.02432,-0.20292,0.01927,-0.00689,-0,-0.01835,-0.05248,0.20948,0.26587,2.45095,-1.38328,-0.28979,0.02791,-0.1799,-0.60546,-0.25492,2.32515,1.00524,-0.02992,-0.40764,0.15714,0.19635,0.18485,-0.0284,0.09988,0.04821,0.95576,0.34895,1.48378,-1.40231,0.07869,0.04802,0.0276
19.84,-0.06167,-0.05719,0.03389,0.13058,0.26609,-0.1288,-0.13544,-0.01144,-0.19313,0.03855,-0.00275,-0,-0.07051,-0.0824,0.16493,0.29848,2.035,-1.05966,-0.26358,0.00812,-0.15959,-0.62729,-0.2554,2.67813,1.24628,0.00202,-0.36406,0.17513,0.19213,0.16056,-0.02699,0.092,0.04421,0.89276,0.34829,1.49265,-1.46588,0.07318,0.067,0.06269
19.86,-0.05625,-0.05246,0.03126,0.13561,0.23462,-0.1365,-0.12036,0.00116,-0.17693,0.05133,0.00294,-0,-0.10533,-0.11166,0.13022,0.32108,1.6089,-0.7065,-0.23944,-0.00057,-0.13023,-0.6502,-0.25103,2.8319,1.41744,0.05277,-0.32702,0.19582,0.17973,0.13485,-0.02275,0.07693,0.03677,0.82867,0.32995,1.47694,-1.52181,0.06318,0.09155,0.11082
19.88,-0.05086,-0.04748,0.02871,0.13603,0.20856,-0.14104,-0.11097,0.01318,-0.15453,0.05824,0.01,-0,-0.12391,-0.13926,0.10651,0.33275,1.18611,-0.33684,-0.21786,-0.00072,-0.09463,-0.6683,-0.2416,2.80262,1.52223,0.10779,-0.29545,0.21922,0.15678,0.10648,-0.01594,0.05586,0.02648,0.76309,0.29482,1.43438,-1.5684,0.04781,0.12188,0.1733
19.9,-0.0457,-0.04238,0.02617,0.13076,0.18722,-0.142,-0.10639,0.02424,-0.12646,0.06056,0.01767,-0,-0.12836,-0.16403,0.09441,0.33301,0.77153,0.03656,-0.1978,0.00327,-0.05733,-0.67311,-0.2273,2.63574,1.5757,0.14618,-0.2676,0.2452,0.12076,0.07393,-0.00729,0.03108,0.01448,0.69548,0.24622,1.36459,-1.60373,0.0262,0.15764,0.25041
19.92,-0.04098,-0.03732,0.02358,0.11872,0.16977,-0.13897,-0.10537,0.03386,-0.09353,0.05989,0.02483,-0,-0.12134,-0.18475,0.09405,0.32167,0.36325,0.40227,-0.17699,0.0064,-0.02344,-0.65566,-0.20862,2.39089,1.59837,0.14585,-0.24152,0.27328,0.06917,0.03578,0.00224,0.00546,0.0022,0.62544,0.18904,1.26873,-1.62592,-0.00226,0.19773,0.34082
19.94,-0.03682,-0.03239,0.02089,0.09919,0.15519,-0.13173,-0.10643,0.04159,-0.05669,0.05783,0.03042,0,-0.10561,-0.20038,0.10495,0.29876,-0.04691,0.75332,-0.15228,0.00469,0.00322,-0.60979,-0.1862,2.12121,1.60852,0.09141,-0.21549,0.3027,-4e-05,-0.00875,0.01182,-0.01841,-0.0091,0.55271,0.12839,1.14915,-1.63386,-0.03771,0.24011,0.44094
19.96,-0.03319,-0.02759,0.01812,0.07215,0.14236,-0.12035,-0.10799,0.04708,-0.01703,0.05573,0.03375,0,-0.08379,-0.21019,0.12587,0.26467,-0.47167,1.08817,-0.11997,-0.00366,0.02132,-0.53467,-0.1608,1.8603,1.61688,-0.02018,-0.18846,0.33217,-0.08794,-0.05937,0.02092,-0.03866,-0.01852,0.47743,0.06894,1.00958,-1.62776,-0.07944,0.28146,0.54404
19.98,-0.02993,-0.02286,0.01533,0.03852,0.13009,-0.10533,-0.10831,0.05002,0.02389,0.05466,0.03454,0,-0.05849,-0.21373,0.15465,0.22031,-0.9248,1.40844,-0.07603,-0.01791,0.03218,-0.43587,-0.13351,1.62073,1.62518,-0.17746,-0.16033,0.35968,-0.19391,-0.11416,0.02932,-0.0542,-0.02554,0.40082,0.01517,0.85616,-1.60925,-0.12551,0.31681,0.63929
20,-0.0268,-0.01812,0.01271,0.00026,0.11732,-0.08763,-0.10559,0.05009,0.06387,0.05543,0.0328,0,-0.03229,-0.21072,0.1882,0.16731,-1.41681,1.71584,-0.01662,-0.03507,0.03925,-0.32502,-0.10582,1.39795,1.62708,-0.35569,-0.13205,0.38241,-0.31513,-0.16946,0.03701,-0.06444,-0.02994,0.32547,-0.02833,0.69802,-1.58116,-0.17267,0.33963,0.71186
20.02,-0.02353,-0.01329,0.01043,-0.04009,0.10311,-0.06847,-0.09813,0.04704,0.10046,0.05868,0.02885,0,-0.00763,-0.2011,0.22297,0.1078,-1.9509,2.01021,0.06103,-0.05094,0.0469,-0.21658,-0.0795,1.17741,1.61195,-0.52397,-0.10512,0.39729,-0.44697,-0.22064,0.04411,-0.06923,-0.0317,0.25478,-0.05745,0.54549,-1.54675,-0.21682,0.3435,0.74625
20.04,-0.01987,-0.00829,0.00866,-0.08005,0.08671,-0.049,-0.08463,0.04075,0.1316,0.0649,0.02316,0,0.01373,-0.1852,0.25564,0.04392,-2.51876,2.28842,0.15746,-0.06183,0.05864,-0.12297,-0.05617,0.94351,1.57035,-0.65589,-0.08088,0.402,-0.58384,-0.26351,0.05081,-0.0688,-0.03098,0.19151,-0.06975,0.40703,-1.50853,-0.2541,0.32469,0.7318
20.06,-0.01564,-0.00309,0.00748,-0.11759,0.06759,-0.03019,-0.06448,0.03132,0.15613,0.0745,0.01636,-0,0.03093,-0.16392,0.28358,-0.02219,-3.09577,2.54267,0.26971,-0.06554,0.07595,-0.05143,-0.03711,0.68657,1.49805,-0.73656,-0.05998,0.39568,-0.71936,-0.29512,0.05728,-0.06375,-0.02809,0.13711,-0.06536,0.2875,-1.4676,-0.28143,0.28408,0.66655
20.08,-0.01083,0.00223,0.00685,-0.15093,0.04561,-0.0129,-0.0379,0.01916,0.1736,0.0877,0.00928,-0,0.04389,-0.13888,0.30463,-0.08799,-3.6353,2.75802,0.39027,-0.06169,0.09784,-0.00384,-0.0234,0.40653,1.39749,-0.76359,-0.04247,0.37908,-0.84533,-0.31372,0.06362,-0.05509,-0.02355,0.09196,-0.04705,0.18869,-1.4238,-0.29643,0.22791,0.55862
20.1,-0.00551,0.00752,0.00669,-0.17825,0.02112,0.00198,-0.00603,0.00504,0.18408,0.10453,0.00292,-0,0.05314,-0.11247,0.31697,-0.15014,-4.06865,2.91185,0.50694,-0.0514,0.12099,0.0222,-0.01603,0.11375,1.27743,-0.74515,-0.02797,0.35443,-0.95119,-0.31842,0.06984,-0.04418,-0.018,0.05586,-0.02001,0.11047,-1.37608,-0.29723,0.16736,0.42525
20.12,0.0001,0.01252,0.00686,-0.19793,-0.00521,0.0136,0.02945,-0.0101,0.18802,0.12482,-0.00162,-0,0.05944,-0.08728,0.31905,-0.20513,-4.32117,2.97901,0.60557,-0.03667,0.14078,0.0318,-0.01594,-0.17456,1.14975,-0.6954,-0.01578,0.32474,-1.02579,-0.30922,0.0758,-0.0325,-0.01215,0.02825,0.00953,0.05147,-1.32294,-0.28293,0.11617,0.28811
20.14,0.00581,0.01702,0.00719,-0.20897,-0.0327,0.02141,0.06687,-0.02535,0.18622,0.14827,-0.00338,-0,0.06351,-0.06529,0.30984,-0.25045,-4.33875,2.941,0.67445,-0.01945,0.15285,0.03079,-0.02394,-0.44077,1.02467,-0.62856,-0.00491,0.29282,-1.06067,-0.2871,0.08133,-0.02131,-0.0066,0.00827,0.03603,0.00949,-1.26283,-0.25431,0.08697,0.16628
20.16,0.01142,0.02088,0.00751,-0.21136,-0.06076,0.02524,0.10484,-0.03997,0.17983,0.1744,-0.00168,-0,0.0657,-0.04731,0.28899,-0.28525,-4.10662,2.79257,0.70724,-0.00101,0.15412,0.0245,-0.04055,-0.67044,0.90791,-0.55511,0.00593,0.26077,-1.05238,-0.2543,0.08625,-0.01145,-0.00174,-0.0052,0.05578,-0.01819,-1.19463,-0.21448,0.08883,0.07181
20.18,0.01674,0.02398,0.00765,-0.20606,-0.08872,0.02535,0.14203,-0.05327,0.17041,0.20235,0.00383,-0,0.06597,-0.03302,0.25699,-0.31028,-3.65518,2.54426,0.70332,0.01801,0.14301,0.01744,-0.06588,-0.85135,0.80079,-0.48131,0.01816,0.23003,-1.00289,-0.21452,0.09026,-0.00336,0.00222,-0.01343,0.06711,-0.03449,-1.11825,-0.16937,0.12673,0.00938
20.2,0.02153,0.02627,0.00744,-0.19484,-0.11565,0.02231,0.17694,-0.06455,0.15984,0.23077,0.01317,-0,0.06386,-0.02121,0.21521,-0.32737,-3.05538,2.22127,0.66693,0.03741,0.11933,0.01334,-0.09956,-0.97199,0.70161,-0.41003,0.03323,0.20167,-0.91906,-0.17292,0.09302,0.00281,0.00521,-0.01762,0.06998,-0.04216,-1.03501,-0.12752,0.20183,-0.02229
20.22,0.02556,0.0277,0.00672,-0.17992,-0.14043,0.01688,0.20799,-0.07318,0.15005,0.25788,0.02614,-0,0.05873,-0.01021,0.16563,-0.33885,-2.39849,1.85686,0.60527,0.05716,0.08401,0.015,-0.14074,-1.02313,0.60715,-0.34194,0.05226,0.17638,-0.81061,-0.13508,0.09415,0.00714,0.00726,-0.0189,0.06553,-0.0437,-0.94709,-0.09872,0.31197,-0.02812
20.24,0.02869,0.02829,0.00539,-0.16333,-0.16203,0.00983,0.23389,-0.0788,0.14251,0.28187,0.04235,-0,0.05003,0.00158,0.11036,-0.34692,-1.76617,1.48236,0.52603,0.07697,0.03875,0.02425,-0.18812,-1.00132,0.51439,-0.27674,0.07565,0.15434,-0.68746,-0.10541,0.09338,0.00984,0.00849,-0.0182,0.05549,-0.04118,-0.85646,-0.09163,0.45237,-0.01398
20.26,0.03088,0.02813,0.00346,-0.1466,-0.17961,0.00186,0.25385,-0.08145,0.13796,0.30103,0.06122,-0,0.03757,0.01531,0.0515,-0.35314,-1.21217,1.12164,0.43613,0.09607,-0.01403,0.04169,-0.23979,-0.91162,0.42188,-0.21425,0.10269,0.13519,-0.55828,-0.0861,0.0907,0.01123,0.00903,-0.01629,0.04176,-0.03625,-0.76446,-0.11217,0.61546,0.01507
20.28,0.03227,0.02742,0.001,-0.13082,-0.19239,-0.00635,0.26743,-0.08159,0.13636,0.31357,0.08185,-0,0.02163,0.03148,-0.00845,-0.35827,-0.76191,0.79237,0.3419,0.11288,-0.0708,0.06664,-0.29286,-0.76875,0.3309,-0.15523,0.13124,0.11818,-0.43111,-0.07702,0.08632,0.01169,0.00911,-0.01375,0.02648,-0.03018,-0.67238,-0.16308,0.78971,0.05508
20.3,0.03306,0.02641,-0.00177,-0.11674,-0.19957,-0.01414,0.27433,-0.07998,0.13699,0.31763,0.10291,-0,0.00305,0.04989,-0.06624,-0.3623,-0.41903,0.50885,0.24963,0.1251,-0.12678,0.09707,-0.3432,-0.59612,0.24566,-0.10162,0.15782,0.1024,-0.31408,-0.07617,0.08073,0.01165,0.00892,-0.01102,0.01196,-0.02386,-0.58207,-0.24407,0.9592,0.10297
20.32,0.0335,0.02537,-0.0046,-0.1048,-0.20038,-0.02095,0.27438,-0.07749,0.13864,0.31146,0.12289,-0,-0.01704,0.06981,-0.11834,-0.36463,-0.17304,0.28183,0.16494,0.13025,-0.17667,0.13012,-0.38606,-0.42048,0.17181,-0.05592,0.17837,0.0869,-0.21467,-0.08047,0.0745,0.01152,0.00867,-0.00839,0.00043,-0.01789,-0.49558,-0.35248,1.10638,0.15618
20.34,0.03379,0.02453,-0.00725,-0.09501,-0.19438,-0.0265,0.26747,-0.07476,0.13993,0.29395,0.14042,-0,-0.03749,0.0903,-0.16185,-0.36443,-0.00715,0.11642,0.09137,0.12659,-0.21598,0.16271,-0.4172,-0.26382,0.11365,-0.01989,0.18958,0.07097,-0.13792,-0.08689,0.06816,0.01159,0.00853,-0.00602,-0.00655,-0.01263,-0.41428,-0.48439,1.21685,0.21227
20.36,0.03404,0.02399,-0.00955,-0.0869,-0.18165,-0.03087,0.25366,-0.07206,0.13943,0.26512,0.15447,-0,-0.05733,0.11031,-0.19495,-0.36092,0.09597,0.01098,0.02975,0.11382,-0.24184,0.19199,-0.43359,-0.13837,0.07247,0.00624,0.18982,0.05422,-0.0854,-0.09309,0.06204,0.01199,0.00856,-0.00402,-0.00844,-0.00823,-0.33841,-0.63473,1.28236,0.26849
20.38,0.03427,0.02376,-0.01137,-0.07964,-0.16293,-0.03457,0.23326,-0.06924,0.13573,0.22634,0.16433,-0,-0.07561,0.12861,-0.21679,-0.35342,0.15167,-0.04209,-0.02155,0.09333,-0.25301,0.21511,-0.43338,-0.04631,0.04643,0.02372,0.1793,0.03683,-0.05541,-0.0976,0.05633,0.01266,0.00873,-0.00242,-0.00576,-0.00476,-0.26761,-0.7963,1.30095,0.32123
20.4,0.03438,0.02375,-0.01263,-0.07211,-0.13961,-0.03835,0.20686,-0.06575,0.12747,0.18041,0.16943,-0,-0.09133,0.14368,-0.22715,-0.34136,0.17238,-0.05476,-0.06579,0.06804,-0.24944,0.22913,-0.41576,0.01817,0.03129,0.0349,0.15985,0.01954,-0.0438,-0.09972,0.0511,0.0134,0.00893,-0.00119,6e-05,-0.00214,-0.20154,-0.95904,1.27576,0.36578
20.42,0.03422,0.02379,-0.0133,-0.06314,-0.11346,-0.04307,0.1753,-0.06092,0.11357,0.13085,0.16941,-0,-0.10349,0.15388,-0.22628,-0.32432,0.16775,-0.04084,-0.10676,0.04179,-0.23197,0.23121,-0.38087,0.06521,0.02175,0.0426,0.13428,0.00343,-0.04514,-0.09929,0.04634,0.0139,0.00901,-0.00031,0.00713,-0.0003,-0.14012,-1.11107,1.21323,0.39719
20.44,0.03365,0.02373,-0.01338,-0.05184,-0.08619,-0.04937,0.13948,-0.05417,0.09342,0.08091,0.16418,-0,-0.11133,0.15788,-0.2149,-0.302,0.14542,-0.01308,-0.14747,0.01824,-0.20185,0.21919,-0.32992,0.10469,0.01315,0.04926,0.10546,-0.01058,-0.05408,-0.09645,0.04203,0.01391,0.00883,0.00028,0.01376,0.00091,-0.08333,-1.24117,1.1208,0.4118
20.46,0.03253,0.02343,-0.01296,-0.0378,-0.05925,-0.05747,0.1004,-0.04529,0.06723,0.03303,0.15403,-0,-0.11452,0.1549,-0.19428,-0.27437,0.1117,0.01866,-0.18918,0.00027,-0.16069,0.192,-0.26545,0.14294,0.00263,0.05642,0.07576,-0.02199,-0.06625,-0.09148,0.03809,0.01328,0.00833,0.00063,0.0189,0.00162,-0.03143,-1.33995,1.00591,0.40822
20.48,0.03081,0.02282,-0.01219,-0.02126,-0.03398,-0.06705,0.05947,-0.03447,0.03627,-0.01097,0.13972,-0,-0.11312,0.14485,-0.16634,-0.24185,0.07205,0.04769,-0.23079,-0.01001,-0.11061,0.14993,-0.19183,0.1816,-0.01049,0.06456,0.04719,-0.03072,-0.07844,-0.08477,0.03447,0.01202,0.00751,0.00081,0.02217,0.00194,0.01472,-1.39931,0.87641,0.38761
20.5,0.02847,0.02185,-0.01126,-0.00315,-0.01176,-0.07728,0.01865,-0.02239,0.00285,-0.04947,0.12246,-0,-0.10754,0.1282,-0.13373,-0.20544,0.03115,0.07007,-0.26886,-0.01117,-0.0545,0.09472,-0.11541,0.21785,-0.02484,0.07304,0.02158,-0.03697,-0.08838,-0.07685,0.03116,0.01029,0.00646,0.00086,0.02382,0.00199,0.0533,-1.41187,0.74114,0.35332
20.52,0.02556,0.02052,-0.0104,0.01524,0.00608,-0.08705,-0.01977,-0.00996,-0.03013,-0.08116,0.10369,-0,-0.09841,0.10591,-0.09939,-0.16645,-0.0071,0.08409,-0.29867,-0.00255,0.00431,0.02925,-0.04322,0.24623,-0.03797,0.08047,0.00046,-0.04106,-0.09464,-0.06828,0.0282,0.0083,0.00529,0.00082,0.02441,0.00186,0.08211,-1.37183,0.60891,0.30995
20.54,0.02215,0.01885,-0.0098,0.03275,0.01871,-0.09538,-0.05391,0.00199,-0.06011,-0.10531,0.08462,-0,-0.08649,0.07925,-0.06596,-0.12604,-0.03992,0.08955,-0.31607,0.01542,0.06263,-0.04291,0.0191,0.26153,-0.04762,0.08515,-0.0152,-0.04334,-0.0963,-0.05948,0.02558,0.00622,0.0041,0.00073,0.02456,0.00163,0.09963,-1.27707,0.48662,0.26184
20.56,0.01831,0.01691,-0.00958,0.04868,0.02589,-0.10164,-0.08256,0.0129,-0.08538,-0.12195,0.06606,-0,-0.07267,0.04973,-0.03546,-0.08498,-0.06573,0.08737,-0.31868,0.0409,0.11763,-0.11763,0.06859,0.26073,-0.05268,0.08537,-0.02517,-0.04405,-0.09287,-0.05068,0.02328,0.00418,0.00294,0.00062,0.02472,0.00135,0.1057,-1.13096,0.37825,0.21236
20.58,0.01419,0.01481,-0.00974,0.0627,0.02806,-0.1056,-0.10508,0.02249,-0.10496,-0.13175,0.04847,-0,-0.05801,0.01939,-0.00943,-0.04394,-0.08396,0.07944,-0.30616,0.07044,0.16648,-0.18964,0.1049,0.24346,-0.05337,0.07945,-0.0299,-0.04329,-0.08422,-0.04194,0.02126,0.00221,0.00185,0.00049,0.0251,0.00106,0.10163,-0.94383,0.28553,0.164
20.6,0.00999,0.01269,-0.01025,0.07469,0.02615,-0.10731,-0.12111,0.03057,-0.11842,-0.13581,0.03215,0,-0.04383,-0.0092,0.01084,-0.00376,-0.09477,0.06843,-0.27995,0.09904,0.206,-0.25223,0.12959,0.21173,-0.05101,0.06587,-0.03037,-0.04108,-0.07059,-0.03328,0.01947,0.00027,0.0008,0.00037,0.02571,0.00079,0.08993,-0.73283,0.2089,0.11879
20.62,0.00595,0.01074,-0.01098,0.0847,0.02134,-0.10699,-0.13056,0.03709,-0.12564,-0.13539,0.01728,0,-0.03145,-0.03328,0.02441,0.03454,-0.09881,0.05724,-0.24264,0.12112,0.23304,-0.29836,0.14536,0.16898,-0.04751,0.04365,-0.0278,-0.03739,-0.05257,-0.02465,0.01787,-0.00167,-0.00022,0.00027,0.02639,0.00056,0.07374,-0.5183,0.14795,0.0784
20.64,0.00225,0.00908,-0.01183,0.09281,0.01481,-0.1049,-0.1337,0.04206,-0.1268,-0.13169,0.00386,0,-0.0218,-0.05077,0.03102,0.07003,-0.09701,0.04812,-0.19718,0.13203,0.24537,-0.32248,0.15504,0.11885,-0.04462,0.01293,-0.02338,-0.03235,-0.03103,-0.01607,0.01641,-0.00365,-0.00124,0.00018,0.02691,0.00036,0.05594,-0.31774,0.10154,0.04396
20.66,-0.001,0.00773,-0.01267,0.09913,0.00753,-0.10124,-0.13121,0.04557,-0.1223,-0.12568,-0.00819,-0,-0.01522,-0.06072,0.03127,0.10187,-0.0905,0.04208,-0.14645,0.12909,0.24226,-0.32189,0.16103,0.06451,-0.04343,-0.02444,-0.01807,-0.02631,-0.00722,-0.00764,0.01504,-0.00564,-0.00224,0.0001,0.02705,0.0002,0.03873,-0.14237,0.06792,0.0161
20.68,-0.00378,0.00665,-0.01337,0.10367,0.0003,-0.09615,-0.12421,0.04774,-0.11276,-0.11809,-0.019,-0,-0.01141,-0.06336,0.02669,0.12912,-0.08061,0.03885,-0.09355,0.11183,0.22458,-0.29694,0.16501,0.0089,-0.04426,-0.0645,-0.01256,-0.01999,0.01709,0.00039,0.01369,-0.00757,-0.00319,5e-05,0.02658,9e-05,0.02357,0.00231,0.04508,-0.00483
20.7,-0.0061,0.00571,-0.0138,0.10635,-0.00621,-0.08974,-0.11423,0.04867,-0.09901,-0.10947,-0.0286,-0,-0.00959,-0.05987,0.01955,0.15052,-0.06882,0.03702,-0.04198,0.08178,0.19466,-0.25072,0.16795,-0.04497,-0.04676,-0.10132,-0.00736,-0.01437,0.03953,0.00755,0.01231,-0.00925,-0.00401,1e-05,0.02528,1e-05,0.01137,0.11481,0.03108,-0.01854
20.72,-0.00799,0.00476,-0.01385,0.10699,-0.01144,-0.08207,-0.10292,0.04844,-0.08196,-0.10024,-0.03696,-0,-0.00869,-0.05205,0.01243,0.16471,-0.05657,0.0346,0.00484,0.04192,0.15573,-0.18821,0.17015,-0.09411,-0.05012,-0.12835,-0.00282,-0.01054,0.05759,0.01329,0.01089,-0.01051,-0.00462,-1e-05,0.02302,-5e-05,0.00261,0.19623,0.02417,-0.0249
20.74,-0.00951,0.00364,-0.01343,0.10537,-0.01501,-0.07315,-0.09172,0.04712,-0.06235,-0.09067,-0.04402,-0,-0.0077,-0.04173,0.00749,0.17071,-0.04487,0.02976,0.04471,-0.00417,0.11128,-0.11508,0.17147,-0.13609,-0.05342,-0.14072,0.00089,-0.00923,0.0695,0.01717,0.00937,-0.01117,-0.00495,-3e-05,0.0198,-8e-05,-0.00265,0.24931,0.02279,-0.02423
20.76,-0.01071,0.00224,-0.0125,0.10131,-0.01666,-0.06295,-0.08169,0.04471,-0.04075,-0.081,-0.04974,-0,-0.00586,-0.03058,0.00603,0.16832,-0.03418,0.02128,0.07721,-0.05269,0.06471,-0.03718,0.17143,-0.16925,-0.05589,-0.1367,0.00367,-0.01059,0.07471,0.01899,0.00773,-0.01117,-0.00496,-4e-05,0.0159,-9e-05,-0.00464,0.27762,0.02553,-0.01754
20.78,-0.01164,0.00051,-0.01109,0.0947,-0.01631,-0.05144,-0.07348,0.04123,-0.0176,-0.07148,-0.05404,-0,-0.00272,-0.02005,0.00841,0.15812,-0.02435,0.00884,0.1036,-0.09938,0.01956,0.03901,0.1692,-0.19246,-0.05691,-0.11811,0.00553,-0.01412,0.07398,0.01882,0.00595,-0.01057,-0.00469,-4e-05,0.01185,-9e-05,-0.00393,0.28507,0.0311,-0.00661
20.8,-0.01235,-0.00157,-0.00927,0.08551,-0.01398,-0.03872,-0.06748,0.03669,0.00651,-0.06245,-0.05676,-0,0.00187,-0.01146,0.01413,0.14147,-0.01484,-0.0071,0.12633,-0.13929,-0.0202,0.1061,0.16373,-0.20488,-0.056,-0.08986,0.00655,-0.01871,0.06918,0.01694,0.00404,-0.00947,-0.00421,-4e-05,0.00847,-9e-05,-0.0013,0.27553,0.03836,0.00611
20.82,-0.01284,-0.00393,-0.00717,0.07387,-0.00977,-0.025,-0.06383,0.03112,0.03093,-0.0543,-0.05774,-0,0.00773,-0.00587,0.02213,0.12016,-0.00493,-0.02548,0.14809,-0.16753,-0.05074,0.15677,0.15395,-0.20603,-0.05289,-0.05845,0.00678,-0.02303,0.06271,0.01376,0.00201,-0.00806,-0.0036,-3e-05,0.00663,-8e-05,0.00238,0.25255,0.04638,0.01798
20.84,-0.01311,-0.00648,-0.0049,0.06003,-0.0039,-0.01053,-0.06239,0.02457,0.05497,-0.04736,-0.05685,-0,0.01445,-0.0039,0.03117,0.09612,0.00594,-0.04505,0.17068,-0.18053,-0.06933,0.18567,0.13927,-0.19614,-0.04766,-0.02972,0.00628,-0.02589,0.05671,0.00974,-7e-05,-0.00651,-0.00295,-3e-05,0.00699,-6e-05,0.00638,0.21905,0.05451,0.02691
20.86,-0.01315,-0.0091,-0.00255,0.0445,0.00337,0.00434,-0.06277,0.01716,0.07787,-0.04185,-0.05414,-0,0.02138,-0.00559,0.04008,0.07124,0.01794,-0.06458,0.19417,-0.17688,-0.07497,0.19068,0.11987,-0.17648,-0.04078,-0.00752,0.00503,-0.02663,0.05256,0.00535,-0.00216,-0.00496,-0.00233,-2e-05,0.00977,-5e-05,0.01018,0.17738,0.06243,0.0318
20.88,-0.01292,-0.01161,-0.00019,0.02815,0.01161,0.01905,-0.06429,0.00913,0.09865,-0.03788,-0.04983,-0,0.02756,-0.01034,0.04772,0.04749,0.03071,-0.08276,0.21642,-0.15754,-0.0685,0.17308,0.09698,-0.1495,-0.03321,0.00655,0.00294,-0.02514,0.05079,0.00106,-0.00416,-0.00352,-0.00178,-2e-05,0.01469,-4e-05,0.01352,0.12957,0.07011,0.03266
20.9,-0.01237,-0.01379,0.00209,0.01226,0.02023,0.03277,-0.06606,0.00088,0.11597,-0.03558,-0.04433,-0,0.03172,-0.01699,0.05298,0.02705,0.04325,-0.09806,0.23331,-0.12562,-0.05233,0.13715,0.0728,-0.11879,-0.02637,0.01273,-7e-05,-0.02181,0.05118,-0.00265,-0.00595,-0.00226,-0.00132,-1e-05,0.021,-3e-05,0.01633,0.07761,0.07768,0.0304
20.92,-0.01146,-0.01539,0.00421,-0.00176,0.02859,0.04459,-0.06716,-0.00711,0.12836,-0.03497,-0.03811,-0,0.03258,-0.02413,0.0549,0.01199,0.05415,-0.1089,0.23978,-0.08558,-0.02989,0.08909,0.04999,-0.08833,-0.02175,0.01251,-0.00411,-0.01733,0.05304,-0.0053,-0.00736,-0.00126,-0.00097,-1e-05,0.0277,-2e-05,0.01865,0.02348,0.08535,0.02649
20.94,-0.01017,-0.01623,0.00611,-0.01279,0.03613,0.05384,-0.06683,-0.0144,0.13476,-0.03603,-0.03166,-0,0.02925,-0.03045,0.05283,0.00365,0.06179,-0.11395,0.23168,-0.04219,-0.00487,0.03554,0.03072,-0.06136,-0.02042,0.00788,-0.00916,-0.01242,0.0556,-0.0066,-0.0083,-0.00054,-0.00072,-0,0.03385,-1e-05,0.02057,-0.03103,0.09328,0.02238
20.96,-0.00855,-0.01628,0.00774,-0.02034,0.04251,0.06029,-0.06471,-0.02069,0.13481,-0.03857,-0.02535,-0,0.02152,-0.03504,0.04669,0.00229,0.06448,-0.11233,0.20702,8e-05,0.01917,-0.01722,0.01618,-0.03967,-0.02259,0.00087,-0.01505,-0.00765,0.05825,-0.00651,-0.00874,-0.00012,-0.00058,0,0.03875,-0,0.02213,-0.08424,0.10144,0.01913
20.98,-0.00672,-0.01561,0.00909,-0.02452,0.04756,0.06415,-0.06084,-0.02579,0.12889,-0.04226,-0.01951,-0,0.00996,-0.0374,0.03697,0.00699,0.06055,-0.10366,0.16643,0.03684,0.03871,-0.0631,0.00648,-0.02362,-0.02755,-0.00653,-0.02137,-0.00342,0.06061,-0.00523,-0.00872,3e-05,-0.00052,0,0.04194,1e-05,0.02333,-0.13415,0.10955,0.01741
21,-0.00485,-0.01446,0.01015,-0.02592,0.05123,0.06597,-0.05567,-0.0295,0.11807,-0.04661,-0.01447,-0,-0.00404,-0.03738,0.02476,0.01582,0.04825,-0.08802,0.11309,0.06364,0.05026,-0.09597,0.00094,-0.01244,-0.03376,-0.01243,-0.0275,-6e-05,0.06246,-0.00322,-0.00834,-3e-05,-0.00054,1e-05,0.04319,1e-05,0.02408,-0.17816,0.11706,0.01746
21.02,-0.00317,-0.01308,0.01088,-0.0254,0.05354,0.06648,-0.04987,-0.03172,0.10378,-0.05107,-0.0105,-0,-0.01875,-0.03507,0.01143,0.02634,0.02586,-0.06591,0.05185,0.07661,0.05088,-0.11055,-0.00163,-0.00471,-0.03933,-0.01518,-0.03269,0.00227,0.06375,-0.00103,-0.00776,-0.00025,-0.0006,1e-05,0.04239,2e-05,0.02429,-0.2136,0.1233,0.01926
21.04,-0.00184,-0.01173,0.01131,-0.02381,0.05458,0.0663,-0.04406,-0.03237,0.08736,-0.05518,-0.00778,-0,-0.03255,-0.03073,-0.0017,0.03627,-0.00808,-0.03814,-0.01208,0.07358,0.03906,-0.10393,-0.00248,0.00102,-0.04261,-0.01376,-0.03637,0.0035,0.06449,0.00085,-0.00708,-0.00058,-0.00069,1e-05,0.03965,3e-05,0.02392,-0.23866,0.12782,0.02259
21.06,-0.00096,-0.01056,0.01145,-0.02178,0.05451,0.0659,-0.03869,-0.03148,0.06991,-0.05867,-0.00632,-0,-0.04428,-0.0247,-0.0136,0.04396,-0.05456,-0.00592,-0.07375,0.05492,0.01544,-0.07672,-0.00266,0.00588,-0.04272,-0.00806,-0.03822,0.00377,0.06478,0.00208,-0.0064,-0.00096,-0.00081,2e-05,0.03517,4e-05,0.02301,-0.25309,0.13051,0.02706
21.08,-0.00051,-0.00966,0.01137,-0.01974,0.05354,0.06548,-0.03402,-0.0292,0.05228,-0.06142,-0.006,-0,-0.05327,-0.01744,-0.02351,0.0484,-0.11372,0.02891,-0.12822,0.02387,-0.01687,-0.03346,-0.00298,0.01045,-0.03955,0.00108,-0.03826,0.00332,0.06476,0.00252,-0.00575,-0.00138,-0.00094,2e-05,0.02941,5e-05,0.02175,-0.25817,0.13169,0.03216
21.1,-0.00041,-0.00903,0.01113,-0.01793,0.05192,0.06501,-0.03018,-0.02573,0.03525,-0.06345,-0.00658,-0,-0.05917,-0.00956,-0.03082,0.04912,-0.18446,0.06377,-0.17021,-0.0138,-0.0525,0.01777,-0.00394,0.01485,-0.03378,0.01191,-0.03674,0.00258,0.06461,0.00219,-0.00512,-0.00181,-0.00108,3e-05,0.02296,6e-05,0.02044,-0.25641,0.13199,0.0372
21.12,-0.00056,-0.00863,0.01081,-0.01644,0.04989,0.06436,-0.02722,-0.02133,0.0195,-0.06479,-0.00785,-0,-0.06188,-0.00171,-0.03508,0.04612,-0.26437,0.09571,-0.19491,-0.05118,-0.08515,0.06737,-0.00582,0.0189,-0.02652,0.02231,-0.03409,0.00193,0.06444,0.00121,-0.0045,-0.00223,-0.00123,3e-05,0.01652,6e-05,0.01941,-0.25087,0.13205,0.04145
21.14,-0.00081,-0.00839,0.01049,-0.01529,0.04763,0.06336,-0.02506,-0.01624,0.00546,-0.06543,-0.00982,-0,-0.06153,0.00551,-0.03606,0.03973,-0.34963,0.12213,-0.19938,-0.08246,-0.10963,0.10725,-0.00866,0.02245,-0.01899,0.03048,-0.03074,0.00165,0.06422,-0.00024,-0.00388,-0.00262,-0.00137,3e-05,0.01068,7e-05,0.019,-0.24426,0.13215,0.04435
21.16,-0.00109,-0.00823,0.01019,-0.0145,0.04523,0.06191,-0.02356,-0.01064,-0.00665,-0.06523,-0.01278,-0,-0.05843,0.01171,-0.03382,0.03053,-0.43472,0.14125,-0.18357,-0.10429,-0.12314,0.1328,-0.01232,0.02555,-0.01227,0.03542,-0.02707,0.00176,0.06363,-0.00194,-0.00328,-0.00293,-0.00148,3e-05,0.00584,6e-05,0.01948,-0.23842,0.13195,0.04563
21.18,-0.00134,-0.00805,0.00993,-0.01408,0.04267,0.06001,-0.02254,-0.00469,-0.01678,-0.0639,-0.01735,-0,-0.05309,0.01661,-0.02873,0.01945,-0.51164,0.15199,-0.15061,-0.11593,-0.1255,0.14313,-0.01639,0.02853,-0.00728,0.03701,-0.0234,0.002,0.06212,-0.00364,-0.00274,-0.00309,-0.00154,2e-05,0.00218,5e-05,0.02101,-0.23416,0.13042,0.04531
21.2,-0.00152,-0.00776,0.00969,-0.01406,0.03987,0.05775,-0.02174,0.00144,-0.02494,-0.06101,-0.02443,-0,-0.04619,0.02003,-0.02143,0.00776,-0.56983,0.15382,-0.10652,-0.11883,-0.11874,0.14052,-0.02025,0.03191,-0.00483,0.03586,-0.02003,0.00189,0.0589,-0.00508,-0.00234,-0.00302,-0.00149,1e-05,-0.00022,3e-05,0.02369,-0.23139,0.12591,0.04368
21.22,-0.00163,-0.00729,0.00945,-0.01444,0.03672,0.05526,-0.02092,0.00762,-0.0312,-0.05602,-0.03514,-0,-0.03847,0.02186,-0.01281,-0.00322,-0.598,0.14666,-0.05854,-0.1156,-0.10613,0.12909,-0.02316,0.03623,-0.00555,0.03303,-0.01716,0.00083,0.05315,-0.00598,-0.00217,-0.00263,-0.00129,-1e-05,-0.00141,-1e-05,0.02745,-0.22934,0.11666,0.04117
21.24,-0.00166,-0.00658,0.00918,-0.01519,0.03305,0.05264,-0.01989,0.01384,-0.0357,-0.0483,-0.05069,-0,-0.03051,0.02213,-0.00385,-0.01246,-0.58743,0.13091,-0.01294,-0.10878,-0.09088,0.11311,-0.02442,0.04182,-0.00969,0.02955,-0.01491,-0.00165,0.04426,-0.00616,-0.00233,-0.00187,-0.0009,-4e-05,-0.0015,-7e-05,0.03205,-0.22685,0.10143,0.03813
21.26,-0.00162,-0.00561,0.00884,-0.01616,0.02875,0.04986,-0.01849,0.02026,-0.03874,-0.03724,-0.07229,-0,-0.0226,0.02106,0.00437,-0.01946,-0.53433,0.10752,0.02648,-0.09995,-0.07525,0.09592,-0.02352,0.04864,-0.01705,0.02616,-0.01321,-0.00572,0.03206,-0.00555,-0.00285,-0.00072,-0.00033,-8e-05,-0.00064,-0.00015,0.03702,-0.22255,0.08,0.03477
21.28,-0.00152,-0.00442,0.00841,-0.01713,0.02371,0.04682,-0.01668,0.02717,-0.04071,-0.0223,-0.10095,-0,-0.01484,0.01899,0.01064,-0.0243,-0.44068,0.07819,0.05838,-0.08957,-0.06049,0.07976,-0.02015,0.05618,-0.02684,0.02329,-0.01184,-0.01125,0.01697,-0.00423,-0.00372,0.00077,0.00042,-0.00014,0.00096,-0.00027,0.04157,-0.21492,0.05346,0.03113
21.3,-0.00137,-0.00307,0.00788,-0.01774,0.01791,0.04334,-0.0145,0.03493,-0.04205,-0.00308,-0.13732,-0,-0.00714,0.01647,0.01354,-0.02747,-0.31396,0.04544,0.08338,-0.07713,-0.04701,0.06594,-0.01415,0.06344,-0.03772,0.02106,-0.01045,-0.01776,-3e-05,-0.00239,-0.0049,0.00249,0.00127,-0.0002,0.00305,-0.00041,0.04465,-0.20243,0.02419,0.02713
21.32,-0.00117,-0.00169,0.00725,-0.01762,0.01139,0.03922,-0.01201,0.04388,-0.04322,0.02071,-0.18165,-0,0.00078,0.01404,0.01151,-0.02964,-0.16515,0.01229,0.10317,-0.06129,-0.0345,0.05505,-0.00542,0.06895,-0.04799,0.01935,-0.00867,-0.02457,-0.0176,-0.00029,-0.00631,0.00429,0.00217,-0.00028,0.00536,-0.00058,0.0451,-0.18369,-0.0047,0.02269
21.34,-0.00094,-0.00034,0.0065,-0.01637,0.00417,0.03426,-0.00922,0.05432,-0.04454,0.04931,-0.23372,-0,0.00939,0.01219,0.00297,-0.03135,-0.00576,-0.01822,0.11954,-0.04011,-0.02215,0.0471,0.00632,0.0709,-0.05584,0.01787,-0.00616,-0.03105,-0.03447,0.00186,-0.0079,0.00603,0.00302,-0.00037,0.00762,-0.00077,0.04192,-0.15782,-0.03036,0.01783
21.36,-0.00068,0.00092,0.00565,-0.01363,-0.00372,0.02829,-0.00604,0.06635,-0.0462,0.08284,-0.29268,-0,0.01942,0.01117,-0.01355,-0.03281,0.15367,-0.04327,0.1336,-0.0113,-0.00875,0.04171,0.02156,0.06719,-0.05954,0.01618,-0.00269,-0.03667,-0.04966,0.00395,-0.00962,0.0076,0.00378,-0.00046,0.0096,-0.00098,0.03456,-0.1247,-0.05072,0.01279
21.38,-0.00039,0.00208,0.00469,-0.00914,-0.01216,0.02122,-0.0023,0.07982,-0.04818,0.12108,-0.35651,-0,0.03174,0.01103,-0.0393,-0.0338,0.30275,-0.06016,0.14549,0.02754,0.00713,0.03815,0.04098,0.05549,-0.05747,0.01372,0.00178,-0.04108,-0.06241,0.00597,-0.01145,0.00893,0.00439,-0.00055,0.01107,-0.00117,0.02294,-0.08535,-0.06448,0.0081
21.4,-0.0001,0.00316,0.00366,-0.00271,-0.02097,0.01308,0.00222,0.09427,-0.05028,0.16327,-0.384,-0,0.0473,0.01162,-0.07517,-0.03373,0.43035,-0.06619,0.1544,0.07872,0.02702,0.03549,0.06524,0.03334,-0.04812,0.00987,0.00713,-0.044,-0.07208,0.00797,-0.01338,0.00994,0.0048,-0.00061,0.01181,-0.00133,0.00752,-0.04196,-0.0709,0.00457
21.42,0.00021,0.0042,0.00258,0.00571,-0.02991,0.00401,0.00784,0.10901,-0.05215,0.20829,-0.384,-0,0.06704,0.01268,-0.12168,-0.03186,0.52603,-0.05927,0.15898,0.14436,0.05224,0.03278,0.09482,-0.00126,-0.03048,0.00405,0.01312,-0.0452,-0.07816,0.01008,-0.01539,0.01059,0.00497,-0.00063,0.01165,-0.00141,-0.01083,0.0026,-0.06976,0.00309
21.44,0.00051,0.00522,0.00147,0.01609,-0.03877,-0.00585,0.01493,0.12336,-0.05337,0.25506,-0.384,-0,0.09183,0.01395,-0.17886,-0.02762,0.5828,-0.03889,0.15819,0.22638,0.08359,0.02936,0.12976,-0.04902,-0.00455,-0.00407,0.01951,-0.04457,-0.08046,0.01239,-0.01747,0.01083,0.00488,-0.00059,0.01057,-0.00137,-0.03097,0.04564,-0.06134,0.00437
21.46,0.0008,0.00627,0.00031,0.0282,-0.04747,-0.01637,0.02396,0.13677,-0.05347,0.30265,-0.384,-0,0.12229,0.01518,-0.24605,-0.02085,0.59905,-0.00686,0.15171,0.32614,0.12099,0.02504,0.16935,-0.1086,0.02813,-0.01446,0.02612,-0.04209,-0.07914,0.01499,-0.01959,0.01066,0.00453,-0.00044,0.0087,-0.00112,-0.05155,0.08519,-0.04651,0.0087
21.48,0.00108,0.00737,-0.00094,0.04155,-0.05596,-0.02734,0.03537,0.14872,-0.05198,0.34998,-0.384,-0,0.15861,0.0162,-0.32131,-0.01192,0.57874,0.03222,0.14021,0.44369,0.1631,0.02023,0.21177,-0.17598,0.06416,-0.02657,0.03277,-0.03785,-0.07478,0.01789,-0.0217,0.01011,0.00395,-0.00016,0.00642,-0.00059,-0.07082,0.11972,-0.02684,0.0159
21.5,0.00136,0.00851,-0.0023,0.05535,-0.06415,-0.03841,0.04954,0.15863,-0.04842,0.39548,-0.384,-0,0.20033,0.01687,-0.40119,-0.00168,0.5305,0.07119,0.12521,0.57716,0.20726,0.01586,0.25402,-0.24448,0.09832,-0.03935,0.03924,-0.03209,-0.06831,0.02105,-0.02375,0.00923,0.0032,0.00029,0.0043,0.0003,-0.08654,0.14797,-0.00465,0.02528
21.52,0.00161,0.0097,-0.0038,0.06857,-0.07186,-0.04909,0.06661,0.16584,-0.04233,0.43729,-0.384,-0,0.24649,0.01724,-0.48135,0.00872,0.46537,0.10185,0.10866,0.72313,0.25002,0.01323,0.29256,-0.30608,0.1245,-0.05154,0.04519,-0.02508,-0.0608,0.02442,-0.02564,0.0081,0.00234,0.00097,0.00301,0.00166,-0.09603,0.16931,0.01696,0.0356
21.54,0.00183,0.01089,-0.00542,0.08022,-0.07872,-0.05889,0.08639,0.16969,-0.03342,0.47374,-0.384,-0,0.296,0.01761,-0.55786,0.01817,0.39358,0.1173,0.09229,0.87755,0.28814,0.01361,0.32444,-0.35386,0.1373,-0.06202,0.05008,-0.01708,-0.0532,0.02801,-0.02732,0.00678,0.00145,0.0019,0.00317,0.00357,-0.09644,0.18444,0.0342,0.04502
21.56,0.00197,0.01203,-0.0071,0.08947,-0.08412,-0.06732,0.10815,0.16959,-0.02159,0.5036,-0.384,-0,0.34766,0.01863,-0.62783,0.02579,0.3227,0.11356,0.07724,1.03581,0.31919,0.0181,0.34806,-0.38338,0.13312,-0.07014,0.05317,-0.00829,-0.04612,0.03192,-0.02879,0.00536,0.00057,0.00311,0.00522,0.00609,-0.0849,0.19588,0.0426,0.05104
21.58,0.002,0.01307,-0.00866,0.09555,-0.08714,-0.07379,0.13042,0.16495,-0.00713,0.52584,-0.384,-0,0.3998,0.02137,-0.68903,0.03095,0.25769,0.0899,0.06407,1.19157,0.34138,0.02746,0.36312,-0.39282,0.11034,-0.07568,0.05342,0.00109,-0.03989,0.0364,-0.03009,0.00391,-0.00024,0.00462,0.00941,0.00927,-0.0586,0.20801,0.03687,0.05046
21.6,0.00186,0.01389,-0.00987,0.09775,-0.08661,-0.07764,0.15097,0.15527,0.00933,0.53949,-0.384,-0,0.45,0.0272,-0.73936,0.03318,0.20152,0.04853,0.05291,1.33601,0.35335,0.04217,0.37026,-0.3825,0.06925,-0.07873,0.04956,0.01081,-0.03462,0.04169,-0.03129,0.00254,-0.00096,0.00638,0.01573,0.01306,-0.01483,0.22671,0.011,0.03938
21.62,0.00147,0.01436,-0.01047,0.09545,-0.08131,-0.0782,0.16738,0.14009,0.027,0.54371,-0.37877,-0,0.49529,0.03764,-0.77697,0.0322,0.15563,-0.0065,0.04357,1.45919,0.35406,0.06235,0.37067,-0.35422,0.01163,-0.07958,0.04042,0.0206,-0.03019,0.04801,-0.03248,0.00135,-0.00154,0.00833,0.02386,0.01734,0.04914,0.25852,-0.0412,0.01371
21.64,0.00077,0.01434,-0.01022,0.08831,-0.07043,-0.075,0.17786,0.11919,0.0452,0.53819,-0.29551,-0,0.5328,0.05403,-0.80083,0.02801,0.12017,-0.07089,0.03568,1.55295,0.34295,0.08773,0.3655,-0.31049,-0.05973,-0.07849,0.02538,0.03019,-0.02634,0.05535,-0.03373,0.00043,-0.00196,0.01033,0.03293,0.02183,0.13618,0.3094,-0.12517,-0.03011
21.66,-0.00028,0.01369,-0.00898,0.07641,-0.05388,-0.06793,0.18188,0.09268,0.06361,0.52346,-0.21006,-0,0.56008,0.07729,-0.81108,0.02096,0.09422,-0.14089,0.02868,1.61264,0.32009,0.11754,0.35557,-0.25422,-0.14107,-0.07557,0.0048,0.0394,-0.02264,0.06343,-0.03508,-0.00018,-0.0022,0.01215,0.04148,0.02611,0.24909,0.38364,-0.24457,-0.09441
21.68,-0.00172,0.01225,-0.0067,0.06037,-0.03251,-0.05733,0.18027,0.06122,0.08209,0.50103,-0.12543,-0,0.57494,0.10769,-0.80898,0.01184,0.07612,-0.21301,0.02202,1.637,0.28636,0.15027,0.34137,-0.18903,-0.22712,-0.07082,-0.01974,0.048,-0.01855,0.07152,-0.03654,-0.00044,-0.00226,0.01347,0.04727,0.02951,0.38975,0.48318,-0.40027,-0.17966
21.7,-0.00353,0.00991,-0.00347,0.04134,-0.00807,-0.04395,0.17502,0.02616,0.1006,0.47332,-0.04491,-0,0.57522,0.1447,-0.79666,0.00183,0.06379,-0.28356,0.01513,1.62723,0.24344,0.18358,0.32308,-0.11946,-0.31084,-0.06411,-0.04549,0.05572,-0.01346,0.07851,-0.03806,-0.00035,-0.00215,0.01384,0.04741,0.0311,0.55834,0.60712,-0.58964,-0.2842
21.72,-0.00569,0.00657,0.00059,0.02071,0.01722,-0.02881,0.16884,-0.01081,0.11908,0.44297,0.0283,-0,0.55893,0.18717,-0.77655,-0.00777,0.05499,-0.34883,0.00755,1.58579,0.19351,0.21475,0.3007,-0.05027,-0.38461,-0.05528,-0.06914,0.06218,-0.00687,0.08306,-0.03956,8e-05,-0.00186,0.01269,0.03894,0.0297,0.75336,0.75194,-0.80666,-0.40441
21.74,-0.00808,0.00222,0.00527,-0.00027,0.04141,-0.01281,0.16458,-0.04825,0.13748,0.41189,0.0921,-0,0.5246,0.23353,-0.75069,-0.01591,0.04769,-0.40569,-0.00102,1.51501,0.1386,0.24155,0.27407,0.01468,-0.44237,-0.04427,-0.08782,0.06703,0.00148,0.08389,-0.04096,0.00084,-0.0014,0.00929,0.01975,0.02379,0.97194,0.91195,-1.0426,-0.5353
21.76,-0.01057,-0.00302,0.01037,-0.0208,0.06319,0.00334,0.16477,-0.08515,0.15571,0.38064,0.14599,-0,0.47171,0.28182,-0.72034,-0.02209,0.04025,-0.45184,-0.01066,1.41648,0.08044,0.26269,0.24304,0.0731,-0.48097,-0.03122,-0.09973,0.06996,0.01142,0.08001,-0.0422,0.00191,-0.00079,0.00284,-0.01072,0.0116,1.20933,1.07906,-1.28562,-0.67044
21.78,-0.01294,-0.00886,0.01561,-0.04036,0.08189,0.0191,0.17156,-0.12082,0.17345,0.34855,0.19071,-0,0.40109,0.32932,-0.68611,-0.02635,0.03159,-0.48549,-0.02109,1.29157,0.0208,0.27778,0.20774,0.12397,-0.50013,-0.01658,-0.1042,0.07064,0.02225,0.0708,-0.04322,0.00328,-3e-05,-0.00758,-0.05107,-0.00886,1.45701,1.24148,-1.5188,-0.80088
21.8,-0.01487,-0.01483,0.02065,-0.05858,0.0972,0.03395,0.18671,-0.15453,0.19008,0.31407,0.22767,-0,0.31515,0.37237,-0.64823,-0.02915,0.02114,-0.50499,-0.0317,1.14197,-0.03814,0.28712,0.16879,0.16695,-0.50182,-0.00119,-0.10144,0.06875,0.03275,0.05595,-0.04396,0.00492,0.00086,-0.02289,-0.09798,-0.03966,1.70163,1.38322,-1.71949,-0.91477
21.82,-0.01604,-0.0204,0.02508,-0.07522,0.10911,0.04743,0.21141,-0.18547,0.20485,0.27527,0.25835,-0,0.21719,0.4069,-0.60677,-0.03108,0.00887,-0.50886,-0.04165,0.96963,-0.09384,0.29155,0.12727,0.20221,-0.48923,0.01396,-0.0922,0.06388,0.04143,0.0353,-0.04435,0.00678,0.00185,-0.04396,-0.14709,-0.08282,1.92752,1.48697,-1.86351,-0.99941
21.84,-0.01624,-0.02514,0.02857,-0.09016,0.11783,0.0592,0.24602,-0.21293,0.21723,0.23043,0.28366,-0,0.11033,0.42961,-0.56188,-0.03254,-0.00495,-0.4962,-0.05017,0.77618,-0.14392,0.29242,0.08463,0.23032,-0.46562,0.02803,-0.07721,0.05551,0.04703,0.00856,-0.04429,0.0088,0.00292,-0.07155,-0.19432,-0.14001,2.12137,1.53908,-1.93259,-1.04512
21.86,-0.01545,-0.02887,0.0309,-0.10344,0.12373,0.06912,0.28978,-0.23622,0.22709,0.17862,0.30349,-0,-0.00286,0.43858,-0.51409,-0.03343,-0.0197,-0.467,-0.05667,0.5633,-0.1863,0.29152,0.04274,0.2522,-0.43355,0.04054,-0.05695,0.04298,0.04879,-0.02474,-0.04366,0.01092,0.00404,-0.10608,-0.23661,-0.21224,2.27501,1.53304,-1.91944,-1.04773
21.88,-0.01385,-0.03165,0.03196,-0.11512,0.12727,0.07716,0.34039,-0.25455,0.23473,0.12022,0.31639,-0,-0.11964,0.4334,-0.4647,-0.03313,-0.03437,-0.42241,-0.06077,0.33431,-0.21887,0.29112,0.00419,0.26888,-0.39492,0.05133,-0.0317,0.02562,0.04651,-0.06509,-0.04229,0.01304,0.00516,-0.14741,-0.27184,-0.2992,2.38472,1.47017,-1.82889,-1.00912
21.9,-0.01181,-0.03371,0.03171,-0.12517,0.12897,0.0833,0.39396,-0.26685,0.24067,0.05707,0.31968,-0,-0.23638,0.41494,-0.41607,-0.03057,-0.04753,-0.3648,-0.06219,0.09541,-0.23927,0.29384,-0.02749,0.2813,-0.35127,0.06039,-0.0017,0.0028,0.04049,-0.11269,-0.04001,0.01502,0.00623,-0.19469,-0.29843,-0.399,2.44976,1.35867,-1.67639,-0.93642
21.92,-0.00979,-0.03535,0.0302,-0.1335,0.1293,0.08751,0.44576,-0.27201,0.24563,-0.00808,0.3105,-0,-0.34915,0.38501,-0.37107,-0.02465,-0.05769,-0.29741,-0.06083,-0.14565,-0.24518,0.30237,-0.04854,0.29024,-0.30397,0.06783,0.03268,-0.02595,0.0314,-0.16741,-0.03663,0.01664,0.00715,-0.24687,-0.3154,-0.50874,2.47142,1.21092,-1.48327,-0.83973
21.94,-0.00821,-0.03679,0.02754,-0.14001,0.12877,0.08974,0.49157,-0.26935,0.25036,-0.07277,0.28735,-0,-0.45496,0.346,-0.33212,-0.01491,-0.06389,-0.22384,-0.05683,-0.38235,-0.23509,0.31894,-0.05607,0.29634,-0.25443,0.07377,0.07088,-0.06086,0.02012,-0.2288,-0.03198,0.01766,0.0078,-0.30349,-0.32256,-0.62572,2.45271,1.03952,-1.27002,-0.72899
21.96,-0.00736,-0.03812,0.02394,-0.14459,0.12784,0.08991,0.52847,-0.25894,0.25562,-0.13531,0.25142,-0,-0.55237,0.30071,-0.3007,-0.00194,-0.06613,-0.14786,-0.05062,-0.61055,-0.20886,0.34496,-0.04891,0.30013,-0.20442,0.07834,0.11189,-0.10174,0.00773,-0.29585,-0.02597,0.01774,0.00804,-0.36508,-0.32073,-0.74784,2.3983,0.85535,-1.05247,-0.61227
21.98,-0.0074,-0.0392,0.01973,-0.14716,0.12695,0.08793,0.55466,-0.24174,0.26205,-0.19453,0.20705,-0,-0.64084,0.25274,-0.27743,0.01232,-0.0654,-0.074,-0.04301,-0.82704,-0.168,0.38074,-0.02777,0.30193,-0.15651,0.08158,0.15388,-0.14764,-0.0045,-0.36649,-0.0186,0.01647,0.00766,-0.4328,-0.31174,-0.87279,2.31477,0.66837,-0.84246,-0.49616
22,-0.00834,-0.03975,0.01534,-0.14755,0.12653,0.08364,0.56923,-0.21957,0.27015,-0.24926,0.16154,-0,-0.72,0.20655,-0.26238,0.02478,-0.06354,-0.00786,-0.03512,-1.02793,-0.11566,0.42546,0.00493,0.3019,-0.11428,0.0834,0.19411,-0.19666,-0.01497,-0.43725,-0.01002,0.01338,0.00644,-0.50795,-0.29827,-0.9973,2.21052,0.48874,-0.64945,-0.38658
22.02,-0.0101,-0.03937,0.01125,-0.14561,0.12692,0.07693,0.57196,-0.19459,0.28027,-0.29841,0.12341,-0,-0.78947,0.16684,-0.25518,0.03191,-0.06261,0.04481,-0.02819,-1.2092,-0.05593,0.47776,0.04587,0.29992,-0.0816,0.08365,0.2294,-0.24632,-0.02192,-0.50393,-0.00047,0.008,0.00415,-0.5917,-0.28327,-1.11752,2.09443,0.32597,-0.48068,-0.28857
22.04,-0.0125,-0.03771,0.00782,-0.14131,0.12823,0.0677,0.56347,-0.16866,0.29251,-0.34142,0.09967,-0,-0.84927,0.1374,-0.25498,0.03092,-0.06403,0.07987,-0.02314,-1.36852,0.00723,0.53667,0.09199,0.29563,-0.06135,0.08219,0.25717,-0.29436,-0.0236,-0.56293,0.00984,-7e-05,0.00059,-0.68504,-0.26913,-1.23029,1.97365,0.18673,-0.34022,-0.2054
22.06,-0.01532,-0.03459,0.00521,-0.13479,0.1303,0.056,0.54528,-0.14289,0.30669,-0.3784,0.094,-0,-0.89985,0.12032,-0.26045,0.02059,-0.06801,0.09586,-0.02032,-1.50619,0.07047,0.60202,0.14103,0.28842,-0.05461,0.0789,0.27605,-0.33905,-0.01847,-0.61195,0.02075,-0.01105,-0.00436,-0.7884,-0.25719,-1.33358,1.85253,0.07379,-0.22872,-0.13818
22.08,-0.01824,-0.03004,0.00338,-0.12644,0.13265,0.04211,0.52001,-0.11779,0.32222,-0.40985,0.10646,-0,-0.94175,0.11603,-0.2697,0.00154,-0.07335,0.09414,-0.01947,-1.62417,0.13076,0.67408,0.19141,0.27747,-0.06049,0.07374,0.28587,-0.37893,-0.00522,-0.64977,0.03205,-0.02488,-0.01068,-0.90078,-0.24764,-1.42585,1.7333,-0.01334,-0.14426,-0.08633
22.1,-0.02085,-0.02425,0.00211,-0.11693,0.13448,0.02656,0.49128,-0.09349,0.33802,-0.4364,0.13384,-0,-0.97512,0.12357,-0.28038,-0.02394,-0.07764,0.0784,-0.01984,-1.72489,0.18488,0.75308,0.24178,0.26185,-0.07646,0.06678,0.28735,-0.41252,0.01713,-0.67578,0.04346,-0.04117,-0.01822,-1.01923,-0.2398,-1.5052,1.61696,-0.0772,-0.08353,-0.0483
22.12,-0.02271,-0.01757,0.00111,-0.10706,0.13489,0.01007,0.46305,-0.06989,0.35275,-0.45858,0.17108,-0,-0.99975,0.14104,-0.29003,-0.05259,-0.07799,0.05367,-0.02043,-1.81079,0.22959,0.83919,0.29089,0.24075,-0.0991,0.05817,0.28176,-0.43848,0.04903,-0.6899,0.05464,-0.05926,-0.02666,-1.13961,-0.23243,-1.56956,1.50359,-0.12145,-0.04259,-0.022
22.14,-0.02343,-0.01035,8e-05,-0.09753,0.13304,-0.00673,0.43865,-0.0468,0.36518,-0.47687,0.21304,-0,-1.01527,0.16612,-0.29664,-0.08125,-0.0722,0.02494,-0.02031,-1.88434,0.26213,0.93272,0.33762,0.21378,-0.12506,0.04811,0.27051,-0.45607,0.0901,-0.69258,0.06526,-0.07834,-0.03564,-1.25816,-0.22427,-1.61742,1.39203,-0.15011,-0.01737,-0.00518
22.16,-0.02279,-0.00289,-0.00125,-0.08887,0.12837,-0.02331,0.42014,-0.02405,0.37432,-0.49167,0.25556,-0,-1.02134,0.19634,-0.29898,-0.10754,-0.05957,-0.0036,-0.01893,-1.94794,0.28049,1.03395,0.38088,0.18127,-0.15169,0.03689,0.25489,-0.46544,0.1387,-0.68494,0.07507,-0.09745,-0.04471,-1.37222,-0.21435,-1.64818,1.28004,-0.16706,-0.00401,0.00438
22.18,-0.02068,0.00453,-0.00305,-0.08144,0.12069,-0.03924,0.40834,-0.00177,0.37947,-0.50308,0.29552,-0,-1.01756,0.22892,-0.29666,-0.12976,-0.04114,-0.02863,-0.0161,-2.00335,0.28329,1.14237,0.41918,0.14458,-0.177,0.02496,0.23614,-0.46762,0.19155,-0.66879,0.08383,-0.11537,-0.05326,-1.47948,-0.20219,-1.66198,1.16523,-0.17569,0.00088,0.00865
22.2,-0.01716,0.01156,-0.00542,-0.07553,0.11011,-0.054,0.40305,0.01955,0.38009,-0.51089,0.33038,-0,-1.00344,0.26063,-0.29004,-0.1467,-0.01963,-0.04742,-0.01206,-2.05119,0.2696,1.25603,0.4504,0.10618,-0.19942,0.01299,0.21553,-0.46426,0.24361,-0.64653,0.0912,-0.13051,-0.06051,-1.57722,-0.18779,-1.65932,1.04587,-0.17877,0.0001,0.00927
22.22,-0.01236,0.01787,-0.00839,-0.07138,0.09694,-0.06702,0.40337,0.03917,0.37584,-0.51458,0.35824,-0,-0.97841,0.28825,-0.27993,-0.15763,0.00124,-0.05796,-0.00733,-2.09103,0.23889,1.37191,0.47208,0.06918,-0.21785,0.00175,0.19427,-0.45714,0.2893,-0.62072,0.09677,-0.14121,-0.06566,-1.66249,-0.17119,-1.64049,0.92074,-0.17836,-0.00421,0.00757
22.24,-0.00646,0.02322,-0.01192,-0.06915,0.08149,-0.07786,0.40809,0.05643,0.36659,-0.51357,0.37792,-0,-0.94197,0.30924,-0.26712,-0.16243,0.01779,-0.05922,-0.00258,-2.12189,0.19116,1.48696,0.48202,0.03635,-0.23187,-0.00805,0.17339,-0.44743,0.32434,-0.59338,0.10006,-0.14621,-0.06809,-1.73297,-0.15205,-1.6051,0.78851,-0.17589,-0.01044,0.0045
22.26,0.00039,0.02748,-0.01595,-0.06897,0.06399,-0.08627,0.41583,0.07097,0.35254,-0.50731,0.384,-0,-0.89389,0.32218,-0.25224,-0.16166,0.02699,-0.05138,0.00144,-2.14248,0.12723,1.59833,0.47877,0.00968,-0.24178,-0.01593,0.15366,-0.4353,0.34695,-0.56572,0.10052,-0.14503,-0.06757,-1.78744,-0.12922,-1.55191,0.64775,-0.17223,-0.01748,0.00076
22.28,0.00796,0.03067,-0.02032,-0.07088,0.04468,-0.0921,0.42511,0.08262,0.33434,-0.49538,0.384,-0,-0.83464,0.32679,-0.23574,-0.15659,0.02656,-0.03588,0.00385,-2.15107,0.04923,1.70268,0.4617,-0.00958,-0.24857,-0.02154,0.13573,-0.41989,0.35801,-0.53815,0.09759,-0.138,-0.06429,-1.82536,-0.10088,-1.4791,0.49792,-0.1677,-0.02461,-0.00321
22.3,0.01596,0.03285,-0.02478,-0.0749,0.0239,-0.09525,0.4343,0.09131,0.31305,-0.47751,0.384,-0,-0.7656,0.32366,-0.21798,-0.14909,0.01482,-0.01529,0.00371,-2.14531,-0.03913,1.79543,0.43089,-0.02066,-0.25368,-0.02463,0.12034,-0.39949,0.36049,-0.51066,0.09064,-0.12617,-0.0588,-1.84644,-0.06488,-1.38479,0.34032,-0.16214,-0.03149,-0.0072
22.32,0.02404,0.03412,-0.02904,-0.08095,0.0021,-0.09569,0.44167,0.09699,0.28996,-0.45353,0.37693,-0,-0.68864,0.31385,-0.19929,-0.14128,-0.00947,0.00742,3e-05,-2.12245,-0.1331,1.87131,0.38698,-0.02327,-0.25861,-0.02506,0.10835,-0.3722,0.35834,-0.48301,0.07914,-0.11097,-0.05183,-1.85042,-0.01943,-1.26782,0.17776,-0.15506,-0.038,-0.01113
22.34,0.03187,0.03459,-0.03283,-0.08886,-0.02037,-0.09351,0.44558,0.09974,0.26604,-0.42331,0.36111,-0,-0.60545,0.29847,-0.17974,-0.13502,-0.04728,0.03002,-0.00799,-2.07966,-0.22803,1.92571,0.33085,-0.0177,-0.26429,-0.02281,0.10075,-0.33667,0.35506,-0.45503,0.06279,-0.09373,-0.04404,-1.83729,0.03593,-1.12864,0.01342,-0.14578,-0.04416,-0.01503
22.36,0.03918,0.03437,-0.03596,-0.09825,-0.04329,-0.08896,0.44457,0.09978,0.24174,-0.38684,0.34097,-0,-0.51729,0.27833,-0.15922,-0.13165,-0.09919,0.05161,-0.02088,-2.01453,-0.31975,1.95554,0.2637,-0.00497,-0.27069,-0.01808,0.09868,-0.29281,0.35268,-0.42683,0.04175,-0.07539,-0.0359,-1.80743,0.09947,-0.97051,-0.14938,-0.13362,-0.05005,-0.01895
22.38,0.0457,0.03355,-0.0383,-0.1085,-0.06635,-0.08252,0.43734,0.09745,0.21716,-0.34452,0.31726,-0,-0.42562,0.25406,-0.13758,-0.13187,-0.16511,0.07268,-0.03871,-1.92557,-0.40398,1.95913,0.18753,0.01306,-0.27667,-0.01128,0.10344,-0.24229,0.35151,-0.39914,0.01679,-0.0566,-0.02769,-1.76187,0.16659,-0.80091,-0.30603,-0.11802,-0.05573,-0.02295
22.4,0.05111,0.03223,-0.03977,-0.11872,-0.08905,-0.07485,0.42278,0.0932,0.19216,-0.29732,0.29078,-0,-0.33259,0.22622,-0.1147,-0.13585,-0.24374,0.09466,-0.06105,-1.81254,-0.47579,1.93574,0.1054,0.03378,-0.28007,-0.00307,0.11657,-0.18858,0.35038,-0.37344,-0.0106,-0.03781,-0.01957,-1.70231,0.22981,-0.63197,-0.44963,-0.0986,-0.06122,-0.02701
22.42,0.05505,0.03044,-0.04031,-0.12792,-0.1107,-0.0667,0.39979,0.08756,0.16653,-0.24657,0.26226,-0,-0.24056,0.19507,-0.09041,-0.14337,-0.33193,0.11905,-0.08682,-1.67602,-0.53009,1.88519,0.02075,0.05431,-0.27838,0.00582,0.13988,-0.13594,0.34737,-0.35175,-0.0386,-0.01945,-0.01167,-1.63095,0.28052,-0.4778,-0.57215,-0.07509,-0.06644,-0.0311
22.44,0.05722,0.02823,-0.03991,-0.13544,-0.13052,-0.05859,0.36727,0.08102,0.13991,-0.19342,0.2322,-0,-0.15106,0.16034,-0.06416,-0.1539,-0.42401,0.14617,-0.11427,-1.51657,-0.56293,1.80743,-0.06391,0.07234,-0.26974,0.01477,0.17548,-0.08781,0.34088,-0.33615,-0.06565,-0.00191,-0.00411,-1.54992,0.31185,-0.34981,-0.66683,-0.04721,-0.0713,-0.03517
22.46,0.05737,0.02555,-0.03864,-0.14108,-0.14769,-0.05075,0.3241,0.07404,0.1119,-0.13872,0.2009,-0,-0.06422,0.1211,-0.03495,-0.16671,-0.51091,0.17424,-0.14073,-1.33484,-0.57229,1.70269,-0.1476,0.08657,-0.25362,0.02338,0.2256,-0.04589,0.33039,-0.32853,-0.09076,0.01435,0.00292,-1.46132,0.3205,-0.25391,-0.72961,-0.0147,-0.07567,-0.03916
22.48,0.05533,0.02236,-0.03661,-0.14517,-0.16122,-0.04309,0.26947,0.06709,0.0823,-0.08334,0.16859,-0,0.0206,0.076,-0.00148,-0.18079,-0.5793,0.19886,-0.16243,-1.13281,-0.55815,1.57211,-0.23041,0.09677,-0.23111,0.03148,0.2923,-0.01015,0.31672,-0.33064,-0.11336,0.02865,0.0091,-1.36782,0.30715,-0.19061,-0.75895,0.02247,-0.07936,-0.04295
22.5,0.05102,0.01861,-0.03405,-0.14843,-0.16989,-0.03534,0.20318,0.06069,0.05127,-0.02858,0.13577,-0,0.10417,0.02369,0.03755,-0.19475,-0.61195,0.21335,-0.17454,-0.91481,-0.52213,1.41832,-0.3128,0.10352,-0.20486,0.03899,0.37712,0.02062,0.30188,-0.344,-0.13313,0.04001,0.01393,-1.27311,0.27589,-0.15631,-0.75507,0.06385,-0.08209,-0.0464
22.52,0.0444,0.01425,-0.03118,-0.15186,-0.17244,-0.02714,0.12555,0.05539,0.01926,0.02417,0.10309,-0,0.18728,-0.03681,0.08322,-0.20698,-0.5919,0.21056,-0.17235,-0.68643,-0.46685,1.24465,-0.39544,0.10783,-0.17819,0.04589,0.48105,0.04833,0.28827,-0.36967,-0.14972,0.04734,0.01687,-1.181,0.23286,-0.145,-0.71972,0.10843,-0.08352,-0.04926
22.54,0.03551,0.00923,-0.02823,-0.15648,-0.16811,-0.01822,0.03721,0.05171,-0.01331,0.074,0.0712,-0,0.27105,-0.10567,0.13609,-0.21582,-0.50898,0.18569,-0.153,-0.45204,-0.39514,1.05378,-0.47935,0.11072,-0.15398,0.05213,0.60472,0.07502,0.27744,-0.40763,-0.16266,0.04979,0.0175,-1.09381,0.18426,-0.15019,-0.65605,0.15469,-0.08338,-0.05133
22.56,0.0245,0.00352,-0.02532,-0.16325,-0.1569,-0.00854,-0.06068,0.05008,-0.04606,0.12075,0.04075,-0,0.35686,-0.18174,0.19589,-0.21972,-0.3648,0.13841,-0.11693,-0.21405,-0.30969,0.84743,-0.56569,0.1128,-0.13384,0.05761,0.74803,0.10244,0.2693,-0.45621,-0.17124,0.04702,0.01568,-1.01144,0.13529,-0.1661,-0.56893,0.20048,-0.08151,-0.05242
22.58,0.01171,-0.00285,-0.02256,-0.17292,-0.13978,0.00163,-0.16576,0.05088,-0.07847,0.16476,0.01259,-0,0.44568,-0.26181,0.26095,-0.21722,-0.17488,0.07366,-0.06836,0.02564,-0.21366,0.62773,-0.65509,0.11428,-0.11811,0.06211,0.90903,0.13173,0.26199,-0.51169,-0.1743,0.03925,0.01153,-0.93186,0.09019,-0.18788,-0.46559,0.24259,-0.07788,-0.05237
22.6,-0.00229,-0.00973,-0.02002,-0.18599,-0.11862,0.01164,-0.27389,0.05445,-0.10967,0.20647,-0.01205,-0,0.5375,-0.34041,0.32804,-0.2069,0.03228,0.00127,-0.01503,0.26391,-0.11109,0.39856,-0.74712,0.1149,-0.10614,0.06525,1.08324,0.16315,0.25204,-0.56819,-0.17036,0.02721,0.00549,-0.85191,0.05258,-0.21161,-0.35575,0.27666,-0.07262,-0.05106
22.62,-0.01678,-0.01694,-0.01776,-0.20264,-0.09574,0.02064,-0.38008,0.06098,-0.13873,0.24631,-0.03169,-0,0.63167,-0.41098,0.39317,-0.18745,0.22201,-0.06646,0.03373,0.49695,-0.00653,0.16466,-0.84062,0.11425,-0.09658,0.06664,1.26464,0.19595,0.23485,-0.6189,-0.15803,0.01196,-0.00188,-0.76821,0.02531,-0.23427,-0.24996,0.2981,-0.06598,-0.04839
22.64,-0.03113,-0.0243,-0.01581,-0.2226,-0.07329,0.02773,-0.48002,0.07045,-0.16521,0.28488,-0.04507,-0,0.72768,-0.46792,0.45317,-0.15787,0.36398,-0.1185,0.06997,0.722,0.09596,-0.07055,-0.93466,0.11204,-0.0878,0.06599,1.44786,0.22827,0.20534,-0.65794,-0.13667,-0.00541,-0.01002,-0.67807,0.01,-0.25394,-0.15674,0.30361,-0.05826,-0.0444
22.66,-0.04487,-0.03169,-0.01418,-0.24498,-0.05287,0.03217,-0.57097,0.0825,-0.18941,0.32286,-0.05137,-0,0.82546,-0.50787,0.5065,-0.11764,0.43907,-0.14753,0.08904,0.93795,0.19319,-0.30566,-1.02887,0.10839,-0.07817,0.06334,1.629,0.25694,0.15853,-0.6816,-0.10706,-0.02385,-0.01845,-0.58041,0.00673,-0.26979,-0.08096,0.29229,-0.04987,-0.03925
22.68,-0.05762,-0.03899,-0.01287,-0.2681,-0.03555,0.03335,-0.6512,0.09632,-0.2123,0.36075,-0.05021,-0,0.92469,-0.52965,0.55308,-0.06709,0.4403,-0.15027,0.08987,1.14376,0.28209,-0.53972,-1.12281,0.10389,-0.06617,0.05901,1.80448,0.27722,0.08991,-0.68839,-0.07165,-0.04229,-0.02676,-0.47667,0.01403,-0.28198,-0.02405,0.26591,-0.04135,-0.03335
22.7,-0.06898,-0.04601,-0.01189,-0.28945,-0.02214,0.03074,-0.71931,0.1106,-0.23523,0.39862,-0.04161,-0,1.02411,-0.53375,0.59371,-0.00757,0.37089,-0.12681,0.07445,1.33699,0.35914,-0.77054,-1.21533,0.09961,-0.05053,0.05365,1.96981,0.2829,-0.00415,-0.67868,-0.03456,-0.05955,-0.03456,-0.37123,0.02912,-0.29143,0.0151,0.22871,-0.03341,-0.02729
22.72,-0.07857,-0.05255,-0.01124,-0.30621,-0.01321,0.02406,-0.7741,0.12382,-0.25953,0.43631,-0.02594,-0,1.12164,-0.52156,0.6298,0.05881,0.23983,-0.07943,0.0465,1.51434,0.42052,-0.99514,-1.305,0.09676,-0.03025,0.04806,2.12001,0.26757,-0.12617,-0.65411,-0.0006,-0.07449,-0.04148,-0.26997,0.04842,-0.29942,0.03919,0.18617,-0.02679,-0.02175
22.74,-0.08609,-0.05845,-0.01095,-0.31614,-0.00919,0.0134,-0.81501,0.13458,-0.2861,0.47391,-0.00408,-0,1.21504,-0.49466,0.66308,0.12968,0.05623,-0.01096,0.00972,1.67353,0.46312,-1.21144,-1.39108,0.09645,-0.00469,0.043,2.25111,0.22673,-0.27732,-0.61697,0.02632,-0.08638,-0.04728,-0.17787,0.0684,-0.3071,0.05146,0.14341,-0.02199,-0.01725
22.76,-0.09141,-0.0636,-0.011,-0.31814,-0.01035,-0.00057,-0.84229,0.14187,-0.315,0.51198,0.02249,-0,1.30208,-0.45439,0.69539,0.20254,-0.17382,0.0759,-0.03321,1.81414,0.485,-1.41879,-1.47396,0.09932,0.02628,0.03904,2.36087,0.15936,-0.45668,-0.56991,0.04414,-0.09509,-0.05189,-0.0976,0.08603,-0.31513,0.05504,0.10415,-0.01915,-0.01403
22.78,-0.09452,-0.06794,-0.01138,-0.31239,-0.01688,-0.01647,-0.85676,0.14507,-0.34519,0.55132,0.05146,-0,1.37983,-0.40201,0.72834,0.27426,-0.44658,0.17827,-0.08066,1.9367,0.4853,-1.6165,-1.55459,0.10556,0.06204,0.03661,2.448,0.06882,-0.65977,-0.51621,0.05275,-0.1011,-0.05539,-0.02982,0.0987,-0.32355,0.05267,0.07081,-0.01798,-0.01205
22.8,-0.09547,-0.07139,-0.01208,-0.30014,-0.02882,-0.03221,-0.85953,0.14383,-0.37441,0.59264,0.07957,-0,1.44424,-0.33892,0.76309,0.34059,-0.75843,0.29239,-0.13156,2.04151,0.46394,-1.80231,-1.63386,0.1148,0.10106,0.03594,2.51124,-0.03735,-0.87789,-0.45994,0.05374,-0.10527,-0.05794,0.02609,0.10418,-0.33174,0.04669,0.04483,-0.01789,-0.011
22.82,-0.09434,-0.07388,-0.01306,-0.28329,-0.04619,-0.04537,-0.85177,0.13805,-0.39986,0.63653,0.10291,-0,1.49079,-0.26659,0.80044,0.3966,-1.10353,0.41341,-0.18489,2.12843,0.42131,-1.97269,-1.71242,0.12613,0.14123,0.03715,2.54914,-0.14941,-1.10031,-0.4055,0.05019,-0.10855,-0.05955,0.07147,0.10073,-0.33862,0.03899,0.0269,-0.01811,-0.01049
22.84,-0.09126,-0.07533,-0.01428,-0.2637,-0.06896,-0.05383,-0.83452,0.12782,-0.41923,0.6835,0.11755,-0,1.51597,-0.18624,0.84105,0.4376,-1.47144,0.53538,-0.23909,2.19733,0.35802,-2.12422,-1.7909,0.13796,0.18042,0.04012,2.56036,-0.25867,-1.31821,-0.35667,0.04631,-0.11147,-0.05994,0.10825,0.08738,-0.34284,0.03102,0.01699,-0.01794,-0.01009
22.86,-0.08639,-0.07571,-0.01568,-0.24287,-0.09699,-0.05615,-0.80871,0.11345,-0.43134,0.7339,0.11982,-0,1.51831,-0.09896,0.88554,0.45965,-1.84408,0.65085,-0.2915,2.24824,0.27508,-2.2542,-1.86977,0.14798,0.21667,0.04447,2.54397,-0.35932,-1.52667,-0.3161,0.04737,-0.11382,-0.05828,0.13856,0.06425,-0.34303,0.0238,0.01443,-0.01689,-0.00951
22.88,-0.07999,-0.075,-0.01719,-0.22196,-0.12987,-0.05165,-0.77529,0.09559,-0.43621,0.78747,0.10643,-0,1.49848,-0.00635,0.9341,0.45948,-2.19214,0.74985,-0.33777,2.28096,0.17436,-2.35966,-1.94874,0.15297,0.24807,0.04949,2.49949,-0.4481,-1.72364,-0.28558,0.05963,-0.11455,-0.05323,0.1645,0.03274,-0.33777,0.01805,0.01794,-0.01472,-0.00856
22.9,-0.07241,-0.07322,-0.01868,-0.20196,-0.16664,-0.0403,-0.73543,0.07522,-0.43483,0.84309,0.07445,-0,1.45903,0.08893,0.98627,0.43426,-2.47453,0.8196,-0.37186,2.2946,0.05916,-2.43657,-2.0262,0.14904,0.27242,0.05425,2.42694,-0.52327,-1.90788,-0.26634,0.09025,-0.11175,-0.04295,0.18779,-0.00448,-0.32567,0.0142,0.02579,-0.01144,-0.00717
22.92,-0.06408,-0.07039,-0.02001,-0.18369,-0.2059,-0.02257,-0.69064,0.05349,-0.42865,0.89887,0.02175,-0,1.40353,0.18362,1.0411,0.38156,-2.64702,0.84695,-0.38763,2.28791,-0.06629,-2.48061,-2.09967,0.13256,0.28731,0.05799,2.32667,-0.58353,-2.07752,-0.25924,0.14706,-0.1027,-0.02518,0.20945,-0.04414,-0.30556,0.01261,0.03606,-0.00721,-0.00538
22.94,-0.05547,-0.06653,-0.021,-0.16761,-0.24583,0.00087,-0.64277,0.03126,-0.41897,0.95268,-0.0523,-0,1.33552,0.27479,1.0976,0.29956,-2.67668,0.82246,-0.38138,2.25986,-0.19779,-2.48909,-2.16656,0.10167,0.29042,0.06074,2.19924,-0.62702,-2.22898,-0.26466,0.23794,-0.08394,0.00263,0.22955,-0.08342,-0.27685,0.01379,0.047,-0.00226,-0.00323
22.96,-0.04702,-0.06167,-0.02149,-0.1538,-0.2842,0.02915,-0.59424,0.009,-0.40658,1.00222,-0.14606,-0,1.25804,0.3603,1.15485,0.18755,-2.5522,0.74353,-0.35363,2.21035,-0.33128,-2.46237,-2.22466,0.0574,0.27971,0.06371,2.04587,-0.65059,-2.35572,-0.28245,0.37015,-0.05141,0.04307,0.24694,-0.12045,-0.23988,0.01848,0.05729,0.00319,-0.00082
22.98,-0.0393,-0.05588,-0.02126,-0.14208,-0.31802,0.06108,-0.54845,-0.01316,-0.39169,1.04473,-0.25477,-0,1.174,0.43817,1.21162,0.04675,-2.28689,0.61551,-0.30983,2.14058,-0.46198,-2.40426,-2.27176,0.00436,0.25355,0.0694,1.86959,-0.64925,-2.44686,-0.31177,0.5493,-0.00068,0.0985,0.25904,-0.15424,-0.19626,0.02767,0.06599,0.0089,0.00178
23,-0.03295,-0.04931,-0.02011,-0.13209,-0.3435,0.09499,-0.50989,-0.03522,-0.3741,1.07668,-0.37034,-0,1.08671,0.50604,1.26595,-0.11916,-1.91618,0.45134,-0.25963,2.05318,-0.58357,-2.3216,-2.30512,-0.04968,0.2108,0.08123,1.67599,-0.61654,-2.48714,-0.35123,0.77806,0.07279,0.17067,0.26201,-0.18433,-0.1489,0.04252,0.07244,0.01455,0.00444
23.02,-0.02858,-0.04216,-0.01785,-0.12332,-0.35678,0.12891,-0.48303,-0.0572,-0.35336,1.09433,-0.384,-0,0.99948,0.56141,1.31505,-0.30489,-1.48664,0.2684,-0.21395,1.95135,-0.68907,-2.22232,-2.32135,-0.09586,0.1513,0.10214,1.47221,-0.54659,-2.46047,-0.3995,1.05455,0.17331,0.26023,0.25184,-0.21058,-0.10136,0.06395,0.07627,0.01984,0.007
23.04,-0.02653,-0.03461,-0.01437,-0.11495,-0.35541,0.16106,-0.47052,-0.07911,-0.32888,1.09468,-0.384,-0,0.91479,0.60253,1.35563,-0.50522,-1.03986,0.08377,-0.18059,1.83751,-0.77281,-2.11257,-2.31662,-0.1277,0.07649,0.13264,1.26474,-0.4374,-2.35604,-0.45637,1.37039,0.30462,0.36626,0.22614,-0.23312,-0.05657,0.09208,0.07731,0.02447,0.00936
23.06,-0.02666,-0.02684,-0.00969,-0.10591,-0.33929,0.19001,-0.47194,-0.10085,-0.30023,1.07626,-0.384,-0,0.83393,0.62889,1.38386,-0.7154,-0.60312,-0.08836,-0.16125,1.71275,-0.83155,-1.99521,-2.28678,-0.14333,-0.00984,0.1693,1.05862,-0.29354,-2.17302,-0.5232,1.70815,0.46905,0.4855,0.18539,-0.2522,-0.01614,0.12582,0.07566,0.02828,0.0114
23.08,-0.02836,-0.01906,-0.00404,-0.09485,-0.31101,0.21448,-0.48352,-0.12205,-0.26733,1.0394,-0.384,-0,0.75759,0.64108,1.39518,-0.92975,-0.19015,-0.23604,-0.15097,1.57765,-0.86422,-1.87021,-2.22756,-0.14588,-0.10073,0.20407,0.85882,-0.12789,-1.92292,-0.6026,2.03821,0.66626,0.61124,0.13362,-0.26805,0.01943,0.16241,0.07167,0.03114,0.01306
23.1,-0.03058,-0.01157,0.00219,-0.08031,-0.27559,0.23321,-0.49859,-0.14194,-0.23059,0.98603,-0.384,-0,0.68642,0.64043,1.38426,-1.14031,0.1944,-0.34846,-0.13927,1.43311,-0.87128,-1.73583,-2.13488,-0.14271,-0.18605,0.2249,0.67152,0.03871,-1.62907,-0.69767,2.31864,0.89182,0.73297,0.07813,-0.28071,0.05042,0.19752,0.06591,0.03296,0.01425
23.12,-0.03213,-0.00468,0.00848,-0.06088,-0.23911,0.245,-0.50924,-0.1596,-0.1907,0.91898,-0.384,-0,0.62088,0.62852,1.3459,-1.33776,0.55084,-0.41688,-0.11367,1.28051,-0.85419,-1.58959,-2.00557,-0.14302,-0.25475,0.21903,0.50332,0.18207,-1.32074,-0.81096,2.50409,1.13622,0.8379,0.02761,-0.29011,0.0776,0.22616,0.05902,0.0337,0.01493
23.14,-0.032,0.00134,0.01433,-0.03545,-0.20673,0.24915,-0.5087,-0.17441,-0.14808,0.84078,-0.384,-0,0.56062,0.60669,1.27661,-1.5137,0.88073,-0.437,-0.06479,1.12122,-0.81514,-1.42924,-1.83835,-0.15442,-0.29855,0.17793,0.35888,0.28216,-1.0238,-0.94315,2.56053,1.38399,0.91389,-0.01071,-0.29625,0.10195,0.24431,0.05153,0.03334,0.01504
23.16,-0.02963,0.00639,0.01936,-0.00348,-0.18145,0.24564,-0.49297,-0.18635,-0.10277,0.75322,-0.384,-0,0.50425,0.57579,1.17602,-1.66172,1.1833,-0.41067,0.01002,0.95686,-0.75702,-1.25403,-1.63525,-0.18062,-0.3144,0.10099,0.23981,0.32798,-0.75541,-1.09169,2.47553,1.61233,0.95118,-0.03295,-0.29935,0.12456,0.24997,0.04379,0.03191,0.0146
23.18,-0.02503,0.01046,0.02325,0.03473,-0.16398,0.23524,-0.4613,-0.19595,-0.05462,0.65778,-0.384,-0,0.44972,0.53632,1.04785,-1.77643,1.45205,-0.34632,0.10515,0.79057,-0.68376,-1.06623,-1.40332,-0.22064,-0.30495,-0.00311,0.14532,0.31831,-0.52464,-1.24936,2.26109,1.78876,0.9425,-0.03888,-0.29986,0.1463,0.2433,0.03592,0.02955,0.01366
23.2,-0.01865,0.0136,0.02574,0.07791,-0.15316,0.21939,-0.41598,-0.2041,-0.00375,0.55633,-0.384,-0,0.3948,0.48866,0.90001,-1.85242,1.67348,-0.25815,0.20744,0.62793,-0.60054,-0.87205,-1.15532,-0.26919,-0.27761,-0.11715,0.07341,0.26027,-0.33515,-1.40388,1.95095,1.87197,0.88269,-0.03128,-0.29833,0.16771,0.22635,0.02798,0.0264,0.01232
23.22,-0.01125,0.01592,0.02659,0.12413,-0.14679,0.19986,-0.36103,-0.21175,0.04946,0.45099,-0.384,-0,0.33753,0.43333,0.74255,-1.88478,1.83089,-0.16268,0.30015,0.47566,-0.513,-0.68017,-0.90697,-0.31855,-0.24217,-0.22021,0.02145,0.16612,-0.18679,-1.54038,1.59023,1.82106,0.76916,-0.01466,-0.29526,0.18913,0.20223,0.01992,0.02268,0.01068
23.24,-0.00355,0.01753,0.02568,0.17149,-0.14269,0.17826,-0.30044,-0.2195,0.10435,0.34372,-0.31549,-0,0.27643,0.37108,0.58422,-1.87083,1.9116,-0.07387,0.36922,0.33908,-0.42595,-0.49879,-0.67196,-0.3615,-0.20731,-0.29483,-0.0136,0.04898,-0.07663,-1.64577,1.22025,1.61083,0.6029,0.00656,-0.29074,0.21088,0.17397,0.01172,0.01852,0.00883
23.26,0.00393,0.01858,0.023,0.21834,-0.13937,0.15579,-0.23711,-0.2273,0.15989,0.23635,-0.16724,-0,0.2109,0.30334,0.43067,-1.81146,1.91186,3e-05,0.40733,0.22069,-0.34275,-0.33424,-0.45944,-0.39311,-0.17851,-0.33185,-0.03498,-0.07962,0.00017,-1.71144,0.86953,1.24321,0.38989,0.02913,-0.28439,0.23341,0.1439,0.00339,0.014,0.00681
23.28,0.01087,0.01923,0.01872,0.263,-0.13628,0.13331,-0.17306,-0.23428,0.21421,0.1314,-0.01212,-0,0.14183,0.23275,0.28517,-1.71174,1.83788,0.05666,0.41458,0.12074,-0.26576,-0.19189,-0.27494,-0.41097,-0.15759,-0.33121,-0.04589,-0.20947,0.04942,-1.7333,0.55413,0.75255,0.14292,0.05116,-0.27525,0.25717,0.11366,-0.00494,0.00912,0.00462
23.3,0.0171,0.01964,0.01312,0.3035,-0.1337,0.11152,-0.10995,-0.23889,0.26436,0.03269,0.13902,-0,0.07188,0.16346,0.14988,-1.58075,1.70436,0.09841,0.39732,0.03844,-0.19702,-0.07724,-0.12219,-0.41459,-0.14331,-0.30061,-0.0492,-0.33083,0.07703,-1.71086,0.28109,0.20347,-0.11797,0.07179,-0.26198,0.28235,0.08445,-0.01295,0.0039,0.00225
23.32,0.02252,0.01994,0.0066,0.33776,-0.13238,0.09102,-0.04927,-0.23932,0.30693,-0.0554,0.27431,-0,0.0048,0.1003,0.02608,-1.42979,1.53043,0.13045,0.36531,-0.02749,-0.13827,0.00472,-0.0036,-0.40425,-0.13241,-0.25206,-0.04737,-0.43495,0.08855,-1.64625,0.05133,-0.32551,-0.3693,0.0908,-0.24328,0.30878,0.05711,-0.02023,-0.00165,-0.0003
23.34,0.02717,0.02024,-0.00047,0.36417,-0.1329,0.07218,0.00772,-0.23427,0.33928,-0.12951,0.384,-0,-0.05582,0.04732,-0.0861,-1.26958,1.33385,0.15829,0.32786,-0.07851,-0.09048,0.05149,0.08027,-0.37953,-0.12094,-0.19716,-0.04239,-0.51546,0.08883,-1.5432,-0.1382,-0.7673,-0.59059,0.10816,-0.21845,0.33579,0.0321,-0.02633,-0.00748,-0.00303
23.36,0.03111,0.0206,-0.00775,0.38192,-0.13523,0.0552,0.05981,-0.2235,0.36026,-0.18823,0.384,-0,-0.10728,0.00689,-0.18763,-1.10905,1.12788,0.18606,0.29135,-0.11594,-0.05369,0.06434,0.13085,-0.33842,-0.10522,-0.14406,-0.03579,-0.56905,0.08187,-1.40686,-0.29243,-1.08221,-0.76811,0.1236,-0.18787,0.362,0.00951,-0.03089,-0.01346,-0.00589
23.38,0.0345,0.02101,-0.01493,0.39091,-0.13867,0.0402,0.1054,-0.20805,0.37025,-0.2318,0.384,-0,-0.14751,-0.02017,-0.27975,-0.95612,0.92194,0.21579,0.25887,-0.14055,-0.02734,0.04837,0.15116,-0.27737,-0.08224,-0.09712,-0.02868,-0.59521,0.07083,-1.24466,-0.41632,-1.25936,-0.89433,0.13643,-0.1534,0.38514,-0.0107,-0.03354,-0.01932,-0.00876
23.4,0.03746,0.02142,-0.02165,0.39153,-0.14188,0.02737,0.14221,-0.19007,0.37078,-0.26156,0.384,-0,-0.17465,-0.03416,-0.36311,-0.8188,0.72294,0.24751,0.23069,-0.15233,-0.01058,0.01194,0.14508,-0.19152,-0.04966,-0.05746,-0.02182,-0.59549,0.05806,-1.06679,-0.5137,-1.31139,-0.96622,0.14547,-0.1183,0.40197,-0.02856,-0.03395,-0.02467,-0.01147
23.42,0.0401,0.02177,-0.02755,0.3845,-0.14321,0.01695,0.16767,-0.17223,0.3639,-0.2796,0.384,-0,-0.18713,-0.03615,-0.43764,-0.70439,0.53445,0.28027,0.20513,-0.15076,-0.0025,-0.03492,0.11672,-0.07475,-0.00559,-0.02375,-0.01567,-0.5728,0.04521,-0.88461,-0.58735,-1.26539,-0.98446,0.14933,-0.08641,0.40907,-0.04408,-0.03183,-0.02904,-0.01379
23.44,0.04254,0.02196,-0.03239,0.37068,-0.14122,0.00901,0.17989,-0.15663,0.35151,-0.28862,0.384,-0,-0.18405,-0.02776,-0.50283,-0.61773,0.35452,0.31375,0.17954,-0.13551,-0.00216,-0.08268,0.06984,0.08027,0.05177,0.00707,-0.01046,-0.53075,0.03333,-0.70788,-0.64016,-1.15182,-0.95323,0.14694,-0.06071,0.40406,-0.05736,-0.02708,-0.0321,-0.01555
23.46,0.04482,0.02194,-0.03609,0.35107,-0.13502,0.00345,0.17821,-0.14424,0.33487,-0.29188,0.384,-0,-0.16548,-0.01109,-0.55777,-0.56002,0.17475,0.34921,0.15107,-0.10698,-0.00863,-0.12353,0.00763,0.28148,0.1241,0.03918,-0.00628,-0.47333,0.02304,-0.54328,-0.67574,-0.99749,-0.88049,0.13789,-0.04244,0.38645,-0.06865,-0.01984,-0.0337,-0.01668
23.48,0.04697,0.02166,-0.03869,0.32694,-0.12438,-5e-05,0.16338,-0.13477,0.31459,-0.29313,0.384,-0,-0.13269,0.01125,-0.6007,-0.52918,-0.01867,0.38958,0.11707,-0.0666,-0.02097,-0.15141,-0.06688,0.53601,0.2126,0.07744,-0.0031,-0.40527,0.01459,-0.39543,-0.69827,-0.82475,-0.77839,0.12257,-0.03102,0.358,-0.07826,-0.01063,-0.03396,-0.01721
23.5,0.04892,0.02112,-0.04035,0.29985,-0.10971,-0.00189,0.13732,-0.12693,0.29085,-0.29636,0.384,-0,-0.08807,0.0361,-0.62873,-0.5205,-0.24223,0.43873,0.07543,-0.01692,-0.03819,-0.16175,-0.1504,0.84805,0.3172,0.12689,-0.00081,-0.3322,0.00799,-0.26811,-0.71199,-0.65247,-0.66293,0.10219,-0.02444,0.32251,-0.08647,-0.0003,-0.03316,-0.01722
23.52,0.05057,0.02031,-0.04124,0.27146,-0.09186,-0.00251,0.10266,-0.11898,0.26357,-0.30512,0.384,-0,-0.03499,0.06009,-0.63854,-0.52739,-0.50982,0.49997,0.02498,0.03874,-0.05915,-0.15181,-0.23909,1.21602,0.43609,0.19143,0.00073,-0.25988,0.00312,-0.16424,-0.72059,-0.49567,-0.55111,0.07838,-0.02004,0.28468,-0.0935,0.01015,-0.03167,-0.01687
23.54,0.0518,0.01926,-0.04153,0.24305,-0.0718,-0.00229,0.06199,-0.1094,0.23267,-0.32157,0.384,-0,0.02271,0.08025,-0.62777,-0.54205,-0.82585,0.57398,-0.0339,0.09688,-0.08247,-0.12146,-0.3285,1.62919,0.56506,0.27204,0.00165,-0.1929,-0.00025,-0.08493,-0.72648,-0.36433,-0.45657,0.05285,-0.01556,0.24845,-0.09949,0.01984,-0.02982,-0.01625
23.56,0.05249,0.01802,-0.04135,0.21541,-0.05046,-0.00145,0.01752,-0.09737,0.19838,-0.34568,0.384,-0,0.0807,0.0943,-0.59601,-0.55578,-1.17936,0.6571,-0.09873,0.15401,-0.10639,-0.07383,-0.41319,2.06378,0.69663,0.36533,0.00212,-0.13391,-0.0024,-0.02904,-0.7303,-0.26292,-0.38685,0.02709,-0.00982,0.216,-0.10452,0.02821,-0.02779,-0.01546
23.58,0.05255,0.01666,-0.04075,0.1889,-0.02882,-8e-05,-0.02867,-0.08307,0.16154,-0.37489,0.384,-0,0.13376,0.1006,-0.54527,-0.559,-1.53987,0.74023,-0.1643,0.2063,-0.12851,-0.01583,-0.48596,2.47873,0.81886,0.4624,0.00224,-0.08399,-0.00358,0.00645,-0.73077,-0.19115,-0.34328,0.00254,-0.00299,0.18768,-0.10858,0.03496,-0.02564,-0.0145
23.6,0.05187,0.01528,-0.03971,0.16375,-0.00812,0.00184,-0.07436,-0.06756,0.12376,-0.40429,0.33209,-0,0.17564,0.09807,-0.47979,-0.54153,-1.85795,0.8092,-0.22262,0.24926,-0.14576,0.04216,-0.5376,2.8155,0.91517,0.54908,0.00215,-0.04315,-0.00405,0.02573,-0.72487,-0.14525,-0.32212,-0.01925,0.00356,0.16251,-0.1115,0.04001,-0.0233,-0.01336
23.62,0.05036,0.01401,-0.0382,0.14007,0.0104,0.00438,-0.11731,-0.05241,0.08703,-0.4278,0.2385,-0,0.20016,0.0861,-0.40496,-0.49411,-2.07678,0.84793,-0.26475,0.27835,-0.15501,0.0885,-0.55858,3.00945,0.96742,0.60915,0.00191,-0.01079,-0.00404,0.03339,-0.70868,-0.11949,-0.31658,-0.03681,0.00786,0.13879,-0.11302,0.04339,-0.02064,-0.012
23.64,0.04797,0.01292,-0.03617,0.11776,0.02571,0.00757,-0.15572,-0.03898,0.05308,-0.44002,0.14468,-0,0.20308,0.06472,-0.32562,-0.41082,-2.15085,0.84365,-0.28366,0.29019,-0.15401,0.11377,-0.54181,3.00878,0.96121,0.62943,0.00161,0.01404,-0.0037,0.03364,-0.67869,-0.10779,-0.31928,-0.04909,0.00834,0.11489,-0.11287,0.04522,-0.01757,-0.01039
23.66,0.0447,0.01206,-0.03362,0.09654,0.03724,0.0113,-0.18837,-0.02805,0.02296,-0.43748,0.05527,-0,0.18351,0.03468,-0.24515,-0.2911,-2.05889,0.79061,-0.27621,0.28335,-0.14207,0.11306,-0.48479,2.78803,0.8896,0.60344,0.00129,0.03241,-0.0032,0.02981,-0.6328,-0.10486,-0.32387,-0.05574,0.00443,0.08986,-0.11088,0.0457,-0.01406,-0.00854
23.68,0.04061,0.01141,-0.03057,0.07612,0.04477,0.01527,-0.21444,-0.01977,-0.00278,-0.41896,-0.02645,-0,0.14429,-0.00225,-0.16583,-0.14102,-1.80733,0.69124,-0.24365,0.25857,-0.12028,0.0865,-0.39046,2.3524,0.75443,0.53228,0.00099,0.04527,-0.00263,0.02426,-0.57087,-0.10648,-0.32547,-0.05705,-0.00323,0.06377,-0.10693,0.04503,-0.01017,-0.0065
23.7,0.03589,0.0109,-0.02714,0.05635,0.04837,0.019,-0.23318,-0.01383,-0.02384,-0.38524,-0.09786,-0,0.09166,-0.04323,-0.08952,0.02678,-1.42779,0.5555,-0.19117,0.21854,-0.09141,0.03884,-0.26689,1.73614,0.56585,0.42403,0.00071,0.05332,-0.00206,0.01842,-0.49488,-0.10956,-0.32056,-0.05382,-0.01293,0.0378,-0.10104,0.04348,-0.00612,-0.00437
23.72,0.03075,0.01046,-0.02347,0.03723,0.04827,0.02193,-0.24406,-0.00963,-0.04008,-0.33854,-0.15688,-0,0.03363,-0.08487,-0.01774,0.19606,-0.96714,0.3977,-0.12629,0.1672,-0.05911,-0.022,-0.12524,0.99309,0.33953,0.29115,0.00049,0.05704,-0.00153,0.01301,-0.40821,-0.11204,-0.30701,-0.04717,-0.02248,0.01364,-0.09329,0.04127,-0.00219,-0.00231
23.74,0.0254,0.01,-0.0197,0.01878,0.0449,0.02356,-0.24695,-0.00651,-0.0516,-0.28169,-0.20236,-0,-0.02243,-0.12406,0.04855,0.35202,-0.4733,0.23168,-0.05666,0.10881,-0.02684,-0.08684,0.02335,0.18274,0.0925,0.14681,0.0003,0.0569,-0.00109,0.00835,-0.31463,-0.1127,-0.28399,-0.03823,-0.03,-0.00735,-0.08383,0.03859,0.00141,-0.00043
23.76,0.01997,0.00946,-0.01595,0.00108,0.03888,0.02359,-0.24234,-0.00393,-0.05871,-0.2178,-0.23412,-0,-0.0712,-0.1584,0.10888,0.48408,0.01268,0.06818,0.01121,0.04749,0.00279,-0.14629,0.1694,-0.63632,-0.15875,0.00289,0.00016,0.05352,-0.00072,0.00457,-0.21785,-0.11103,-0.25208,-0.02798,-0.03455,-0.02468,-0.07293,0.0356,0.00452,0.00119
23.78,0.01459,0.00878,-0.01233,-0.01565,0.03105,0.02193,-0.23144,-0.00154,-0.06189,-0.1506,-0.25275,-0,-0.10943,-0.18605,0.16279,0.58562,0.45499,-0.08464,0.07181,-0.01245,0.02797,-0.1906,0.30439,-1.40195,-0.39695,-0.12939,6e-05,0.04766,-0.00043,0.0017,-0.12212,-0.10722,-0.21351,-0.01731,-0.03617,-0.03873,-0.061,0.03237,0.0071,0.00255
23.8,0.00941,0.00792,-0.009,-0.03092,0.0225,0.01866,-0.21603,0.00084,-0.06171,-0.08475,-0.25926,-0,-0.1354,-0.20547,0.20939,0.65272,0.82006,-0.21996,0.12012,-0.06622,0.0474,-0.20959,0.41986,-2.04471,-0.60275,-0.23879,-2e-05,0.04028,-0.00022,-0.00028,-0.03281,-0.10209,-0.17214,-0.00703,-0.03576,-0.05055,-0.04871,0.02898,0.00915,0.00363
23.82,0.00457,0.00689,-0.00609,-0.04408,0.01435,0.014,-0.19811,0.00327,-0.0588,-0.02526,-0.25488,-0,-0.14866,-0.21544,0.24746,0.68363,1.07915,-0.33219,0.152,-0.10918,0.06021,-0.19445,0.50827,-2.49683,-0.75702,-0.31505,-7e-05,0.03235,-5e-05,-0.00148,0.04448,-0.09675,-0.13252,0.00211,-0.03459,-0.06136,-0.0368,0.0255,0.0107,0.00446
23.84,0.00021,0.00568,-0.00372,-0.05459,0.00749,0.00822,-0.17938,0.00574,-0.0538,0.02378,-0.24099,-0,-0.14976,-0.2153,0.27591,0.6788,1.21479,-0.41776,0.16502,-0.13813,0.06602,-0.14063,0.56505,-2.70989,-0.84553,-0.35146,-0.00011,0.02464,7e-05,-0.00203,0.10551,-0.09217,-0.09856,0.00956,-0.03376,-0.07211,-0.02592,0.02197,0.0118,0.00507
23.86,-0.0036,0.00432,-0.00193,-0.06215,0.00247,0.00161,-0.16091,0.00823,-0.04747,0.05986,-0.21917,-0,-0.14022,-0.20515,0.29407,0.64104,1.22516,-0.47551,0.15906,-0.15208,0.06494,-0.05015,0.58987,-2.66678,-0.86207,-0.34642,-0.00015,0.01767,0.00018,-0.00216,0.14838,-0.08886,-0.07257,0.01503,-0.03376,-0.08308,-0.01645,0.01844,0.01247,0.00547
23.88,-0.00677,0.00285,-0.00071,-0.0667,-0.00057,-0.00544,-0.14322,0.01072,-0.04068,0.0819,-0.19133,-0,-0.12247,-0.18592,0.30156,0.57566,1.1246,-0.50612,0.13647,-0.15233,0.05752,0.06724,0.58664,-2.38417,-0.80884,-0.30384,-0.0002,0.01166,0.00028,-0.00215,0.17339,-0.08682,-0.05533,0.01843,-0.03436,-0.09371,-0.00861,0.01497,0.01274,0.00568
23.9,-0.0092,0.00133,-1e-05,-0.0683,-0.00179,-0.01246,-0.12646,0.01317,-0.03442,0.08989,-0.15978,-0,-0.0998,-0.15934,0.29812,0.49035,0.94149,-0.51158,0.10174,-0.14202,0.0448,0.19461,0.56275,-1.90865,-0.69537,-0.23238,-0.00025,0.00665,0.0004,-0.00233,0.1825,-0.08565,-0.04634,0.01984,-0.03472,-0.10262,-0.00248,0.01166,0.01262,0.0057
23.92,-0.01081,-0.00012,0.00024,-0.06714,-0.00152,-0.01895,-0.11053,0.0155,-0.02965,0.08463,-0.12694,-0,-0.07581,-0.12754,0.28363,0.39386,0.71194,-0.49484,0.06061,-0.12522,0.02809,0.31182,0.52702,-1.30422,-0.53593,-0.1433,-0.00031,0.00257,0.00054,-0.00304,0.17865,-0.08476,-0.04426,0.01944,-0.03373,-0.10806,0.00193,0.00865,0.01209,0.00553
23.94,-0.01154,-0.00144,0.00013,-0.06349,-0.00016,-0.02445,-0.09524,0.0176,-0.02706,0.06761,-0.09487,-0,-0.05366,-0.0925,0.25825,0.29397,0.47106,-0.45969,0.01872,-0.10559,0.00881,0.40182,0.48702,-0.63473,-0.34596,-0.04734,-0.00039,-0.00065,0.00072,-0.00457,0.16514,-0.08368,-0.04725,0.01747,-0.0305,-0.10866,0.00471,0.00604,0.01118,0.00517
23.96,-0.01141,-0.00256,-0.00022,-0.05777,0.00191,-0.02863,-0.08037,0.01939,-0.02686,0.04105,-0.06502,-0,-0.03557,-0.05577,0.22264,0.19651,0.24796,-0.41094,-0.01919,-0.08561,-0.0115,0.45463,0.44739,0.04554,-0.14056,0.04706,-0.00047,-0.00303,0.00093,-0.00712,0.14519,-0.08233,-0.05323,0.0142,-0.02475,-0.10395,0.0061,0.00387,0.00993,0.00465
23.98,-0.0105,-0.00342,-0.00069,-0.05055,0.00438,-0.03128,-0.06588,0.02071,-0.02877,0.00806,-0.03843,-0,-0.0229,-0.01872,0.17826,0.10584,0.06611,-0.35471,-0.04914,-0.06655,-0.03108,0.46791,0.40967,0.6893,0.06456,0.13347,-0.00056,-0.00447,0.00118,-0.01075,0.12204,-0.08101,-0.0599,0.00999,-0.01695,-0.09444,0.00641,0.00214,0.00846,0.00402
24,-0.00898,-0.00398,-0.00112,-0.04259,0.00697,-0.03226,-0.05199,0.02142,-0.03209,-0.02738,-0.01597,-0,-0.01628,0.01727,0.12754,0.02556,-0.05541,-0.2984,-0.06776,-0.04865,-0.04789,0.44573,0.37291,1.25192,0.25207,0.20673,-0.00064,-0.00478,0.00145,-0.0154,0.09893,-0.08043,-0.06472,0.00521,-0.00822,-0.08159,0.00608,0.00083,0.00691,0.00335
24.02,-0.00703,-0.0042,-0.00138,-0.0347,0.00946,-0.03147,-0.03906,0.02134,-0.03584,-0.06108,0.00167,-0,-0.01572,0.05073,0.07362,-0.04141,-0.10416,-0.24915,-0.07267,-0.03155,-0.05993,0.39619,0.3347,1.69454,0.40528,0.26293,-0.0007,-0.00368,0.00171,-0.02096,0.07879,-0.08146,-0.06503,0.00023,1e-05,-0.06725,0.00554,-5e-05,0.00548,0.00273
24.04,-0.00485,-0.00405,-0.00137,-0.02758,0.01176,-0.02893,-0.02742,0.02035,-0.03912,-0.08972,0.01409,-0,-0.02066,0.08038,0.01988,-0.09332,-0.07885,-0.21136,-0.06339,-0.01473,-0.06585,0.32832,0.29254,1.99214,0.51242,0.29975,-0.0007,-0.00086,0.00192,-0.02735,0.06363,-0.08493,-0.05826,-0.00486,0.00648,-0.05298,0.00524,-0.0005,0.00433,0.00224
24.06,-0.0026,-0.00352,-0.00106,-0.02168,0.01394,-0.02474,-0.01728,0.01842,-0.0412,-0.11151,0.02119,-0,-0.02988,0.10508,-0.03019,-0.12981,0.00726,-0.18513,-0.042,0.00215,-0.06534,0.25024,0.24489,2.1385,0.56928,0.31674,-0.00063,0.00397,0.00204,-0.03455,0.05419,-0.09135,-0.04211,-0.01026,0.01051,-0.03955,0.00557,-0.00044,0.00362,0.00195
24.08,-0.00044,-0.00263,-0.00051,-0.01728,0.01625,-0.01916,-0.00878,0.01563,-0.04161,-0.12619,0.0232,-0,-0.04151,0.12374,-0.07264,-0.15163,0.12497,-0.16606,-0.01338,0.01901,-0.05923,0.16923,0.1918,2.14584,0.57936,0.31513,-0.00044,0.011,0.00197,-0.04261,0.04989,-0.10086,-0.01462,-0.01651,0.01202,-0.02699,0.00688,0.00026,0.00346,0.0019
24.1,0.00147,-0.00142,0.00016,-0.01449,0.01902,-0.0126,-0.00204,0.01219,-0.0401,-0.13469,0.02052,-0,-0.05306,0.1351,-0.10289,-0.16014,0.2315,-0.14616,0.01509,0.03526,-0.04933,0.09219,0.13504,2.04103,0.55233,0.29743,-0.0001,0.02036,0.00162,-0.05151,0.04914,-0.11316,0.02562,-0.02434,0.01145,-0.01473,0.00946,0.00178,0.00391,0.00213
24.12,0.00299,5e-05,0.00081,-0.01331,0.02266,-0.00555,0.00284,0.00838,-0.03667,-0.13861,0.01364,-0,-0.06192,0.138,-0.11649,-0.15698,0.28106,-0.11639,0.03542,0.04998,-0.03782,0.02518,0.07735,1.85738,0.50064,0.26672,0.00045,0.0321,0.00089,-0.061,0.04983,-0.12746,0.0794,-0.03456,0.00949,-0.00191,0.01353,0.00429,0.00505,0.00265
24.14,0.00398,0.00168,0.00128,-0.01363,0.02749,0.00155,0.0059,0.00459,-0.03166,-0.13966,0.00304,-0,-0.06612,0.13191,-0.11047,-0.14363,0.24066,-0.07022,0.04182,0.06226,-0.02649,-0.02755,0.02119,1.62393,0.43502,0.22565,0.00125,0.04622,-0.00037,-0.07031,0.05011,-0.1424,0.1467,-0.04775,0.00686,0.01219,0.01916,0.00791,0.00686,0.00346
24.16,0.00438,0.00335,0.0015,-0.01527,0.0337,0.00834,0.00738,0.00121,-0.02581,-0.13922,-0.01079,-0,-0.06486,0.1173,-0.08446,-0.12127,0.10123,-0.00623,0.03265,0.07134,-0.01617,-0.06418,-0.03201,1.35912,0.3617,0.17599,0.00234,0.06268,-0.00227,-0.07804,0.04893,-0.15595,0.22631,-0.06406,0.00408,0.0279,0.02632,0.01265,0.00929,0.00453
24.18,0.00415,0.0049,0.00143,-0.01791,0.04127,0.01451,0.00774,-0.00126,-0.02036,-0.13826,-0.02729,-0,-0.05861,0.09583,-0.04102,-0.09084,-0.11863,0.07077,0.01088,0.07661,-0.00672,-0.0851,-0.0816,1.07093,0.28212,0.11884,0.00375,0.08122,-0.00496,-0.08195,0.04613,-0.16526,0.31517,-0.08304,0.00141,0.04491,0.0347,0.01835,0.0122,0.00579
24.2,0.00329,0.00611,0.0011,-0.02114,0.04996,0.01978,0.00759,-0.00225,-0.01692,-0.13734,-0.04575,-0,-0.04893,0.07026,0.01458,-0.05328,-0.37547,0.15009,-0.01643,0.07754,0.00279,-0.09236,-0.12723,0.75992,0.19414,0.05509,0.00547,0.10135,-0.00853,-0.07904,0.04228,-0.16679,0.40801,-0.10359,-0.00102,0.06223,0.0438,0.02466,0.01536,0.00712
24.22,0.00181,0.00675,0.00057,-0.02449,0.05942,0.02387,0.00759,-0.00121,-0.01725,-0.1368,-0.06527,-0,-0.03786,0.04389,0.07568,-0.00987,-0.61372,0.2183,-0.04044,0.07374,0.01359,-0.08897,-0.16874,0.42348,0.09415,-0.01416,0.00747,0.12232,-0.01303,-0.06576,0.03798,-0.15725,0.49795,-0.1243,-0.0033,0.07841,0.05302,0.03112,0.01848,0.00839
24.24,-0.00027,0.00663,-6e-05,-0.02756,0.06942,0.02655,0.00836,0.0023,-0.0227,-0.13691,-0.08488,-0,-0.02695,0.01963,0.13625,0.03736,-0.78484,0.26393,-0.05386,0.0651,0.02653,-0.07805,-0.20611,0.06078,-0.01991,-0.08723,0.00966,0.14338,-0.01842,-0.03852,0.03281,-0.13497,0.5779,-0.14394,-0.00559,0.09186,0.06188,0.03719,0.02125,0.00947
24.26,-0.00296,0.00563,-0.00069,-0.02998,0.07993,0.02769,0.01032,0.00841,-0.03386,-0.13806,-0.10352,-0,-0.01668,-0.00057,0.19206,0.08521,-0.85994,0.28068,-0.05321,0.05195,0.04163,-0.0623,-0.23943,-0.32248,-0.14623,-0.16125,0.01186,0.16377,-0.02451,0.00591,0.02466,-0.10101,0.64114,-0.16174,-0.00816,0.10111,0.07019,0.04235,0.02339,0.01022
24.28,-0.00629,0.0037,-0.00116,-0.03148,0.09108,0.02722,0.01373,0.01696,-0.05039,-0.14075,-0.11986,-0,-0.00639,-0.01565,0.24056,0.12873,-0.83222,0.26794,-0.03934,0.03517,0.05781,-0.04399,-0.26856,-0.71004,-0.27751,-0.23152,0.0138,0.18259,-0.03094,0.07001,0.00959,-0.05968,0.68095,-0.17732,-0.01135,0.10471,0.07802,0.04605,0.02465,0.01056
24.3,-0.01025,0.0009,-0.0013,-0.03184,0.10307,0.02514,0.01863,0.02744,-0.07106,-0.14558,-0.13224,-0,0.00551,-0.02524,0.2803,0.16137,-0.714,0.23006,-0.01691,0.01622,0.07295,-0.02504,-0.29298,-1.07401,-0.40096,-0.29134,0.0151,0.19869,-0.03709,0.15522,-0.01786,-0.01823,0.69043,-0.19055,-0.01547,0.10127,0.08554,0.04766,0.02474,0.01039
24.32,-0.01479,-0.00267,-0.00097,-0.03091,0.11606,0.02148,0.02507,0.03917,-0.09409,-0.15308,-0.13908,-0,0.02082,-0.02938,0.3104,0.17635,-0.52914,0.17424,0.00755,-0.00316,0.08452,-0.00711,-0.31195,-1.38155,-0.50145,-0.33348,0.01525,0.21079,-0.04203,0.2619,-0.06355,0.01492,0.66361,-0.20136,-0.0207,0.08965,0.09291,0.04659,0.02342,0.00963
24.34,-0.01983,-0.00687,-6e-05,-0.02868,0.13017,0.0163,0.03326,0.05155,-0.11766,-0.16351,-0.13939,-0,0.0407,-0.02823,0.33017,0.16913,-0.30285,0.10763,0.02834,-0.0214,0.09052,0.00842,-0.32506,-1.60645,-0.56684,-0.35276,0.01356,0.21775,-0.04448,0.3894,-0.13218,0.03298,0.59769,-0.2097,-0.02683,0.0694,0.10006,0.04242,0.02053,0.00823
24.36,-0.0252,-0.01155,0.00145,-0.0253,0.14529,0.00971,0.04372,0.06417,-0.14026,-0.17664,-0.13326,-0,0.06496,-0.02195,0.33872,0.13911,-0.0556,0.03567,0.04243,-0.03733,0.09015,0.02046,-0.33251,-1.73658,-0.59146,-0.3478,0.00922,0.21878,-0.04272,0.53561,-0.22593,0.03263,0.49479,-0.21537,-0.03311,0.04111,0.10652,0.035,0.016,0.00618
24.38,-0.03064,-0.01649,0.00343,-0.02112,0.16104,0.0019,0.05725,0.07676,-0.16052,-0.19165,-0.12199,-0,0.0917,-0.01065,0.3348,0.09025,0.19678,-0.03786,0.04982,-0.05014,0.08395,0.028,-0.33517,-1.77446,-0.57666,-0.32146,0.00132,0.21345,-0.03462,0.69581,-0.34347,0.01454,0.36306,-0.21804,-0.03812,0.00673,0.11134,0.02458,0.00996,0.00353
24.4,-0.03571,-0.02143,0.00567,-0.01669,0.17663,-0.00682,0.07478,0.08908,-0.17709,-0.20708,-0.10797,-0,0.1174,0.00547,0.31682,0.0308,0.44098,-0.11021,0.05302,-0.05923,0.07371,0.03015,-0.33426,-1.73459,-0.52977,-0.2803,-0.01118,0.20168,-0.01767,0.862,-0.47966,-0.01717,0.21658,-0.21709,-0.03984,-0.03049,0.11304,0.01176,0.0027,0.00039
24.42,-0.03993,-0.02604,0.00791,-0.01265,0.19102,-0.01611,0.09724,0.10094,-0.1888,-0.22114,-0.0942,-0,0.13791,0.0259,0.28336,-0.02826,0.66543,-0.17927,0.05571,-0.06419,0.06198,0.02638,-0.33066,-1.6382,-0.46122,-0.23296,-0.02927,0.18382,0.01099,1.02436,-0.62672,-0.05619,0.07215,-0.21169,-0.03597,-0.06667,0.10974,-0.00269,-0.00537,-0.00306
24.44,-0.04285,-0.03006,0.00997,-0.00954,0.20324,-0.02575,0.12538,0.11223,-0.19492,-0.23215,-0.0836,-0,0.14995,0.04932,0.23401,-0.07557,0.86036,-0.24349,0.06095,-0.06485,0.05158,0.01694,-0.32385,-1.50671,-0.38066,-0.18782,-0.0538,0.16075,0.05429,1.17401,-0.77632,-0.09594,-0.05559,-0.20072,-0.02444,-0.09856,0.09929,-0.01813,-0.01379,-0.00665
24.46,-0.04414,-0.0333,0.01178,-0.00773,0.2125,-0.03567,0.15952,0.12295,-0.19536,-0.23883,-0.07855,-0,0.15214,0.0733,0.17018,-0.10086,1.01722,-0.30147,0.06983,-0.06133,0.04518,0.00327,-0.31133,-1.35777,-0.29466,-0.15151,-0.08531,0.13409,0.115,1.3044,-0.9204,-0.13074,-0.15713,-0.1829,-0.00381,-0.1242,0.07949,-0.03418,-0.02214,-0.01018
24.48,-0.04361,-0.03563,0.01343,-0.00735,0.21816,-0.04594,0.19925,0.13312,-0.19076,-0.24032,-0.08081,-0,0.14525,0.09401,0.09572,-0.09504,1.12716,-0.35148,0.0811,-0.05405,0.04526,-0.01185,-0.28842,-1.20527,-0.20664,-0.12887,-0.12376,0.10641,0.19526,1.41067,-1.05037,-0.15582,-0.22808,-0.15687,0.02651,-0.14291,0.04819,-0.05067,-0.02993,-0.0134
24.5,-0.04117,-0.03698,0.01508,-0.00835,0.21968,-0.05667,0.24328,0.1427,-0.18231,-0.23614,-0.09155,-0,0.13178,0.10624,0.01686,-0.05,1.18044,-0.39111,0.09146,-0.04382,0.05425,-0.02434,-0.2486,-1.0605,-0.11789,-0.12324,-0.16834,0.08129,0.29616,1.48849,-1.15635,-0.16712,-0.26793,-0.12136,0.06614,-0.15501,0.00345,-0.06747,-0.03659,-0.01603
24.52,-0.03681,-0.03726,0.01692,-0.01051,0.21654,-0.06797,0.28981,0.15158,-0.17141,-0.22638,-0.11109,-0,0.11465,0.10428,-0.05973,0.041,1.16892,-0.41788,0.09683,-0.03191,0.0745,-0.02921,-0.18416,-0.93237,-0.02857,-0.13635,-0.21775,0.06251,0.41785,1.53381,-1.2286,-0.16169,-0.27894,-0.07534,0.11393,-0.16154,-0.05642,-0.08445,-0.04147,-0.01775
24.54,-0.0306,-0.03639,0.01902,-0.01342,0.20828,-0.08,0.33722,0.15961,-0.15919,-0.21198,-0.13846,-0,0.09534,0.08332,-0.12992,0.18261,1.09077,-0.4304,0.09428,-0.02034,0.10826,-0.02133,-0.08731,-0.82698,0.06108,-0.16797,-0.27055,0.05293,0.55985,1.54321,-1.26041,-0.13846,-0.26507,-0.01819,0.16815,-0.1641,-0.13289,-0.10146,-0.04399,-0.01825
24.56,-0.02269,-0.03427,0.02127,-0.01648,0.19458,-0.09292,0.38427,0.16665,-0.14622,-0.195,-0.17103,-0,0.07267,0.04055,-0.19407,0.3762,0.95409,-0.42915,0.08337,-0.012,0.15756,0.00405,0.04874,-0.74762,0.14969,-0.21547,-0.32532,0.05366,0.7207,1.51424,-1.25008,-0.09889,-0.23141,0.04995,0.22655,-0.16461,-0.22691,-0.1182,-0.04365,-0.01729
24.58,-0.01338,-0.03079,0.02331,-0.01885,0.17533,-0.10682,0.42993,0.17249,-0.1325,-0.17884,-0.20415,-0,0.04265,-0.02436,-0.257,0.6183,0.77876,-0.41667,0.06651,-0.01083,0.22381,0.05103,0.22862,-0.69551,0.23374,-0.27343,-0.38025,0.06389,0.89676,1.44555,-1.20136,-0.04739,-0.18417,0.12759,0.28586,-0.16537,-0.33812,-0.13412,-0.04008,-0.01472
24.6,-0.00314,-0.02586,0.02456,-0.01951,0.15067,-0.12156,0.47299,0.1768,-0.11763,-0.16808,-0.2313,-0,-0.00109,-0.1092,-0.32698,0.89979,0.59529,-0.3973,0.04864,-0.02174,0.30756,0.12296,0.45398,-0.67034,0.30717,-0.33372,-0.43287,0.08112,1.0814,1.33696,-1.12281,0.00888,-0.13064,0.21167,0.34161,-0.16888,-0.46441,-0.14834,-0.03303,-0.01044
24.62,0.00747,-0.0194,0.0244,-0.01738,0.1208,-0.13684,0.51213,0.17916,-0.10108,-0.16761,-0.2455,-0,-0.06625,-0.21017,-0.41388,1.20745,0.43753,-0.3765,0.03546,-0.05035,0.4086,0.22262,0.7239,-0.66987,0.36231,-0.38691,-0.48049,0.10208,1.26642,1.18938,-1.02553,0.06168,-0.07816,0.29819,0.38877,-0.17756,-0.60216,-0.15973,-0.02244,-0.00448
24.64,0.01795,-0.0114,0.02234,-0.01161,0.08567,-0.15221,0.54638,0.17921,-0.08242,-0.18116,-0.24155,-0,-0.16043,-0.32326,-0.5268,1.52707,0.33142,-0.35983,0.03097,-0.10236,0.52631,0.35242,1.03585,-0.68879,0.39161,-0.42461,-0.52112,0.12394,1.44475,1.00475,-0.92006,0.10429,-0.0325,0.38358,0.42313,-0.19327,-0.74719,-0.16729,-0.00854,0.00299
24.66,0.02792,-0.00194,0.01821,-0.0018,0.04487,-0.16706,0.5752,0.17662,-0.06168,-0.21029,-0.21758,-0,-0.2897,-0.44482,-0.67198,1.84435,0.28757,-0.35234,0.0357,-0.18297,0.65949,0.514,1.38517,-0.7178,0.3889,-0.44092,-0.55399,0.14508,1.61172,0.78673,-0.81459,0.13318,0.0031,0.46531,0.44208,-0.21687,-0.89481,-0.17025,0.00803,0.01161
24.68,0.0371,0.00874,0.01225,0.01194,-0.00208,-0.18053,0.59834,0.17124,-0.03948,-0.25391,-0.17564,-0,-0.45744,-0.57082,-0.85126,2.14284,0.29977,-0.35845,0.04627,-0.29618,0.80531,0.70715,1.76249,-0.74322,0.34956,-0.43265,-0.57941,0.16515,1.76417,0.54237,-0.7153,0.14818,0.02789,0.54142,0.44464,-0.24804,-1.03877,-0.16813,0.02606,0.02073
24.7,0.0452,0.02018,0.00506,0.02888,-0.05545,-0.1914,0.61554,0.16298,-0.01714,-0.30842,-0.1213,-0,-0.66369,-0.69604,-1.06151,2.40201,0.34795,-0.38218,0.05592,-0.44444,0.95859,0.92876,2.15186,-0.74795,0.27041,-0.39893,-0.5984,0.18473,1.89898,0.2831,-0.62713,0.15188,0.04306,0.60995,0.43115,-0.28515,-1.17052,-0.16069,0.04375,0.02943
24.72,0.05199,0.03179,-0.00259,0.04789,-0.11529,-0.19831,0.62656,0.15186,0.00379,-0.3687,-0.06198,-0,-0.90597,-0.81434,-1.29601,2.59931,0.40699,-0.42762,0.05666,-0.62898,1.11256,1.17363,2.53297,-0.71608,0.14969,-0.34071,-0.6125,0.20481,2.01279,0.0227,-0.55383,0.14839,0.05097,0.6691,0.40291,-0.32571,-1.28055,-0.14794,0.0591,0.03669
24.74,0.05738,0.04309,-0.01,0.06754,-0.18159,-0.20004,0.63121,0.13789,0.0222,-0.42973,-0.00443,-0,-1.1809,-0.91971,-1.54707,2.7148,0.4592,-0.49943,0.04227,-0.85069,1.26049,1.43607,2.88619,-0.63973,-0.01286,-0.2601,-0.62351,0.22608,2.10233,-0.22672,-0.49727,0.1418,0.05416,0.71797,0.36175,-0.36693,-1.36124,-0.1302,0.07052,0.04172
24.76,0.06152,0.05375,-0.01674,0.08626,-0.25412,-0.19585,0.62951,0.1211,0.03786,-0.48743,0.04681,-0,-1.48429,-1.00663,-1.80689,2.73417,0.50266,-0.60294,0.01054,-1.10975,1.39638,1.71012,3.19481,-0.52414,-0.21525,-0.16035,-0.63339,0.24838,2.16447,-0.45659,-0.45727,0.13511,0.05473,0.75683,0.30998,-0.40606,-1.40848,-0.10824,0.07725,0.04415
24.78,0.06476,0.06354,-0.02261,0.10216,-0.33188,-0.18545,0.62164,0.10166,0.0514,-0.53844,0.08939,-0,-1.80903,-1.0694,-2.06588,2.64896,0.55315,-0.74349,-0.036,-1.40379,1.51409,1.98758,3.44312,-0.38974,-0.45169,-0.04645,-0.64413,0.27038,2.19565,-0.66057,-0.43183,0.13,0.05411,0.78697,0.2507,-0.44014,-1.4217,-0.08342,0.07936,0.04411
24.8,0.0676,0.0723,-0.0276,0.113,-0.41275,-0.16904,0.60795,0.07997,0.06409,-0.57966,0.1226,-0,-2.14324,-1.1017,-2.311,2.45583,0.64121,-0.92545,-0.0905,-1.72636,1.60642,2.25633,3.61432,-0.27069,-0.71161,0.07443,-0.6576,0.28961,2.19152,-0.8328,-0.4177,0.12699,0.05314,0.8102,0.18798,-0.46579,-1.40308,-0.05774,0.07764,0.04209
24.82,0.07059,0.07986,-0.0318,0.11653,-0.49401,-0.14718,0.58883,0.05657,0.07745,-0.60825,0.14682,-0,-2.47154,-1.09745,-2.5267,2.15546,0.80271,-1.15102,-0.14412,-2.06786,1.66593,2.50154,3.69196,-0.20636,-0.98124,0.19417,-0.67519,0.30313,2.14771,-0.96794,-0.41098,0.12575,0.05218,0.82859,0.12623,-0.4797,-1.35643,-0.03346,0.07327,0.0388
24.84,0.07422,0.08618,-0.03536,0.11118,-0.57353,-0.12062,0.56464,0.032,0.09277,-0.62185,0.16307,-0,-2.77848,-1.05266,-2.69768,1.75154,1.06504,-1.41873,-0.1895,-2.41815,1.68676,2.70882,3.66379,-0.22847,-1.24672,0.30583,-0.69742,0.30862,2.06147,-1.06256,-0.4078,0.12557,0.0513,0.84414,0.06901,-0.47941,-1.28602,-0.01231,0.06745,0.03494
24.86,0.07886,0.09134,-0.03844,0.0965,-0.65029,-0.09029,0.53574,0.00674,0.11076,-0.61881,0.17261,-0,-3.04973,-0.96699,-2.81025,1.25179,1.43659,-1.72145,-0.22302,-2.76707,1.66604,2.86575,3.52485,-0.35198,-1.49536,0.40473,-0.72352,0.30515,1.93314,-1.11587,-0.40478,0.12566,0.05044,0.85859,0.01842,-0.46399,-1.19601,0.00487,0.06114,0.03104
24.88,0.08465,0.09548,-0.04114,0.07335,-0.72395,-0.0575,0.50268,-0.01865,0.13127,-0.59817,0.17674,-0,-3.27031,-0.84457,-2.85164,0.67157,1.9016,-2.04366,-0.24505,-3.10196,1.60413,2.9609,3.27891,-0.5721,-1.71403,0.488,-0.75115,0.29338,1.76738,-1.12936,-0.39915,0.1252,0.04943,0.87323,-0.02465,-0.43426,-1.09094,0.01812,0.05506,0.02745
24.9,0.09157,0.09882,-0.04354,0.0439,-0.79422,-0.02414,0.46632,-0.0433,0.15327,-0.55957,0.17669,-0,-3.42296,-0.69419,-2.80914,0.03627,2.41999,-2.36041,-0.25918,-3.40552,1.50444,2.98272,2.93813,-0.86525,-1.88755,0.55365,-0.77644,0.27537,1.57343,-1.10607,-0.38876,0.12339,0.04805,0.88881,-0.06006,-0.39265,-0.97617,0.02817,0.04971,0.0244
24.92,0.09942,0.10158,-0.04566,0.01101,-0.86079,0.00767,0.42763,-0.06617,0.17512,-0.50305,0.17355,-0,-3.49027,-0.52772,-2.67082,-0.6227,2.93578,-2.64111,-0.27017,-3.65778,1.37223,2.92039,2.51964,-1.19449,-2.00004,0.60005,-0.79466,0.25396,1.36298,-1.0499,-0.37201,0.11951,0.04603,0.90562,-0.08818,-0.34261,-0.85729,0.03608,0.04544,0.02198
24.94,0.10799,0.10401,-0.04752,-0.02252,-0.92369,0.036,0.38719,-0.08638,0.19499,-0.42878,0.16809,-0,-3.45944,-0.35776,-2.42755,-1.27583,3.39087,-2.85678,-0.28123,-3.84069,1.21308,2.76621,2.04012,-1.51771,-2.03815,0.62577,-0.80141,0.23188,1.14669,-0.96507,-0.3477,0.11295,0.04313,0.92358,-0.10982,-0.28774,-0.73888,0.04296,0.04234,0.02019
24.96,0.11712,0.10636,-0.04916,-0.05444,-0.98322,0.05945,0.34502,-0.10328,0.21114,-0.33722,0.16082,-0,-3.32588,-0.19647,-2.07548,-1.89875,3.73299,-2.9843,-0.2921,-3.9409,1.0325,2.51795,1.51402,-1.79215,-1.99344,0.62945,-0.79346,0.21121,0.93251,-0.85612,-0.31506,0.10339,0.0392,0.94228,-0.12611,-0.23133,-0.62406,0.04966,0.04034,0.01894
24.98,0.12659,0.10891,-0.05065,-0.08287,-1.03957,0.07701,0.30084,-0.11638,0.22183,-0.22974,0.15194,-0,-3.0948,-0.05661,-1.61886,-2.46826,3.91478,-3.00622,-0.29845,-3.94935,0.83704,2.18099,0.95682,-1.97322,-1.86295,0.60967,-0.76895,0.19341,0.72687,-0.72862,-0.27395,0.09081,0.03425,0.9609,-0.13838,-0.17666,-0.51524,0.05672,0.03914,0.01803
25,0.13609,0.11189,-0.05204,-0.10615,-1.0923,0.08784,0.25437,-0.1252,0.22527,-0.10913,0.14147,-0,-2.78074,0.04805,-1.07206,-2.95847,3.89288,-2.90998,-0.29256,-3.86016,0.6352,1.76916,0.38814,-2.01482,-1.64939,0.56501,-0.72728,0.17949,0.53618,-0.58967,-0.22507,0.07556,0.02839,0.97804,-0.14793,-0.12733,-0.41488,0.06431,0.03832,0.01725
25.02,0.14529,0.11555,-0.05339,-0.12283,-1.14051,0.09138,0.20534,-0.12933,0.21985,0.02097,0.12936,-0,-2.40356,0.10587,-0.45857,-3.34426,3.63621,-2.68974,-0.26604,-3.67019,0.43604,1.30206,-0.17072,-1.87926,-1.3616,0.49494,-0.66885,0.16999,0.36651,-0.44697,-0.16984,0.05827,0.02186,0.99187,-0.1559,-0.08672,-0.3252,0.0723,0.03741,0.01635
25.04,0.15382,0.12016,-0.05478,-0.132,-1.18322,0.08753,0.15323,-0.12853,0.20465,0.15725,0.11551,-0,-1.98227,0.11289,0.19174,-3.6097,3.14048,-2.35013,-0.21397,-3.37939,0.24621,0.80034,-0.70299,-1.55349,-1.01539,0.40117,-0.59464,0.1649,0.22193,-0.30698,-0.11005,0.03963,0.01491,1.00039,-0.16311,-0.05692,-0.24706,0.08047,0.03603,0.01515
25.06,0.16139,0.12603,-0.05635,-0.13346,-1.21953,0.07686,0.09738,-0.12288,0.17986,0.29708,0.10002,-0,-1.53245,0.07665,0.84223,-3.75327,2.44044,-1.91037,-0.13794,-2.99231,0.06862,0.28424,-1.19891,-1.06187,-0.63548,0.289,-0.50619,0.16359,0.10384,-0.17417,-0.04792,0.02036,0.00782,1.00156,-0.16998,-0.03812,-0.17944,0.08858,0.034,0.01357
25.08,0.16771,0.13346,-0.05823,-0.12772,-1.24842,0.06071,0.03735,-0.11283,0.14701,0.43756,0.08323,-0,-1.06873,0.01744,1.4443,-3.7877,1.61782,-1.40831,-0.04734,-2.52099,-0.09658,-0.22289,-1.6525,-0.47279,-0.25885,0.16842,-0.40626,0.1648,0.01175,-0.05182,0.01348,0.00136,0.00086,0.99336,-0.17641,-0.02859,-0.11986,0.09633,0.03139,0.01169
25.1,0.17239,0.14272,-0.06057,-0.11589,-1.26846,0.04111,-0.02666,-0.09916,0.10896,0.57457,0.06586,-0,-0.60776,-0.03382,1.93595,-3.73692,0.79795,-0.90022,0.0413,-1.98657,-0.25036,-0.69201,-2.05778,0.10531,0.06531,0.05406,-0.29925,0.16678,-0.0556,0.05704,0.06992,-0.01623,-0.00556,0.97372,-0.18184,-0.02508,-0.06503,0.1033,0.0285,0.0097
25.12,0.17506,0.15405,-0.0635,-0.09944,-1.27805,0.02046,-0.09385,-0.08281,0.0693,0.70311,0.04885,-0,-0.16648,-0.04364,2.25456,-3.63016,0.12024,-0.44875,0.10892,-1.41538,-0.3938,-1.09287,-2.40898,0.55039,0.28574,-0.03798,-0.19068,0.16761,-0.09983,0.15001,0.11688,-0.0312,-0.01105,0.94069,-0.18544,-0.02368,-0.01135,0.109,0.02573,0.00784
25.14,0.1754,0.1677,-0.0671,-0.07975,-1.276,0.00088,-0.16301,-0.0647,0.03131,0.81853,0.03307,-0,0.24241,0.01188,2.35905,-3.49451,-0.30824,-0.10333,0.14081,-0.83181,-0.52756,-1.40321,-2.70346,0.76766,0.36601,-0.09533,-0.08597,0.16581,-0.12291,0.22651,0.15091,-0.0426,-0.01527,0.89261,-0.18658,-0.02085,0.04479,0.11301,0.02341,0.00633
25.16,0.17321,0.18393,-0.07132,-0.05803,-1.26187,-0.01609,-0.23259,-0.04552,-0.00258,0.91696,0.01919,-0,0.61228,0.13856,2.24531,-3.35041,-0.44358,0.11226,0.1314,-0.25535,-0.65114,-1.61435,-2.94293,0.71736,0.2962,-0.11282,0.01002,0.16064,-0.12718,0.28848,0.17066,-0.04995,-0.01804,0.82849,-0.18505,-0.01425,0.10655,0.11501,0.02172,0.00529
25.18,0.16849,0.20288,-0.07601,-0.03534,-1.23621,-0.02945,-0.30006,-0.02594,-0.0307,0.99463,0.00776,-0,0.94016,0.32105,1.95042,-3.21153,-0.31122,0.20111,0.08544,0.29575,-0.76162,-1.73062,-3.13175,0.42157,0.09593,-0.09305,0.09241,0.15226,-0.11529,0.33999,0.17682,-0.05324,-0.01934,0.74851,-0.1812,-0.0029,0.17616,0.1148,0.02065,0.00471
25.2,0.16135,0.22447,-0.08085,-0.01277,-1.20048,-0.03859,-0.36163,-0.00666,-0.05181,1.04732,-0.00071,-0,1.22371,0.52496,1.54733,-3.08604,0.00394,0.18861,0.01663,0.80076,-0.85322,-1.76616,-3.27467,-0.04309,-0.18894,-0.04535,0.15568,0.14163,-0.09004,0.38647,0.17179,-0.05283,-0.01925,0.65432,-0.17581,0.01286,0.25448,0.11225,0.02003,0.00451
25.22,0.15202,0.24842,-0.0854,0.00866,-1.15666,-0.04321,-0.413,0.01158,-0.06519,1.07109,-0.00596,-0,1.461,0.70713,1.12493,-2.97757,0.38646,0.11304,-0.05692,1.23895,-0.91885,-1.74011,-3.37581,-0.57025,-0.49861,0.01746,0.19455,0.13022,-0.05423,0.43374,0.15882,-0.0493,-0.01791,0.54861,-0.16987,0.03188,0.34141,0.10727,0.01958,0.00455
25.24,0.14064,0.27442,-0.08921,0.02828,-1.10667,-0.04331,-0.4508,0.02819,-0.07074,1.0641,-0.00827,-0,1.65204,0.83113,0.75896,-2.88578,0.731,0.01352,-0.11939,1.59609,-0.95314,-1.67093,-3.4386,-1.05939,-0.77727,0.08344,0.20564,0.1194,-0.01062,0.48687,0.14101,-0.04333,-0.01555,0.43422,-0.16417,0.05282,0.43656,0.09971,0.01903,0.00466
25.26,0.12732,0.30204,-0.09182,0.04587,-1.05214,-0.03917,-0.47354,0.04283,-0.06923,1.02791,-0.0087,-0,1.79944,0.87756,0.49327,-2.80703,0.96886,-0.07784,-0.16158,1.86796,-0.95455,-1.573,-3.46563,-1.43845,-0.98437,0.14424,0.18875,0.11014,0.03799,0.54924,0.12069,-0.03566,-0.01244,0.31395,-0.15904,0.07464,0.53947,0.0894,0.01811,0.00472
25.28,0.11216,0.33063,-0.09278,0.06155,-0.99476,-0.03139,-0.48156,0.05523,-0.06222,0.96794,-0.00913,-0,1.90725,0.84619,0.33717,-2.73516,1.07293,-0.13727,-0.1817,2.05889,-0.92571,-1.45623,-3.45826,-1.66667,-1.0958,0.19547,0.14714,0.10304,0.08842,0.62187,0.09937,-0.02706,-0.00894,0.19139,-0.15437,0.09645,0.64888,0.07621,0.01661,0.00463
25.3,0.09537,0.35906,-0.09164,0.0756,-0.93659,-0.02087,-0.47668,0.06515,-0.052,0.89322,-0.01217,-0,1.97961,0.7533,0.27118,-2.66247,1.0519,-0.14851,-0.18422,2.17869,-0.87286,-1.32712,-3.41643,-1.72951,-1.1013,0.23576,0.08722,0.09834,0.1368,0.70322,0.078,-0.01844,-0.00546,0.07158,-0.14965,0.11742,0.76209,0.06009,0.01437,0.00429
25.32,0.0772,0.38592,-0.08797,0.0883,-0.87986,-0.00867,-0.46155,0.07242,-0.0411,0.81445,-0.0207,-0,2.02029,0.62453,0.25915,-2.58096,0.9373,-0.1027,-0.17713,2.23971,-0.80417,-1.18972,-3.33926,-1.63287,-1.00203,0.26564,0.01712,0.09603,0.17911,0.78995,0.05709,-0.01065,-0.00245,-0.03966,-0.14414,0.13679,0.87547,0.04117,0.0113,0.00366
25.34,0.05779,0.40989,-0.08147,0.09972,-0.8263,0.00418,-0.4389,0.07703,-0.03163,0.74113,-0.03724,-0,2.0329,0.4848,0.26432,-2.4837,0.76638,0.0012,-0.16827,2.25425,-0.72736,-1.04684,-3.22608,-1.39699,-0.8083,0.286,-0.05544,0.09579,0.21204,0.87847,0.03696,-0.00437,-0.00023,-0.13742,-0.13706,0.15403,0.98556,0.01973,0.0074,0.00273
25.36,0.03721,0.42988,-0.07204,0.10963,-0.77697,0.01676,-0.41114,0.07931,-0.02487,0.67993,-0.06346,-0,2.02115,0.35201,0.26023,-2.36617,0.57112,0.15561,-0.16284,2.23293,-0.64841,-0.90128,-3.07777,-1.05358,-0.53902,0.29716,-0.12427,0.09701,0.2335,0.96554,0.01791,8e-05,0.00102,-0.21854,-0.12778,0.16889,1.0895,-0.00367,0.0028,0.00154
25.38,0.01552,0.44493,-0.0599,0.11735,-0.73252,0.02817,-0.38043,0.07985,-0.02123,0.63467,-0.09986,-0,1.98883,0.23636,0.23359,-2.22742,0.3767,0.34314,-0.1628,2.18427,-0.57178,-0.75732,-2.89799,-0.64722,-0.22335,0.29837,-0.1845,0.0988,0.24261,1.04788,0.00044,0.00266,0.00134,-0.28114,-0.11592,0.18132,1.18436,-0.02801,-0.00224,0.00017
25.4,-0.00701,0.45404,-0.04558,0.12175,-0.69357,0.0375,-0.34885,0.07946,-0.02034,0.60699,-0.14569,-0,1.93978,0.14194,0.18318,-2.07043,0.20301,0.53709,-0.16721,2.11477,-0.50097,-0.62144,-2.69372,-0.23501,0.09943,0.28801,-0.23204,0.1,0.2394,1.12154,-0.0147,0.00362,0.0009,-0.32393,-0.10136,0.19129,1.26639,-0.05171,-0.00726,-0.00123
25.42,-0.03005,0.45622,-0.02977,0.12145,-0.66058,0.04394,-0.31831,0.07891,-0.02122,0.59668,-0.19906,-0,1.87734,0.06851,0.11617,-1.90052,0.06482,0.70702,-0.17333,2.02905,-0.43841,-0.50101,-2.47347,0.12326,0.38702,0.26428,-0.26369,0.09946,0.22455,1.18234,-0.0266,0.00332,-6e-05,-0.34611,-0.08429,0.19866,1.3315,-0.07296,-0.01177,-0.00248
25.44,-0.05335,0.4507,-0.0131,0.11525,-0.63331,0.04695,-0.29024,0.07862,-0.02253,0.60189,-0.25723,-0,1.80381,0.01342,0.0427,-1.72253,-0.02907,0.82767,-0.17813,1.93011,-0.38485,-0.40184,-2.24405,0.38111,0.60565,0.2265,-0.2776,0.09642,0.19919,1.22685,-0.03456,0.00215,-0.00126,-0.34772,-0.06511,0.20306,1.37631,-0.09035,-0.01533,-0.00344
25.46,-0.07685,0.43706,0.00399,0.1024,-0.6106,0.04648,-0.26557,0.07843,-0.02264,0.61918,-0.31662,-0,1.72025,-0.02695,-0.02748,-1.53948,-0.07614,0.88473,-0.17936,1.81982,-0.33912,-0.32659,-2.00917,0.51564,0.7374,0.17609,-0.27358,0.09072,0.16487,1.25302,-0.03831,0.00043,-0.00253,-0.32995,-0.04449,0.20382,1.39891,-0.10315,-0.01771,-0.00402
25.48,-0.10048,0.41537,0.02115,0.08281,-0.59052,0.04297,-0.24481,0.07753,-0.01972,0.64346,-0.37237,-0,1.62703,-0.05641,-0.08538,-1.35358,-0.07973,0.87569,-0.17577,1.69987,-0.29842,-0.27512,-1.7708,0.52876,0.78089,0.1172,-0.25321,0.08295,0.12381,1.26005,-0.038,-0.0016,-0.00372,-0.29522,-0.0235,0.19989,1.39877,-0.11135,-0.01885,-0.0042
25.5,-0.12399,0.38621,0.03801,0.057,-0.57054,0.03728,-0.2283,0.07459,-0.01181,0.6681,-0.384,-0,1.52445,-0.0786,-0.12245,-1.16753,-0.04791,0.80807,-0.167,1.57242,-0.25892,-0.24531,-1.53095,0.44324,0.74829,0.05661,-0.21955,0.07439,0.07896,1.24801,-0.03413,-0.00375,-0.00474,-0.24717,-0.00372,0.18993,1.3763,-0.11544,-0.01886,-0.004
25.52,-0.14703,0.35038,0.05417,0.02601,-0.54785,0.03053,-0.21615,0.06807,0.00284,0.68585,-0.384,-0,1.41265,-0.09675,-0.13154,-0.98422,0.00873,0.6953,-0.15334,1.43965,-0.21652,-0.23384,-1.29158,0.29323,0.65942,0.00214,-0.17647,0.06656,0.03357,1.21737,-0.02744,-0.00588,-0.00556,-0.18999,0.01315,0.17265,1.3324,-0.11623,-0.01793,-0.00349
25.54,-0.1693,0.30854,0.06932,-0.00895,-0.51955,0.02379,-0.20801,0.05684,0.02515,0.69016,-0.384,-0,1.2913,-0.1135,-0.10869,-0.80536,0.08006,0.55119,-0.13535,1.30257,-0.16771,-0.2369,-1.05347,0.11162,0.53402,-0.03986,-0.12763,0.06066,-0.00956,1.16845,-0.01871,-0.0079,-0.00615,-0.12759,0.02585,0.14731,1.26786,-0.1145,-0.01628,-0.00274
25.56,-0.19058,0.2611,0.08328,-0.04648,-0.48297,0.01792,-0.20296,0.04055,0.05477,0.67613,-0.384,-0,1.15967,-0.13082,-0.0546,-0.6312,0.15804,0.38684,-0.1137,1.16069,-0.1104,-0.25058,-0.81621,-0.07788,0.38703,-0.06617,-0.07595,0.05716,-0.04854,1.10139,-0.00872,-0.00972,-0.0065,-0.06322,0.03393,0.11419,1.18326,-0.1109,-0.01414,-0.00185
25.58,-0.21059,0.2085,0.0959,-0.08479,-0.43593,0.0136,-0.19951,0.01988,0.08974,0.64081,-0.384,-0,1.01767,-0.14983,0.0248,-0.46173,0.23662,0.21087,-0.08922,1.01299,-0.04448,-0.27092,-0.57993,-0.26147,0.22833,-0.07686,-0.0239,0.05571,-0.08215,1.01648,0.00169,-0.01125,-0.00662,0.00018,0.03778,0.07492,1.07953,-0.10588,-0.01174,-0.00089
25.6,-0.22886,0.15155,0.10691,-0.12151,-0.37695,0.01134,-0.19577,-0.00351,0.12653,0.58311,-0.3397,-0,0.86669,-0.17075,0.11864,-0.29796,0.31112,0.03068,-0.06309,0.85897,0.02794,-0.29391,-0.34695,-0.4331,0.06412,-0.07469,0.02616,0.05532,-0.10956,0.91459,0.01159,-0.01241,-0.00652,0.05954,0.0385,0.03253,0.95839,-0.09977,-0.00932,2e-05
25.62,-0.24482,0.09124,0.11604,-0.15405,-0.30507,0.01152,-0.18974,-0.02742,0.16081,0.50344,-0.26807,-0,0.70912,-0.1932,0.21389,-0.14156,0.37798,-0.14758,-0.03658,0.69874,0.1035,-0.31586,-0.1211,-0.59181,-0.10213,-0.06399,0.0719,0.05458,-0.13024,0.79702,0.02006,-0.01308,-0.00622,0.11179,0.03756,-0.0092,0.82206,-0.09289,-0.00712,0.00077
25.64,-0.25803,0.02842,0.12307,-0.18035,-0.21943,0.0143,-0.17982,-0.0498,0.18879,0.40315,-0.1888,-0,0.5471,-0.21674,0.29933,0.00639,0.43484,-0.31982,-0.01075,0.53255,0.17901,-0.33394,0.09444,-0.73886,-0.2689,-0.04905,0.11127,0.05213,-0.14418,0.66502,0.0263,-0.01321,-0.00573,0.15451,0.03655,-0.04685,0.67242,-0.0857,-0.00534,0.00129
25.66,-0.26834,-0.03633,0.12795,-0.19932,-0.11931,0.01967,-0.16515,-0.06923,0.20803,0.28464,-0.10607,-0,0.38227,-0.24111,0.36811,0.1459,0.48039,-0.48393,0.0137,0.3609,0.25228,-0.34647,0.29793,-0.8753,-0.4355,-0.03318,0.14251,0.04695,-0.15198,0.51998,0.0298,-0.01277,-0.00509,0.18618,0.03684,-0.07797,0.51104,-0.07899,-0.00415,0.00154
25.68,-0.27581,-0.10219,0.13073,-0.21073,-0.00485,0.02732,-0.14581,-0.08484,0.2175,0.15211,-0.02313,-0,0.21686,-0.26617,0.41781,0.27707,0.51397,-0.63853,0.03632,0.18596,0.32173,-0.35297,0.48768,-1.0002,-0.60056,-0.01857,0.1639,0.03844,-0.15474,0.36448,0.03027,-0.01178,-0.00433,0.206,0.03962,-0.10102,0.34033,-0.07389,-0.00367,0.0015
25.7,-0.28063,-0.16771,0.13156,-0.21504,0.1224,0.03669,-0.12278,-0.09613,0.21722,0.01211,0.05704,-0,0.05478,-0.29167,0.44949,0.3991,0.53518,-0.78172,0.05668,0.01252,0.38588,-0.35385,0.66057,-1.10997,-0.76092,-0.00645,0.17355,0.02647,-0.15398,0.20316,0.02764,-0.01031,-0.0035,0.2135,0.04584,-0.11508,0.16454,-0.07191,-0.00399,0.00122
25.72,-0.28301,-0.23103,0.13061,-0.21304,0.25989,0.04704,-0.09751,-0.10276,0.20791,-0.12781,0.13161,-0,-0.09914,-0.31733,0.46629,0.51063,0.54384,-0.9112,0.07439,-0.15305,0.44325,-0.35021,0.81252,-1.19937,-0.91229,0.00265,0.16956,0.01127,-0.15127,0.04187,0.02192,-0.00847,-0.00267,0.20851,0.05613,-0.11972,-0.0109,-0.07463,-0.00517,0.00073
25.74,-0.28318,-0.2906,0.12812,-0.20557,0.40522,0.05763,-0.07122,-0.1045,0.19045,-0.26145,0.19806,-0,-0.24098,-0.34301,0.47182,0.61094,0.54022,-1.02516,0.08916,-0.30506,0.4927,-0.34334,0.94016,-1.26386,-1.05092,0.00864,0.15053,-0.0067,-0.14783,-0.11415,0.01321,-0.00634,-0.00188,0.19105,0.07078,-0.11514,-0.18106,-0.08316,-0.00721,0.0001
25.76,-0.2813,-0.3454,0.12433,-0.19332,0.55634,0.06776,-0.0445,-0.10109,0.16566,-0.38525,0.2541,-0,-0.36857,-0.3687,0.46904,0.70046,0.52526,-1.12269,0.10093,-0.43971,0.53353,-0.33458,1.04156,-1.30098,-1.17439,0.0117,0.116,-0.02672,-0.14432,-0.26106,0.00164,-0.00402,-0.00118,0.16149,0.08955,-0.10216,-0.34213,-0.09781,-0.01006,-0.00064
25.78,-0.27752,-0.39464,0.11958,-0.17692,0.71051,0.07676,-0.01742,-0.09226,0.13435,-0.4976,0.29719,-0,-0.48071,-0.39439,0.46001,0.78021,0.50069,-1.20298,0.10967,-0.55423,0.56517,-0.32528,1.11564,-1.31039,-1.2808,0.01214,0.06674,-0.0477,-0.14074,-0.39542,-0.01257,-0.00157,-0.00059,0.12071,0.11151,-0.0824,-0.49032,-0.11788,-0.01356,-0.00143
25.8,-0.27197,-0.43729,0.11429,-0.15692,0.86336,0.08388,0.01024,-0.07775,0.09751,-0.5978,0.32426,-0,-0.57612,-0.41982,0.44591,0.85104,0.46898,-1.26464,0.11536,-0.64589,0.58684,-0.31681,1.16135,-1.29326,-1.36783,0.01041,0.00483,-0.06813,-0.13658,-0.51324,-0.029,0.00089,-0.00013,0.07028,0.13504,-0.05816,-0.62078,-0.1417,-0.01747,-0.00223
25.82,-0.26475,-0.47223,0.1089,-0.13385,1.0096,0.08842,0.0388,-0.05751,0.05626,-0.68555,0.33243,-0,-0.65342,-0.44457,0.42736,0.91346,0.43278,-1.30576,0.11795,-0.7122,0.5977,-0.31031,1.17785,-1.25166,-1.43277,0.00698,-0.06694,-0.0864,-0.13107,-0.61027,-0.04712,0.00328,0.00018,0.01236,0.15807,-0.03204,-0.72841,-0.16704,-0.02146,-0.00299
25.84,-0.25602,-0.49861,0.10381,-0.10806,1.14478,0.08988,0.0686,-0.0319,0.01168,-0.76106,0.32035,-0,-0.71175,-0.46818,0.40482,0.96795,0.39414,-1.32471,0.11744,-0.7519,0.59729,-0.30636,1.1654,-1.18787,-1.47338,0.00224,-0.14591,-0.10142,-0.12357,-0.68338,-0.06641,0.00553,0.00034,-0.05052,0.17856,-0.0063,-0.80967,-0.19175,-0.0252,-0.00364
25.86,-0.24601,-0.51613,0.09933,-0.07977,1.26601,0.08809,0.09976,-0.00198,-0.03509,-0.8248,0.2892,-0,-0.7511,-0.49018,0.37898,1.01493,0.35411,-1.32059,0.11392,-0.76571,0.58588,-0.30463,1.12615,-1.10421,-1.48833,-0.00352,-0.22999,-0.11295,-0.11391,-0.73127,-0.08636,0.00761,0.00036,-0.11539,0.19482,0.01754,-0.86378,-0.21413,-0.02839,-0.00412
25.88,-0.23513,-0.52489,0.09571,-0.04929,1.37128,0.08327,0.13198,0.03021,-0.08256,-0.87691,0.24318,-0,-0.77198,-0.50997,0.35105,1.05441,0.31289,-1.29334,0.10761,-0.75618,0.56458,-0.30392,1.06451,-1.00356,-1.47709,-0.0101,-0.31704,-0.12163,-0.10248,-0.75423,-0.10635,0.00953,0.00029,-0.17833,0.2054,0.03858,-0.89247,-0.23287,-0.03072,-0.00431
25.9,-0.22397,-0.52521,0.09315,-0.01723,1.45845,0.07598,0.16429,0.06162,-0.12854,-0.91675,0.18923,-0,-0.77506,-0.52661,0.3228,1.08562,0.27025,-1.24369,0.09888,-0.7274,0.53528,-0.30226,0.98702,-0.88979,-1.43982,-0.01735,-0.40434,-0.12875,-0.09024,-0.75355,-0.12552,0.01129,0.00019,-0.23416,0.20899,0.05632,-0.89929,-0.24684,-0.03185,-0.00411
25.92,-0.21328,-0.51761,0.09182,0.01557,1.52531,0.06696,0.19524,0.08881,-0.17053,-0.94296,0.13545,-0,-0.76104,-0.53895,0.29617,1.10716,0.22588,-1.17317,0.08823,-0.68406,0.50019,-0.2973,0.90107,-0.7674,-1.37737,-0.02513,-0.48867,-0.13584,-0.07842,-0.73116,-0.14286,0.01293,0.00011,-0.27693,0.20456,0.07061,-0.88892,-0.25499,-0.03147,-0.00341
25.94,-0.20369,-0.50273,0.09182,0.04824,1.5704,0.05693,0.22324,0.10897,-0.2063,-0.95392,0.08873,-0,-0.73081,-0.5458,0.27251,1.11742,0.17965,-1.08426,0.07629,-0.63042,0.46123,-0.28698,0.81299,-0.64056,-1.29162,-0.0333,-0.56676,-0.14414,-0.06805,-0.68931,-0.15752,0.01446,0.00012,-0.30106,0.19161,0.08165,-0.86654,-0.25636,-0.02934,-0.00214
25.96,-0.19568,-0.48153,0.09315,0.07986,1.59337,0.04652,0.24678,0.12063,-0.23432,-0.94818,0.05323,-0,-0.68565,-0.54612,0.25213,1.11492,0.13201,-0.98077,0.06384,-0.56983,0.41966,-0.26991,0.72699,-0.51294,-1.18606,-0.04171,-0.63545,-0.15414,-0.05964,-0.63066,-0.1689,0.01591,0.00026,-0.3021,0.17048,0.08996,-0.8375,-0.25008,-0.02534,-0.00028
25.98,-0.18957,-0.45534,0.09566,0.10923,1.59487,0.03627,0.26423,0.12373,-0.25356,-0.92444,0.03032,-0,-0.62758,-0.53901,0.23438,1.09828,0.08447,-0.86877,0.05196,-0.50498,0.37635,-0.24569,0.64558,-0.38865,-1.06663,-0.0501,-0.69115,-0.16548,-0.05315,-0.55863,-0.1766,0.01731,0.00057,-0.27678,0.1425,0.09631,-0.80745,-0.23542,-0.01954,0.00209
26,-0.18562,-0.42599,0.09911,0.13473,1.57623,0.02674,0.27371,0.11931,-0.26327,-0.88158,0.01907,-0,-0.55954,-0.52371,0.21789,1.06631,0.03973,-0.75683,0.04196,-0.43829,0.33206,-0.21488,0.57024,-0.27292,-0.94202,-0.05806,-0.72944,-0.17692,-0.04817,-0.47759,-0.18034,0.01864,0.00105,-0.22294,0.11001,0.10161,-0.78229,-0.21184,-0.01216,0.00481
26.02,-0.18401,-0.39548,0.10319,0.15456,1.53922,0.01849,0.27309,0.10912,-0.26299,-0.81874,0.01703,-0,-0.48489,-0.49963,0.20099,1.0181,0.00107,-0.65445,0.03517,-0.37163,0.28752,-0.17894,0.5015,-0.17139,-0.82193,-0.06508,-0.74587,-0.18672,-0.04398,-0.39207,-0.17988,0.01991,0.00173,-0.13974,0.07588,0.10685,-0.76728,-0.17913,-0.00355,0.00768
26.04,-0.18479,-0.36545,0.10756,0.16738,1.48595,0.01199,0.26027,0.09503,-0.25272,-0.73549,0.02111,-0,-0.4065,-0.46654,0.18213,0.95328,-0.02884,-0.56926,0.03239,-0.30561,0.24324,-0.13995,0.43873,-0.08829,-0.7141,-0.07065,-0.73734,-0.19324,-0.03968,-0.30543,-0.17503,0.02109,0.00259,-0.02788,0.04266,0.11293,-0.76555,-0.13771,0.00589,0.0105
26.06,-0.18785,-0.33692,0.11189,0.1726,1.41896,0.00766,0.23336,0.07867,-0.23311,-0.63221,0.02814,-0,-0.32647,-0.42478,0.16028,0.87245,-0.04863,-0.50533,0.03355,-0.2394,0.19961,-0.1006,0.38008,-0.02547,-0.62261,-0.07433,-0.70325,-0.1953,-0.03434,-0.2192,-0.1657,0.02216,0.00363,0.10967,0.01223,0.12065,-0.77714,-0.08897,0.01577,0.01314
26.08,-0.19287,-0.31043,0.11583,0.17047,1.34176,0.00582,0.19095,0.06152,-0.20564,-0.51098,0.035,-0,-0.24662,-0.37557,0.13519,0.77786,-0.05828,-0.46333,0.03763,-0.17107,0.15721,-0.06447,0.32295,0.01736,-0.54816,-0.07572,-0.64593,-0.19225,-0.027,-0.13353,-0.15198,0.02311,0.00483,0.26654,-0.01415,0.13056,-0.79861,-0.03564,0.02563,0.01549
26.1,-0.19934,-0.28632,0.11899,0.16194,1.25905,0.00679,0.13228,0.04493,-0.17262,-0.37612,0.03864,-0,-0.16905,-0.32122,0.10748,0.67376,-0.05882,-0.44123,0.0428,-0.09835,0.11711,-0.03612,0.2646,0.04188,-0.48907,-0.07445,-0.57053,-0.18393,-0.0168,-0.04806,-0.13413,0.0239,0.00615,0.43261,-0.0356,0.14293,-0.82359,0.01801,0.03487,0.01747
26.12,-0.20657,-0.26468,0.12093,0.14837,1.17599,0.0108,0.0577,0.03007,-0.13683,-0.23378,0.03643,-0,-0.0961,-0.26483,0.07851,0.56565,-0.05196,-0.43509,0.04695,-0.01937,0.08061,-0.02027,0.20258,0.05069,-0.44214,-0.07025,-0.48407,-0.17059,-0.00301,0.0377,-0.11264,0.0245,0.00756,0.59605,-0.05171,0.1576,-0.84495,0.06705,0.04291,0.01905
26.14,-0.21371,-0.24534,0.12125,0.1312,1.09679,0.01787,-0.03089,0.01773,-0.10093,-0.09086,0.02668,-0,-0.02984,-0.20955,0.05005,0.45889,-0.03971,-0.4398,0.04844,0.06659,0.04865,-0.02036,0.1352,0.04693,-0.40335,-0.06308,-0.39383,-0.15283,0.01485,0.12397,-0.08813,0.0249,0.00901,0.74702,-0.0629,0.17384,-0.85783,0.10737,0.04937,0.02026
26.16,-0.21976,-0.2278,0.11961,0.11185,1.02406,0.02778,-0.12933,0.00816,-0.06714,0.04522,0.00907,-0,0.02804,-0.15834,0.02418,0.35808,-0.02418,-0.44943,0.04659,0.15821,0.0216,-0.03756,0.06203,0.03404,-0.36851,-0.05326,-0.30672,-0.13165,0.03682,0.21022,-0.06141,0.0251,0.01046,0.87962,-0.07058,0.19014,-0.86187,0.13648,0.05424,0.02122
26.18,-0.22353,-0.21139,0.11573,0.09177,0.95914,0.03989,-0.2303,0.00116,-0.03748,0.16554,-0.01513,-0,0.07582,-0.1143,0.00347,0.26768,-0.00764,-0.45734,0.04187,0.25123,-0.00071,-0.07042,-0.0154,0.01584,-0.33367,-0.04153,-0.22969,-0.10857,0.06234,0.29443,-0.03372,0.02516,0.01186,0.99143,-0.07718,0.2041,-0.86164,0.15357,0.05784,0.02218
26.2,-0.22363,-0.19543,0.10943,0.07254,0.9028,0.05318,-0.32321,-0.0038,-0.01395,0.25909,-0.04318,-0,0.11137,-0.08093,-0.00901,0.19265,0.00749,-0.45633,0.0357,0.33828,-0.01864,-0.11504,-0.09336,-0.00358,-0.29543,-0.0291,-0.17028,-0.08571,0.09022,0.37263,-0.00682,0.02513,0.01316,1.08216,-0.08575,0.21251,-0.86595,0.15902,0.06075,0.02343
26.22,-0.21869,-0.1793,0.10062,0.05569,0.85536,0.06645,-0.39633,-0.00744,0.00166,0.31451,-0.07153,-0,0.13253,-0.0615,-0.01041,0.13771,0.01895,-0.43953,0.02995,0.41047,-0.03268,-0.16605,-0.16688,-0.02031,-0.25106,-0.01729,-0.13587,-0.06535,0.11891,0.43983,0.01739,0.0251,0.01431,1.15282,-0.0989,0.21241,-0.88543,0.15387,0.06371,0.02533
26.24,-0.20771,-0.16252,0.08933,0.04236,0.81666,0.07869,-0.44041,-0.01049,0.00824,0.32348,-0.09696,-0,0.13801,-0.05797,0.00078,0.10588,0.02528,-0.40178,0.02614,0.46032,-0.04347,-0.21792,-0.23149,-0.03132,-0.19858,-0.00709,-0.13228,-0.04927,0.14716,0.49173,0.03748,0.02513,0.01526,1.20521,-0.11717,0.20265,-0.92896,0.13914,0.06743,0.02822
26.26,-0.19036,-0.14479,0.07577,0.03306,0.78604,0.08922,-0.4511,-0.01355,0.00567,0.28306,-0.11728,-0,0.12797,-0.0701,0.02379,0.09742,0.02616,-0.34071,0.02487,0.48362,-0.05171,-0.26575,-0.28429,-0.03496,-0.13695,0.00119,-0.16261,-0.03828,0.17432,0.52585,0.05289,0.02527,0.01603,1.24141,-0.13793,0.185,-1.00108,0.11545,0.07252,0.03238
26.28,-0.16714,-0.12617,0.06045,0.02773,0.76267,0.09771,-0.42938,-0.01705,-0.00508,0.19644,-0.13127,-0,0.10426,-0.09526,0.05524,0.10974,0.02254,-0.25746,0.02572,0.47965,-0.05813,-0.30511,-0.32369,-0.03101,-0.06655,0.00788,-0.2269,-0.03224,0.20021,0.54138,0.0639,0.02554,0.01663,1.26336,-0.15491,0.16457,-1.10081,0.0831,0.07937,0.038
26.3,-0.13945,-0.10715,0.0442,0.02585,0.74573,0.10407,-0.38082,-0.02123,-0.02213,0.07248,-0.13851,-0,0.07022,-0.12866,0.08936,0.13782,0.01642,-0.15663,0.0274,0.45058,-0.0634,-0.33174,-0.34899,-0.02051,0.01052,0.01384,-0.32227,-0.03022,0.22486,0.53888,0.07142,0.02592,0.01711,1.27246,-0.1584,0.14958,-1.22178,0.04235,0.08816,0.04516
26.32,-0.10917,-0.08849,0.02807,0.02667,0.73446,0.10833,-0.31358,-0.02619,-0.04313,-0.07667,-0.13912,-0,0.03002,-0.16443,0.11945,0.17535,0.01021,-0.04491,0.02819,0.40047,-0.06803,-0.34206,-0.36013,-0.00528,0.09103,0.02003,-0.44379,-0.03092,0.24835,0.51979,0.0766,0.02639,0.01753,1.26934,-0.13665,0.14992,-1.35416,-0.00584,0.09871,0.05367
26.34,-0.07812,-0.07086,0.01301,0.02946,0.72786,0.1106,-0.23575,-0.03196,-0.066,-0.23893,-0.13358,-0,-0.01237,-0.19728,0.13997,0.21619,0.00591,0.07116,0.02662,0.3339,-0.07234,-0.33407,-0.35768,0.01272,0.17175,0.02707,-0.58585,-0.03307,0.27075,0.48619,0.08047,0.02688,0.01791,1.25371,-0.07805,0.17511,-1.48772,-0.05891,0.11043,0.06306
26.36,-0.04778,-0.05471,-0.00027,0.03364,0.7246,0.11101,-0.15373,-0.03855,-0.08925,-0.40409,-0.12266,-0,-0.05369,-0.22344,0.14803,0.25525,0.00443,0.18635,0.0219,0.2554,-0.07641,-0.30811,-0.34291,0.03179,0.24993,0.03482,-0.74252,-0.03576,0.29196,0.44073,0.08361,0.02731,0.01824,1.2244,0.02705,0.23268,-1.61346,-0.11183,0.12215,0.07239
26.38,-0.01941,-0.04029,-0.01123,0.03881,0.72301,0.10972,-0.07247,-0.04586,-0.11197,-0.56299,-0.10742,-0,-0.09123,-0.24075,0.14361,0.28843,0.00552,0.29614,0.01407,0.16976,-0.08004,-0.26719,-0.31785,0.05041,0.32284,0.04229,-0.90649,-0.03851,0.31148,0.38691,0.08607,0.02757,0.01847,1.1795,0.18539,0.32746,-1.7231,-0.15649,0.13204,0.0802
26.4,0.00569,-0.02785,-0.01941,0.04469,0.72116,0.10687,0.0039,-0.05372,-0.13359,-0.70646,-0.08922,-0,-0.12252,-0.24829,0.12922,0.31232,0.00791,0.3959,0.00398,0.0825,-0.08272,-0.21672,-0.28526,0.06716,0.38727,0.04768,-1.06823,-0.04115,0.32836,0.32917,0.08741,0.02752,0.01848,1.11672,0.3998,0.46117,-1.80822,-0.18202,0.13767,0.08455
26.42,0.02629,-0.01762,-0.0244,0.05105,0.71723,0.10263,0.07181,-0.06187,-0.15365,-0.82605,-0.06953,-0,-0.1454,-0.24607,0.10877,0.32424,0.00989,0.48115,-0.00709,-0.00067,-0.0839,-0.16327,-0.24823,0.08071,0.43982,0.04892,-1.21691,-0.04375,0.3413,0.27197,0.08688,0.027,0.01817,1.0342,0.66826,0.63199,-1.86088,-0.17754,0.13661,0.08353
26.44,0.04146,-0.00979,-0.02601,0.05757,0.70988,0.09723,0.12844,-0.07002,-0.17168,-0.91586,-0.04956,-0,-0.15838,-0.23462,0.08616,0.32256,0.01018,0.54838,-0.01787,-0.07496,-0.08316,-0.11246,-0.20947,0.09005,0.47778,0.04441,-1.34255,-0.04635,0.34905,0.21836,0.08381,0.02587,0.0174,0.93149,0.9826,0.83406,-1.87518,-0.13652,0.1274,0.076
26.46,0.05078,-0.00451,-0.02429,0.06379,0.69865,0.09097,0.17153,-0.07795,-0.18703,-0.97362,-0.03008,-0,-0.16083,-0.21486,0.06434,0.30695,0.00845,0.59557,-0.02739,-0.13708,-0.08051,-0.06784,-0.17106,0.09456,0.49969,0.03364,-1.43707,-0.04882,0.35058,0.16908,0.07778,0.02398,0.0161,0.81065,1.32653,1.05638,-1.84844,-0.05993,0.1103,0.06222
26.48,0.05418,-0.0019,-0.01957,0.069,0.68407,0.08435,0.19907,-0.08536,-0.19866,-1.00042,-0.01152,-0,-0.153,-0.1881,0.04522,0.2785,0.00553,0.62184,-0.035,-0.18483,-0.07641,-0.03087,-0.13465,0.09397,0.50519,0.01739,-1.49378,-0.0508,0.34519,0.12277,0.06882,0.02125,0.01421,0.67747,1.67255,1.28086,-1.7815,0.04237,0.08753,0.04403
26.5,0.05195,-0.00213,-0.01242,0.07224,0.66761,0.07799,0.2089,-0.09191,-0.20513,-0.99982,0.00585,-0,-0.13585,-0.15621,0.02994,0.23967,0.00323,0.62702,-0.04028,-0.21655,-0.07169,-0.0015,-0.10167,0.08835,0.4948,-0.00237,-1.50655,-0.05171,0.33238,0.07646,0.05735,0.01762,0.01173,0.54162,1.98159,1.48207,-1.67846,0.15246,0.06317,0.02476
26.52,0.04453,-0.00538,-0.00357,0.07245,0.65123,0.07259,0.19893,-0.09712,-0.20481,-0.97675,0.02184,-0,-0.11072,-0.12144,0.0192,0.19379,0.00384,0.61165,-0.04305,-0.23107,-0.06727,0.02116,-0.07328,0.07807,0.46989,-0.02296,-1.4698,-0.05084,0.31197,0.02588,0.0441,0.01309,0.00871,0.41449,2.21113,1.6323,-1.54548,0.24873,0.04231,0.00851
26.54,0.03248,-0.01171,0.00628,0.06874,0.63668,0.06869,0.16762,-0.10051,-0.19632,-0.93619,0.03638,-0,-0.0789,-0.08612,0.0136,0.14434,0.00932,0.57727,-0.04344,-0.22781,-0.06368,0.0381,-0.04991,0.06386,0.43267,-0.04172,-1.37912,-0.04746,0.28411,-0.03416,0.03005,0.00763,0.00517,0.30533,2.32874,1.71006,-1.38896,0.31277,0.02972,-0.00101
26.56,0.01648,-0.021,0.01653,0.0606,0.62497,0.06653,0.11456,-0.10156,-0.17888,-0.88248,0.04941,-0,-0.04144,-0.0527,0.01387,0.09461,0.02078,0.52679,-0.04191,-0.20707,-0.06076,0.04985,-0.03108,0.04692,0.38648,-0.05652,-1.23224,-0.04099,0.24948,-0.10937,0.01631,0.00124,0.00119,0.21897,2.32122,1.70581,-1.21498,0.3338,0.02902,-0.00119
26.58,-0.0026,-0.03286,0.02659,0.04798,0.61644,0.06607,0.04085,-0.09972,-0.15254,-0.81956,0.0608,-0,0.00063,-0.02388,0.02097,0.04801,0.03826,0.46496,-0.03932,-0.17012,-0.05761,0.05623,-0.01553,0.029,0.33611,-0.06569,-1.03007,-0.03102,0.20954,-0.20537,0.00427,-0.00602,-0.00316,0.15595,2.19668,1.62324,-1.03039,0.30962,0.04244,0.00928
26.6,-0.02359,-0.04662,0.03587,0.03128,0.61087,0.06699,-0.05067,-0.09441,-0.11815,-0.75121,0.07027,-0,0.04613,-0.0029,0.03613,0.00833,0.06046,0.39861,-0.03684,-0.11917,-0.05261,0.05626,-0.0014,0.0127,0.28811,-0.06796,-0.77736,-0.01738,0.16666,-0.32699,-0.00439,-0.01403,-0.00773,0.11361,1.9818,1.4776,-0.84373,0.24552,0.07096,0.03054
26.62,-0.04521,-0.06143,0.0438,0.01125,0.60759,0.06883,-0.15606,-0.08514,-0.07719,-0.68084,0.07749,-0,0.09404,0.00663,0.06084,-0.02054,0.0841,0.33667,-0.03568,-0.05676,-0.04351,0.0482,0.01353,0.00197,0.25052,-0.06248,-0.48155,-0.00011,0.12348,-0.47736,-0.00799,-0.02258,-0.01236,0.08746,1.71327,1.29044,-0.66417,0.15169,0.11454,0.06179
26.64,-0.06639,-0.07651,0.05001,-0.01125,0.60572,0.07104,-0.27135,-0.07166,-0.03132,-0.611,0.08235,-0,0.14418,0.00124,0.09693,-0.03534,0.10294,0.28985,-0.03676,0.01507,-0.02751,0.02969,0.03169,0.00273,0.23238,-0.04904,-0.15066,0.02053,0.08193,-0.65692,-0.00538,-0.0315,-0.01691,0.07265,1.42565,1.08238,-0.49908,0.03963,0.17234,0.10167
26.66,-0.0864,-0.09125,0.05437,-0.03536,0.60423,0.07305,-0.39277,-0.05412,0.01764,-0.54317,0.08508,-0,0.19751,-0.0221,0.14637,-0.03392,0.10707,0.27065,-0.04042,0.09519,-0.00142,-0.00204,0.05541,0.02333,0.24336,-0.02826,0.20694,0.044,0.04263,-0.86208,0.00372,-0.04064,-0.02128,0.06495,1.14421,0.8688,-0.3529,-0.07983,0.24262,0.14825
26.68,-0.10471,-0.10515,0.05703,-0.06002,0.60199,0.07431,-0.51603,-0.03324,0.06747,-0.4783,0.08628,-0,0.25574,-0.06576,0.21096,-0.01532,0.08265,0.29354,-0.04633,0.1828,0.0382,-0.04996,0.08681,0.07455,0.29372,-0.00175,0.57999,0.0693,0.0051,-1.08338,0.01853,-0.04984,-0.02542,0.06117,0.88507,0.66036,-0.22801,-0.19617,0.32228,0.19877
26.7,-0.12087,-0.11766,0.0583,-0.08385,0.5978,0.07422,-0.63551,-0.01035,0.11522,-0.41725,0.08681,-0,0.32095,-0.13127,0.29187,0.02024,0.01213,0.37477,-0.0535,0.27699,0.09468,-0.11682,0.12751,0.16948,0.3941,0.02782,0.95245,0.0948,-0.03189,-1.305,0.03739,-0.05884,-0.02927,0.05912,0.65786,0.46472,-0.12598,-0.29866,0.4068,0.24957
26.72,-0.13448,-0.12825,0.05859,-0.10534,0.59046,0.07225,-0.745,0.01294,0.15776,-0.36072,0.0875,-0,0.39544,-0.21895,0.38911,0.07115,-0.12461,0.5306,-0.06032,0.37697,0.17066,-0.20431,0.17826,0.32331,0.5545,0.05701,1.30615,0.11832,-0.06997,-1.50825,0.05832,-0.06741,-0.03278,0.05748,0.46736,0.28724,-0.04786,-0.37771,0.49197,0.29714
26.74,-0.14525,-0.13651,0.05824,-0.12314,0.57887,0.06798,-0.83921,0.03524,0.19267,-0.3087,0.08881,-0,0.48166,-0.32743,0.501,0.13405,-0.34821,0.77427,-0.06458,0.48275,0.26725,-0.31189,0.23857,0.55289,0.7828,0.08208,1.62635,0.13733,-0.11089,-1.67776,0.08004,-0.07546,-0.03594,0.05548,0.31427,0.13076,0.00624,-0.42751,0.57676,0.33994
26.76,-0.15303,-0.14221,0.05749,-0.13632,0.56216,0.06121,-0.91456,0.05572,0.21881,-0.26031,0.09048,-0,0.58192,-0.4529,0.62329,0.20335,-0.67761,1.11295,-0.0636,0.59529,0.38307,-0.43557,0.30609,0.87552,1.08266,0.0993,1.90455,0.14901,-0.15615,-1.80514,0.10248,-0.08315,-0.03882,0.05274,0.19629,-0.00405,0.03726,-0.44772,0.6649,0.37944
26.78,-0.15774,-0.14524,0.05641,-0.14424,0.5398,0.05203,-0.96879,0.07396,0.2362,-0.21408,0.09151,-0,0.69758,-0.58803,0.74814,0.27053,-1.1274,1.54482,-0.05413,0.71568,0.51321,-0.56673,0.3761,1.30663,1.45109,0.1048,2.137,0.15016,-0.20663,-1.88887,0.1268,-0.09083,-0.04154,0.04919,0.10936,-0.1175,0.04694,-0.44367,0.7648,0.42013
26.8,-0.15934,-0.14561,0.05496,-0.14651,0.51169,0.04081,-1.00022,0.08981,0.2457,-0.16846,0.09022,-0,0.82845,-0.72159,0.86372,0.3243,-1.70453,2.05703,-0.03263,0.84436,0.64886,-0.6919,0.44131,1.85615,1.8766,0.09464,2.32221,0.13712,-0.26238,-1.93264,0.15507,-0.09901,-0.04423,0.04509,0.0488,-0.20974,0.03743,-0.42522,0.88779,0.46859
26.82,-0.15778,-0.14334,0.05303,-0.14287,0.47805,0.02813,-1.00767,0.10322,0.24869,-0.12195,0.08474,-0,0.97304,-0.84042,0.95643,0.35259,-2.40353,2.62649,0.00389,0.98104,0.77894,-0.79532,0.49335,2.52241,2.33979,0.06548,2.46008,0.10572,-0.32321,-1.94334,0.1897,-0.10825,-0.04706,0.04086,0.00991,-0.28071,0.0111,-0.40332,1.04435,0.53136
26.84,-0.15307,-0.13855,0.05052,-0.13339,0.43913,0.01464,-0.99064,0.11413,0.24661,-0.07325,0.07366,-0,1.12937,-0.93282,1.01457,0.3461,-3.20072,3.22238,0.05648,1.12523,0.89301,-0.86329,0.52521,3.28462,2.81541,0.01579,2.55209,0.05148,-0.3897,-1.92899,0.23274,-0.11918,-0.05025,0.03688,-0.01189,-0.33074,-0.02958,-0.38533,1.23885,0.6118
26.86,-0.14536,-0.13146,0.04743,-0.11847,0.39522,0.00098,-0.94963,0.12236,0.24078,-0.02144,0.05654,-0,1.29494,-0.99074,1.03084,0.30074,-4.04722,3.80561,0.12314,1.27606,0.98292,-0.88695,0.53281,4.09468,3.27211,-0.0532,2.60141,-0.03008,-0.46369,-1.89741,0.28521,-0.13237,-0.05402,0.03335,-0.02099,-0.36085,-0.08189,-0.37178,1.4652,0.70774
26.88,-0.13496,-0.12243,0.04384,-0.09902,0.34696,-0.01212,-0.88644,0.12755,0.23237,0.03359,0.03418,-0,1.46555,-1.0097,1.00269,0.21846,-4.86072,4.32425,0.19807,1.43109,1.04243,-0.86269,0.51533,4.86894,3.6688,-0.1367,2.61227,-0.14286,-0.54788,-1.85605,0.34659,-0.14829,-0.05865,0.03026,-0.02139,-0.37256,-0.1425,-0.35558,1.7041,0.81015
26.9,-0.12243,-0.112,0.04,-0.07643,0.29561,-0.02375,-0.80429,0.1291,0.22237,0.09084,0.00853,-0,1.63443,-0.988,0.93168,0.10685,-5.52644,4.71239,0.27172,1.58552,1.06646,-0.79154,0.47471,5.48948,3.95374,-0.22632,2.58931,-0.28941,-0.645,-1.81198,0.41451,-0.16708,-0.06434,0.0275,-0.01659,-0.36758,-0.20718,-0.32344,1.92345,0.90351
26.92,-0.10842,-0.10079,0.03618,-0.05231,0.24304,-0.03311,-0.70757,0.12645,0.21153,0.14868,-0.01785,-0,1.79365,-0.92587,0.82237,-0.02335,-5.92376,4.90268,0.33275,1.73329,1.05085,-0.67802,0.41432,5.83085,4.07422,-0.31135,2.53668,-0.47,-0.75683,-1.77114,0.48502,-0.18838,-0.07112,0.02483,-0.00949,-0.34784,-0.27129,-0.2605,2.08585,0.96966
26.94,-0.09361,-0.08937,0.03259,-0.02798,0.19142,-0.03981,-0.60128,0.11946,0.20015,0.20572,-0.04273,-0,1.93696,-0.82465,0.68075,-0.16178,-5.96975,4.84793,0.37116,1.86942,0.9927,-0.52899,0.33734,5.80367,3.99342,-0.38102,2.4573,-0.68141,-0.88299,-1.73707,0.55323,-0.21097,-0.07864,0.02208,-0.00223,-0.31575,-0.3306,-0.15702,2.1606,0.99394
26.96,-0.07863,-0.07818,0.02936,-0.0042,0.14325,-0.04413,-0.49108,0.1087,0.18807,0.26123,-0.06476,-0,2.0613,-0.68666,0.51393,-0.30053,-5.6497,4.53679,0.38039,1.99118,0.89092,-0.35331,0.24581,5.38547,3.70273,-0.42578,2.35259,-0.91541,-1.01969,-1.7102,0.61344,-0.23249,-0.08604,0.01913,0.00381,-0.27454,-0.3817,-0.01351,2.132,0.96939
26.98,-0.06414,-0.0676,0.02645,0.01869,0.1017,-0.04704,-0.38413,0.09566,0.17469,0.31481,-0.08341,-0,2.16615,-0.51608,0.33108,-0.43352,-5.02639,3.99922,0.35769,2.09743,0.74694,-0.16307,0.14107,4.63063,3.22644,-0.43722,2.22315,-1.15663,-1.15837,-1.68781,0.65874,-0.24921,-0.09183,0.01598,0.00794,-0.2286,-0.42164,0.15698,2.0013,0.89788
27,-0.05095,-0.05801,0.02378,0.04056,0.07082,-0.05007,-0.28941,0.0826,0.15912,0.366,-0.09874,-0,2.25238,-0.31957,0.14425,-0.55553,-4.23118,3.30317,0.3037,2.18752,0.56503,0.02586,0.02448,3.66271,2.61931,-0.40798,2.06956,-1.38208,-1.2855,-1.66468,0.68102,-0.25617,-0.09398,0.01277,0.01014,-0.18352,-0.4477,0.32985,1.78489,0.78918
27.02,-0.03987,-0.04976,0.02119,0.06129,0.0546,-0.05482,-0.21608,0.07204,0.14047,0.41427,-0.11125,-0,2.32132,-0.10495,-0.03319,-0.66214,-3.42682,2.53652,0.22169,2.26064,0.35125,0.1963,-0.10229,2.63935,1.95231,-0.33301,1.89279,-1.56586,-1.3856,-1.63439,0.67282,-0.24843,-0.09044,0.0097,0.01076,-0.14504,-0.4577,0.47613,1.50809,0.65748
27.04,-0.03139,-0.04298,0.01849,0.08061,0.05555,-0.06236,-0.17038,0.06592,0.11817,0.45932,-0.1217,-0,2.37428,0.12112,-0.18963,-0.75047,-2.7525,1.78014,0.11665,2.3157,0.11153,0.33424,-0.23719,1.70009,1.29097,-0.21182,1.69444,-1.68707,-1.44623,-1.59109,0.63049,-0.22311,-0.07995,0.00695,0.0103,-0.11743,-0.45091,0.57352,1.19632,0.51637
27.06,-0.02556,-0.0375,0.01549,0.09796,0.07358,-0.07276,-0.15362,0.06498,0.09224,0.50115,-0.13098,-0,2.41198,0.35399,-0.31677,-0.81941,-2.28839,1.09205,-0.005,2.35098,-0.14874,0.43146,-0.37728,0.9339,0.68288,-0.05057,1.47764,-1.73506,-1.46135,-1.53095,0.55653,-0.1808,-0.06264,0.00462,0.00917,-0.10235,-0.42872,0.61382,0.87033,0.37594
27.08,-0.02198,-0.03289,0.01201,0.11227,0.10562,-0.08492,-0.16191,0.06865,0.06359,0.53974,-0.13999,-0,2.43414,0.5895,-0.40906,-0.86905,-2.05044,0.50864,-0.13456,2.36377,-0.42296,0.48541,-0.51756,0.37683,0.15916,0.1363,1.24883,-1.7101,-1.43197,-1.4529,0.46073,-0.12626,-0.0403,0.00276,0.00771,-0.09877,-0.39492,0.60437,0.54728,0.24309
27.1,-0.01989,-0.02854,0.00788,0.12196,0.14597,-0.09662,-0.18695,0.07526,0.03404,0.57474,-0.14956,-0,2.4392,0.82232,-0.46243,-0.90012,-2.0007,0.05107,-0.26069,2.3502,-0.70172,0.49776,-0.65026,0.02245,-0.2603,0.32628,1.01871,-1.62181,-1.36509,-1.35874,0.35952,-0.0681,-0.01626,0.00135,0.00616,-0.1034,-0.35544,0.56561,0.24302,0.12265
27.12,-0.0184,-0.02381,0.00305,0.12528,0.18769,-0.10522,-0.21839,0.08255,0.0059,0.6054,-0.16034,-0,2.42469,1.04634,-0.47407,-0.91364,-2.0695,-0.27151,-0.3713,2.30595,-0.97397,0.47266,-0.7662,-0.16382,-0.56534,0.49355,0.79997,-1.48523,-1.27109,-1.25206,0.27221,-0.01664,0.00544,0.00033,0.00467,-0.1118,-0.31694,0.52391,-0.02859,0.01788
27.14,-0.01672,-0.0182,-0.00248,0.12101,0.22479,-0.1086,-0.24701,0.08848,-0.01888,0.63071,-0.17264,-0,2.38805,1.25622,-0.44264,-0.91105,-2.18467,-0.46115,-0.45684,2.22757,-1.22998,0.41465,-0.85731,-0.22834,-0.75673,0.61669,0.60288,-1.31579,-1.16018,-1.13648,0.21506,0.01932,0.02136,-0.00035,0.00333,-0.11991,-0.28471,0.50142,-0.25816,-0.06977
27.16,-0.01438,-0.01151,-0.00857,0.10891,0.25353,-0.10583,-0.26681,0.09177,-0.03918,0.64948,-0.18636,-0,2.32732,1.44788,-0.36874,-0.89429,-2.29096,-0.53026,-0.51238,2.11375,-1.46252,0.32767,-0.91825,-0.21832,-0.84671,0.68361,0.43291,-1.12653,-1.04028,-1.01486,0.1974,0.03467,0.02952,-0.00075,0.00221,-0.12505,-0.26129,0.50926,-0.44199,-0.14041
27.18,-0.01126,-0.00393,-0.01488,0.08992,0.27259,-0.09735,-0.2754,0.09197,-0.05463,0.66015,-0.2008,-0,2.24174,1.61706,-0.25542,-0.86589,-2.35428,-0.50041,-0.53757,1.96637,-1.66534,0.2152,-0.94618,-0.17868,-0.85802,0.69217,0.29152,-0.92867,-0.91743,-0.88999,0.22087,0.02838,0.02949,-0.00096,0.00131,-0.12609,-0.2463,0.54568,-0.58069,-0.19514
27.2,-0.00756,0.00397,-0.02089,0.06609,0.28252,-0.08484,-0.27347,0.08938,-0.06545,0.66071,-0.21466,-0,2.13193,1.75806,-0.10839,-0.82894,-2.35962,-0.40019,-0.5358,1.7908,-1.83147,0.08108,-0.94013,-0.15155,-0.82187,0.6486,0.17771,-0.73288,-0.79664,-0.76536,0.28019,0.00302,0.02223,-0.00101,0.00062,-0.12332,-0.23699,0.59759,-0.6774,-0.23536
27.22,-0.00372,0.01142,-0.026,0.03999,0.28507,-0.07055,-0.26359,0.0847,-0.0721,0.649,-0.22621,-0,1.99934,1.86449,0.06462,-0.7868,-2.30642,-0.26033,-0.51283,1.59447,-1.95384,-0.07013,-0.90059,-0.17478,-0.77391,0.56423,0.08909,-0.54868,-0.68179,-0.64473,0.36486,-0.03626,0.00966,-0.00096,0.00013,-0.11788,-0.2294,0.64595,-0.73658,-0.26253
27.24,-0.00015,0.01772,-0.02968,0.0139,0.28219,-0.05648,-0.2486,0.07863,-0.07512,0.62329,-0.23362,-0,1.84529,1.93144,0.25496,-0.74255,-2.20282,-0.10738,-0.47525,1.38422,-2.02743,-0.23265,-0.82945,-0.27955,-0.74909,0.45132,0.02235,-0.38277,-0.57504,-0.53098,0.46146,-0.08295,-0.00589,-0.00086,-0.0002,-0.11108,-0.21982,0.67355,-0.76334,-0.27819
27.26,0.00285,0.02246,-0.03164,-0.01076,0.2754,-0.04381,-0.23058,0.07157,-0.07494,0.5828,-0.23526,-0,1.67083,1.95689,0.45315,-0.69874,-2.06208,0.04,-0.42957,1.16532,-2.05062,-0.39867,-0.73023,-0.4883,-0.77823,0.32069,-0.02632,-0.2383,-0.47669,-0.42563,0.55483,-0.12995,-0.02193,-0.00073,-0.0004,-0.10392,-0.20595,0.67027,-0.76303,-0.28398
27.28,0.00513,0.02551,-0.03182,-0.03327,0.26571,-0.03286,-0.2107,0.06364,-0.07179,0.52809,-0.22962,-0,1.47797,1.94168,0.64745,-0.65776,-1.90263,0.17097,-0.38234,0.94281,-2.02521,-0.5569,-0.60879,-0.81308,-0.88712,0.18202,-0.06057,-0.11592,-0.38588,-0.32951,0.62759,-0.16932,-0.03582,-0.00058,-0.0005,-0.09705,-0.18724,0.63445,-0.741,-0.28155
27.3,0.00664,0.02692,-0.03033,-0.05344,0.25366,-0.02326,-0.1894,0.05471,-0.06576,0.46116,-0.2154,-0,1.2707,1.88891,0.82293,-0.62194,-1.74761,0.28075,-0.34016,0.7229,-1.95573,-0.69206,-0.47368,-1.254,-1.09534,0.04463,-0.08353,-0.01506,-0.30153,-0.24363,0.66048,-0.19243,-0.04476,-0.00045,-0.00053,-0.09078,-0.16479,0.57196,-0.7025,-0.27247
27.32,0.00741,0.0269,-0.02744,-0.07128,0.23944,-0.01434,-0.16655,0.04455,-0.05693,0.38494,-0.19171,-0,1.05441,1.8029,0.96374,-0.59311,-1.61934,0.36844,-0.30869,0.51243,-1.84829,-0.78785,-0.33472,-1.79795,-1.41175,-0.08302,-0.09768,0.06553,-0.22268,-0.1691,0.63612,-0.19145,-0.04624,-0.00033,-0.00051,-0.08523,-0.14072,0.49339,-0.65237,-0.25823
27.34,0.00749,0.02566,-0.02343,-0.08678,0.22305,-0.00548,-0.14174,0.03292,-0.04551,0.30241,-0.15841,-0,0.83403,1.68791,1.05728,-0.57164,-1.53071,0.43462,-0.2909,0.31682,-1.7092,-0.83217,-0.20067,-2.41735,-1.82758,-0.19462,-0.10503,0.12779,-0.14859,-0.10646,0.54512,-0.16207,-0.0389,-0.00022,-0.00046,-0.08033,-0.11716,0.41001,-0.59486,-0.24029
27.36,0.00699,0.02338,-0.01858,-0.09965,0.20446,0.00352,-0.11442,0.01969,-0.03204,0.21625,-0.1165,-0,0.61369,1.54777,1.09695,-0.55575,-1.47945,0.47961,-0.28591,0.13935,-1.54459,-0.82061,-0.07808,-3.06687,-2.31007,-0.28667,-0.10726,0.17416,-0.07904,-0.05545,0.39079,-0.10544,-0.02308,-0.00014,-0.00039,-0.07593,-0.09563,0.33132,-0.5336,-0.22014
27.38,0.006,0.02022,-0.01324,-0.10921,0.18378,0.01229,-0.08422,0.00498,-0.01754,0.12943,-0.06848,-0,0.39822,1.38675,1.08235,-0.54158,-1.44711,0.5025,-0.28876,-0.01761,-1.36149,-0.75731,0.0281,-3.67771,-2.79731,-0.35782,-0.10567,0.20719,-0.01489,-0.01539,0.19133,-0.02899,-0.0011,-7e-05,-0.00031,-0.0718,-0.07709,0.265,-0.47212,-0.19949
27.4,0.00465,0.01631,-0.00776,-0.1143,0.1614,0.01993,-0.05109,-0.01076,-0.0035,0.04572,-0.01846,-0,0.19452,1.2104,1.01821,-0.52359,-1.40148,0.50118,-0.29098,-0.15126,-1.16864,-0.65386,0.1135,-4.15744,-3.19949,-0.40806,-0.10123,0.22907,0.04151,0.01445,-0.02135,0.05405,0.02295,-2e-05,-0.00022,-0.06771,-0.06209,0.21749,-0.41419,-0.18036
27.42,0.00307,0.01175,-0.00251,-0.11362,0.13791,0.02529,-0.01531,-0.02687,0.00835,-0.03081,0.02866,-0,0.01065,1.02506,0.91215,-0.49601,-1.30382,0.47378,-0.2823,-0.25862,-0.97559,-0.52572,0.17439,-4.40731,-3.41642,-0.43844,-0.09455,0.2416,0.08718,0.03473,-0.20934,0.12796,0.0442,2e-05,-0.00013,-0.06339,-0.05086,0.19361,-0.36334,-0.1647
27.44,0.00137,0.0067,0.00218,-0.10622,0.11402,0.02741,0.02268,-0.04264,0.01654,-0.0969,0.06849,-0,-0.14673,0.83652,0.77196,-0.45465,-1.11906,0.4211,-0.2532,-0.33778,-0.79041,-0.38715,0.20831,-4.35115,-3.36575,-0.45124,-0.08603,0.24634,0.11995,0.04628,-0.34079,0.17952,0.05854,6e-05,-3e-05,-0.05859,-0.04326,0.19574,-0.32207,-0.15394
27.46,-0.00032,0.00133,0.00615,-0.09187,0.09047,0.02593,0.06226,-0.05745,0.02011,-0.1507,0.09801,-0,-0.27362,0.64982,0.60421,-0.39844,-0.82367,0.34853,-0.19672,-0.38856,-0.61886,-0.24825,0.2145,-3.95619,-3.00304,-0.45013,-0.0759,0.24478,0.13942,0.05024,-0.39776,0.20125,0.06364,0.0001,8e-05,-0.053,-0.0388,0.22303,-0.29126,-0.14853
27.48,-0.00189,-0.00409,0.00932,-0.07131,0.06828,0.02106,0.10231,-0.07059,0.01866,-0.19139,0.11549,-0,-0.36794,0.47057,0.41508,-0.33014,-0.40946,0.26708,-0.10933,-0.41227,-0.46545,-0.11519,0.19392,-3.24016,-2.32862,-0.44008,-0.0644,0.23832,0.14706,0.048,-0.37759,0.19206,0.05913,0.00014,0.0002,-0.04634,-0.03666,0.27119,-0.27035,-0.14798
27.5,-0.00324,-0.0092,0.01164,-0.04615,0.0488,0.01362,0.14101,-0.08126,0.01231,-0.2188,0.12019,-0,-0.42847,0.30606,0.21155,-0.25628,0.11529,0.19274,0.00887,-0.41109,-0.33468,0.00846,0.14895,-2.2683,-1.3857,-0.42712,-0.05176,0.22828,0.14575,0.04118,-0.29103,0.15644,0.04643,0.00018,0.00034,-0.03844,-0.0358,0.33274,-0.25778,-0.15101
27.52,-0.00424,-0.0136,0.01315,-0.01858,0.03347,0.00469,0.17622,-0.0886,0.00156,-0.23313,0.11231,-0,-0.45486,0.1641,0.00143,-0.18522,0.72859,0.14264,0.15446,-0.38779,-0.23054,0.12066,0.08319,-1.13547,-0.24763,-0.41719,-0.03837,0.21572,0.13894,0.03146,-0.15779,0.10253,0.02808,0.00024,0.00049,-0.02921,-0.0351,0.39878,-0.25155,-0.15599
27.54,-0.00484,-0.01701,0.0139,0.00918,0.02327,-0.00477,0.20613,-0.09203,-0.01277,-0.23501,0.09307,-0,-0.44838,0.05037,-0.20729,-0.12429,1.39953,0.12888,0.32125,-0.3457,-0.15484,0.22019,0.00125,0.06063,1.00138,-0.41453,-0.02473,0.2013,0.12953,0.02046,-0.00074,0.03961,0.00703,0.00029,0.00065,-0.0188,-0.03354,0.46157,-0.24992,-0.16151
27.56,-0.00504,-0.01936,0.01399,0.03524,0.01838,-0.0141,0.22969,-0.09133,-0.02952,-0.22561,0.06488,-0,-0.41257,-0.03311,-0.40617,-0.0779,2.08922,0.15435,0.50006,-0.28882,-0.10626,0.30575,-0.09111,1.23342,2.27472,-0.42065,-0.01158,0.18523,0.11919,0.00974,0.15756,-0.02344,-0.01385,0.00035,0.00081,-0.00759,-0.0304,0.51603,-0.25187,-0.16682
27.58,-0.00493,-0.02079,0.01357,0.05782,0.01816,-0.02301,0.24647,-0.08674,-0.04712,-0.20665,0.03154,-0,-0.35356,-0.08762,-0.58472,-0.04749,2.74578,0.21151,0.6773,-0.22228,-0.08055,0.37509,-0.18627,2.30215,3.47602,-0.43394,3e-05,0.16731,0.10821,0.00084,0.29445,-0.07803,-0.03173,0.00041,0.00096,0.00363,-0.02524,0.55978,-0.2572,-0.17183
27.6,-0.00466,-0.02162,0.01279,0.07519,0.02125,-0.03141,0.25649,-0.07886,-0.06355,-0.18034,-0.0018,-0,-0.27989,-0.11673,-0.72957,-0.03215,3.30256,0.28375,0.83469,-0.15243,-0.07136,0.42459,-0.27451,3.18526,4.49413,-0.45009,0.00865,0.14718,0.09576,-0.0047,0.38694,-0.11571,-0.04374,0.00045,0.00108,0.01372,-0.01794,0.59238,-0.26646,-0.17705
27.62,-0.0044,-0.02223,0.01182,0.08582,0.02592,-0.03935,0.26005,-0.06857,-0.07673,-0.14912,-0.02957,-0,-0.20094,-0.12522,-0.82711,-0.02954,3.69049,0.35019,0.95276,-0.08588,-0.07162,0.45039,-0.34579,3.80909,5.22007,-0.46342,0.01287,0.12446,0.08052,-0.00544,0.41522,-0.12934,-0.04744,0.00046,0.00112,0.02142,-0.00859,0.61459,-0.28057,-0.18337
27.64,-0.00435,-0.023,0.0108,0.08891,0.03046,-0.04692,0.25776,-0.05679,-0.08515,-0.11524,-0.0473,-0,-0.12472,-0.11806,-0.86845,-0.03689,3.85997,0.39299,1.01704,-0.02782,-0.07519,0.45056,-0.39273,4.12709,5.57858,-0.46886,0.01186,0.09899,0.06154,-0.00035,0.36877,-0.1152,-0.04153,0.00043,0.00105,0.02583,0.00273,0.62739,-0.3003,-0.19183
27.66,-0.00466,-0.02418,0.00981,0.08469,0.0334,-0.05411,0.25055,-0.04443,-0.08831,-0.08053,-0.05257,-0,-0.05656,-0.09977,-0.85281,-0.0516,3.7958,0.40213,1.02219,0.01892,-0.07801,0.42662,-0.41257,4.13268,5.54956,-0.46337,0.00583,0.07113,0.03895,0.01095,0.25088,-0.07461,-0.02644,0.00034,0.00082,0.02674,0.01595,0.63139,-0.32583,-0.20334
27.68,-0.00546,-0.0259,0.00888,0.07453,0.03359,-0.06079,0.23969,-0.03245,-0.08682,-0.04668,-0.04519,-0,0.00075,-0.07435,-0.78834,-0.07137,3.52079,0.3765,0.97282,0.05376,-0.07834,0.38405,-0.40743,3.86145,5.17251,-0.44623,-0.00385,0.04197,0.01422,0.02807,0.08047,-0.01446,-0.00452,0.00014,0.00036,0.02468,0.031,0.62656,-0.35644,-0.21864
27.7,-0.00684,-0.02814,0.00802,0.0608,0.03018,-0.06663,0.2268,-0.02189,-0.08216,-0.0154,-0.02693,-0,0.04615,-0.04538,-0.69093,-0.09409,3.09103,0.32288,0.88216,0.07777,-0.07655,0.33182,-0.38354,3.38516,4.53857,-0.41885,-0.0148,0.01345,-0.00979,0.04988,-0.10933,0.05323,0.02009,-0.00017,-0.0004,0.02079,0.04767,0.61226,-0.39051,-0.23813
27.72,-0.00885,-0.03079,0.00718,0.04628,0.02259,-0.07122,0.21352,-0.01375,-0.07624,0.01172,-0.00062,-0,0.07986,-0.0159,-0.58014,-0.11789,2.57978,0.25256,0.76796,0.09294,-0.0743,0.28039,-0.34918,2.79322,3.76518,-0.38382,-0.02416,-0.0121,-0.0296,0.07475,-0.27907,0.11419,0.04251,-0.00064,-0.00154,0.01654,0.06561,0.58743,-0.4261,-0.26192
27.74,-0.01143,-0.03362,0.00634,0.03332,0.01055,-0.0742,0.2011,-0.00868,-0.0707,0.03371,0.03091,-0,0.10281,0.01175,-0.4733,-0.14118,2.05428,0.17686,0.64676,0.10141,-0.07337,0.23861,-0.31196,2.16681,2.96009,-0.34358,-0.0295,-0.03269,-0.04226,0.10104,-0.39486,0.15619,0.05855,-0.00129,-0.00312,0.01325,0.08435,0.55094,-0.46189,-0.28984
27.76,-0.01445,-0.03637,0.00547,0.02333,-0.00578,-0.07541,0.19015,-0.00679,-0.06645,0.05045,0.06552,-0,0.11637,0.036,-0.38187,-0.16271,1.56189,0.10417,0.53041,0.10487,-0.07494,0.2118,-0.27699,1.56351,2.19981,-0.2997,-0.0294,-0.04718,-0.04609,0.12722,-0.43624,0.17184,0.06574,-0.00214,-0.00518,0.01176,0.10326,0.50199,-0.49771,-0.32133
27.78,-0.01764,-0.03866,0.00456,0.01669,-0.02572,-0.07488,0.18066,-0.00761,-0.06359,0.06258,0.10167,-0,0.12207,0.05583,-0.31121,-0.18134,1.13015,0.0398,0.42602,0.10444,-0.0793,0.20146,-0.24675,1.01778,1.52973,-0.25293,-0.02359,-0.05528,-0.04083,0.15179,-0.39763,0.1591,0.06347,-0.0032,-0.00776,0.01241,0.1214,0.44053,-0.53443,-0.35522
27.8,-0.02059,-0.04002,0.00361,0.01296,-0.04803,-0.07279,0.17213,-0.01022,-0.06154,0.07129,0.13812,-0,0.12145,0.0706,-0.26174,-0.19594,0.77186,-0.01328,0.33717,0.10061,-0.08597,0.20585,-0.22152,0.5471,0.9719,-0.20366,-0.01281,-0.05729,-0.02747,0.17309,-0.28664,0.1207,0.05278,-0.00445,-0.0108,0.01506,0.1374,0.36768,-0.57341,-0.38954
27.82,-0.02283,-0.03998,0.00266,0.01116,-0.07113,-0.06935,0.16381,-0.01349,-0.05934,0.07798,0.17388,-0,0.11593,0.07996,-0.23057,-0.2055,0.48939,-0.05378,0.26479,0.09349,-0.09394,0.22106,-0.20023,0.15708,0.53176,-0.1522,0.00151,-0.05403,-0.00788,0.18937,-0.11979,0.06256,0.03577,-0.00585,-0.01418,0.01926,0.14965,0.28613,-0.61546,-0.42169
27.84,-0.02398,-0.03817,0.00173,0.01016,-0.09358,-0.06472,0.15502,-0.01643,-0.05612,0.08389,0.20811,-0,0.10668,0.08392,-0.21325,-0.20943,0.27824,-0.08157,0.20794,0.08307,-0.10199,0.24242,-0.18128,-0.15415,0.20375,-0.09902,0.01776,-0.04656,0.01576,0.19908,0.08324,-0.00825,0.01486,-0.00729,-0.01768,0.02439,0.15659,0.20054,-0.65954,-0.44886
27.86,-0.02382,-0.03444,0.00084,0.00898,-0.11424,-0.05888,0.14532,-0.01845,-0.05137,0.08985,0.2401,-0,0.09466,0.0829,-0.20497,-0.20778,0.12998,-0.09718,0.16444,0.06949,-0.10894,0.26538,-0.16333,-0.39223,-0.02404,-0.0451,0.03443,-0.03617,0.0412,0.20103,0.30262,-0.08462,-0.00762,-0.00863,-0.02093,0.02983,0.157,0.11806,-0.70168,-0.46822
27.88,-0.02228,-0.02892,-0,0.00682,-0.13224,-0.05166,0.13468,-0.0194,-0.04511,0.09614,0.26892,-0,0.0806,0.07772,-0.20102,-0.20131,0.0344,-0.10157,0.13146,0.05319,-0.11363,0.2855,-0.14557,-0.56348,-0.16653,0.00757,0.05007,-0.0244,0.066,0.19441,0.51762,-0.15915,-0.0294,-0.00963,-0.02336,0.03486,0.14994,0.04919,-0.73434,-0.47679
27.9,-0.01949,-0.022,-0.00077,0.00311,-0.14675,-0.04285,0.12347,-0.01949,-0.03781,0.10249,0.29327,-0,0.06518,0.06955,-0.19692,-0.19136,-0.01893,-0.09594,0.10589,0.03498,-0.11491,0.29848,-0.12782,-0.67295,-0.2393,0.05579,0.06319,-0.01305,0.08747,0.17871,0.70575,-0.22385,-0.04817,-0.01001,-0.02428,0.03875,0.13481,0.00753,-0.74691,-0.47144
27.92,-0.01565,-0.01418,-0.00145,-0.00247,-0.15711,-0.03225,0.11234,-0.01916,-0.03025,0.10827,0.31175,-0,0.04899,0.05967,-0.18877,-0.17957,-0.03968,-0.08167,0.08472,0.01588,-0.11178,0.30046,-0.11042,-0.72471,-0.25729,0.09581,0.07242,-0.00391,0.10299,0.15385,0.84547,-0.2711,-0.06181,-0.00947,-0.02299,0.04075,0.11141,0.00658,-0.72853,-0.44957
27.94,-0.011,-0.00596,-0.00202,-0.00998,-0.16292,-0.01982,0.1019,-0.01883,-0.02322,0.11271,0.32338,-0,0.03249,0.04922,-0.17365,-0.16745,-0.03622,-0.06037,0.06524,-0.00312,-0.10366,0.28878,-0.0939,-0.72364,-0.2342,0.12471,0.07684,0.00165,0.11074,0.12022,0.92146,-0.29554,-0.06885,-0.00786,-0.0191,0.04032,0.0801,0.05455,-0.6726,-0.41023
27.96,-0.00575,0.00226,-0.00251,-0.01912,-0.16424,-0.00582,0.09257,-0.01876,-0.01734,0.11511,0.32795,-0,0.0161,0.03902,-0.14996,-0.1561,-0.01538,-0.03397,0.0452,-0.02116,-0.09064,0.26251,-0.07885,-0.67688,-0.18244,0.14118,0.07622,0.00298,0.11016,0.07896,0.92803,-0.29524,-0.06883,-0.00522,-0.01272,0.03725,0.04204,0.1505,-0.58017,-0.35508
27.98,-0.00013,0.01019,-0.00295,-0.02917,-0.16154,0.00908,0.0846,-0.01904,-0.01305,0.11484,0.32605,-0,0.00026,0.02962,-0.11769,-0.14624,0.01751,-0.00498,0.02304,-0.03745,-0.07357,0.22278,-0.066,-0.59437,-0.11331,0.14556,0.07102,0.00021,0.10201,0.03229,0.86978,-0.27198,-0.06233,-0.00185,-0.00455,0.03168,-0.00049,0.2828,-0.46137,-0.28903
28,0.00559,0.01755,-0.00336,-0.03902,-0.15564,0.02371,0.07818,-0.01955,-0.0107,0.11132,0.31897,-0,-0.01439,0.02137,-0.07835,-0.13835,0.05846,0.02351,-0.00198,-0.05108,-0.05409,0.17267,-0.0563,-0.48858,-0.03722,0.13957,0.06236,-0.00591,0.08823,-0.01639,0.76013,-0.23076,-0.05084,0.00174,0.00413,0.02408,-0.04402,0.42997,-0.33467,-0.22006
28.02,0.01115,0.02406,-0.0038,-0.04737,-0.14753,0.03676,0.07341,-0.02008,-0.0105,0.1041,0.3083,-0,-0.02714,0.01449,-0.0344,-0.13267,0.10438,0.0483,-0.02984,-0.06122,-0.03416,0.1164,-0.05069,-0.37267,0.03687,0.12571,0.05163,-0.01425,0.07133,-0.06318,0.61703,-0.17814,-0.03627,0.00493,0.01183,0.01511,-0.0846,0.56599,-0.22195,-0.15752
28.04,0.01633,0.02958,-0.00429,-0.05322,-0.13806,0.04715,0.07029,-0.02044,-0.0125,0.09294,0.29554,-0,-0.03736,0.00917,0.01182,-0.12929,0.15252,0.06688,-0.05988,-0.06737,-0.01547,0.05808,-0.04977,-0.25771,0.10241,0.10659,0.04012,-0.0237,0.05359,-0.10476,0.45697,-0.12009,-0.02035,0.00719,0.01728,0.00541,-0.11904,0.66844,-0.14092,-0.10927
28.06,0.02102,0.03402,-0.00485,-0.05606,-0.12787,0.05437,0.06865,-0.02048,-0.01652,0.07796,0.28184,-0,-0.04464,0.00554,0.05855,-0.12811,0.19993,0.07801,-0.09082,-0.06954,0.00097,0.00105,-0.05353,-0.15124,0.15572,0.08459,0.02868,-0.03347,0.03659,-0.13911,0.29147,-0.06058,-0.00424,0.00824,0.01979,-0.00455,-0.14564,0.72374,-0.10011,-0.07985
28.08,0.02518,0.03743,-0.00547,-0.05601,-0.11735,0.05848,0.06824,-0.02017,-0.02214,0.05978,0.26802,-0,-0.04869,0.00377,0.10446,-0.12895,0.24294,0.08173,-0.12049,-0.06829,0.01482,-0.05189,-0.06125,-0.05768,0.1956,0.06187,0.01781,-0.04304,0.02116,-0.16535,0.12742,-0.00178,0.01149,0.00805,0.0193,-0.01438,-0.16418,0.72798,-0.09804,-0.07036
28.1,0.02879,0.03985,-0.00611,-0.05363,-0.10679,0.05996,0.06868,-0.01954,-0.02866,0.03952,0.25471,-0,-0.04935,0.00407,0.14826,-0.13149,0.27706,0.07912,-0.14582,-0.06462,0.02617,-0.09806,-0.07158,0.02067,0.22278,0.0405,0.00772,-0.05205,0.00761,-0.18343,-0.0312,0.0554,0.02664,0.00681,0.01626,-0.02374,-0.17552,0.68574,-0.12455,-0.079
28.12,0.03186,0.04136,-0.00673,-0.0498,-0.0964,0.05958,0.06961,-0.01866,-0.03532,0.01855,0.24236,-0,-0.04658,0.00662,0.18873,-0.13531,0.29773,0.07184,-0.16347,-0.05972,0.0354,-0.13502,-0.08284,0.08298,0.23911,0.02231,-0.00148,-0.06025,-0.00409,-0.19382,-0.18117,0.11059,0.04124,0.00485,0.0115,-0.03229,-0.18115,0.60803,-0.16415,-0.10239
28.14,0.03438,0.04203,-0.00727,-0.04538,-0.08636,0.05813,0.07075,-0.01764,-0.0414,-0.00188,0.23121,-0,-0.04053,0.01146,0.225,-0.13996,0.30185,0.06162,-0.17094,-0.05471,0.04299,-0.16118,-0.0935,0.12954,0.24682,0.00857,-0.00967,-0.06739,-0.01401,-0.19739,-0.31787,0.16323,0.05537,0.00253,0.00589,-0.03978,-0.18263,0.50971,-0.20056,-0.13712
28.16,0.03633,0.04196,-0.00771,-0.04109,-0.07691,0.05631,0.07197,-0.01656,-0.0464,-0.02093,0.22129,-0,-0.03171,0.01836,0.25657,-0.14486,0.28875,0.04988,-0.16736,-0.05039,0.04938,-0.17599,-0.1024,0.16145,0.24798,-0.00025,-0.0166,-0.07317,-0.02216,-0.19525,-0.43335,0.21196,0.06902,0.00019,0.00024,-0.046,-0.18122,0.40818,-0.21968,-0.1807
28.18,0.03769,0.04121,-0.00801,-0.03744,-0.06838,0.05468,0.07333,-0.01548,-0.05,-0.03803,0.21255,-0,-0.02099,0.02675,0.28314,-0.14935,0.26056,0.0377,-0.15369,-0.04722,0.05484,-0.17997,-0.1088,0.18018,0.24436,-0.00441,-0.02179,-0.07712,-0.02829,-0.18877,-0.51477,0.25403,0.08189,-0.00187,-0.00471,-0.05078,-0.17779,0.3238,-0.21015,-0.23149
28.2,0.03838,0.03986,-0.00817,-0.03484,-0.06129,0.05369,0.07499,-0.01447,-0.05203,-0.05275,0.20489,-0,-0.00966,0.03577,0.3043,-0.15263,0.22183,0.02597,-0.13247,-0.04541,0.0595,-0.17441,-0.11224,0.18731,0.23736,-0.00475,-0.0245,-0.07868,-0.03195,-0.17946,-0.54478,0.28526,0.09341,-0.00337,-0.00827,-0.05392,-0.17283,0.27943,-0.16331,-0.28832
28.22,0.0383,0.03797,-0.00816,-0.03351,-0.05627,0.05369,0.07728,-0.01362,-0.05241,-0.06482,0.19816,-0,0.00086,0.04437,0.31956,-0.1539,0.1784,0.01538,-0.10709,-0.04498,0.06331,-0.16105,-0.11253,0.18438,0.22805,-0.00246,-0.02398,-0.07737,-0.03263,-0.16883,-0.50612,0.3011,0.10285,-0.00408,-0.0099,-0.05509,-0.16656,0.29584,-0.07387,-0.34988
28.24,0.03739,0.03561,-0.00798,-0.03348,-0.05391,0.0549,0.08054,-0.01304,-0.05116,-0.07416,0.19214,-0,0.00936,0.05162,0.32856,-0.15257,0.13547,0.00635,-0.08073,-0.04577,0.06617,-0.14177,-0.10966,0.17296,0.21726,0.00124,-0.01978,-0.07323,-0.03018,-0.15807,-0.38924,0.29867,0.10967,-0.00386,-0.0093,-0.05389,-0.15899,0.38433,0.05878,-0.41418
28.26,0.03565,0.03286,-0.00764,-0.03454,-0.05461,0.05741,0.08517,-0.01289,-0.04834,-0.08101,0.18649,-0,0.01508,0.05688,0.33119,-0.14843,0.09657,-0.00087,-0.05568,-0.04755,0.06796,-0.1184,-0.10384,0.15475,0.2056,0.00528,-0.01197,-0.06705,-0.02498,-0.14789,-0.19805,0.27804,0.11374,-0.00275,-0.00655,-0.04976,-0.1501,0.54121,0.22918,-0.4779
28.28,0.03313,0.0298,-0.00714,-0.03624,-0.05865,0.06118,0.09151,-0.01339,-0.0441,-0.08582,0.18077,-0,0.01773,0.0598,0.32752,-0.1417,0.06355,-0.00623,-0.0334,-0.04997,0.06852,-0.09288,-0.0955,0.13173,0.19364,0.00878,-0.00133,-0.0605,-0.01813,-0.13856,0.04733,0.24274,0.11533,-0.00096,-0.00214,-0.04206,-0.13987,0.74537,0.42426,-0.53572
28.3,0.02997,0.02658,-0.00652,-0.0379,-0.06607,0.06602,0.09983,-0.01479,-0.03869,-0.08918,0.17451,-0,0.0174,0.06024,0.31783,-0.13298,0.03703,-0.00977,-0.01474,-0.0526,0.06766,-0.0673,-0.08531,0.10617,0.18187,0.011,0.01079,-0.05603,-0.01129,-0.13001,0.31174,0.19939,0.11503,0.00118,0.00307,-0.03011,-0.12834,0.95985,0.62332,-0.58028
28.32,0.02638,0.02335,-0.00581,-0.03877,-0.0767,0.07157,0.11021,-0.01729,-0.0324,-0.09171,0.16728,-0,0.01445,0.05823,0.30244,-0.12309,0.01676,-0.01159,-4e-05,-0.05497,0.06518,-0.04364,-0.07405,0.08039,0.17073,0.01138,0.02271,-0.05617,-0.00629,-0.12196,0.55356,0.15596,0.11356,0.00324,0.00808,-0.01344,-0.11566,1.14118,0.80232,-0.60376
28.34,0.02254,0.02025,-0.00502,-0.03825,-0.08998,0.07742,0.12233,-0.02096,-0.02545,-0.09389,0.15866,-0,0.00935,0.05395,0.28168,-0.11275,0.00201,-0.01186,0.01074,-0.05668,0.06093,-0.02324,-0.06247,0.05621,0.16032,0.00957,0.03294,-0.06251,-0.00447,-0.114,0.73813,0.11922,0.1115,0.00487,0.01203,0.00782,-0.10197,1.25372,0.9409,-0.60053
28.36,0.0186,0.01734,-0.00418,-0.036,-0.10484,0.08302,0.13536,-0.02562,-0.01801,-0.09598,0.14831,-0,0.00265,0.04772,0.2559,-0.10242,-0.00817,-0.0108,0.01803,-0.05745,0.05484,-0.00649,-0.05115,0.03473,0.15039,0.00551,0.04048,-0.07505,-0.00622,-0.10568,0.84639,0.09309,0.10916,0.00587,0.01444,0.03267,-0.08746,1.27925,1.02684,-0.56908
28.38,0.01474,0.01466,-0.00332,-0.03203,-0.11959,0.08771,0.14778,-0.03081,-0.01022,-0.09801,0.13609,-0,-0.005,0.04003,0.22566,-0.09233,-0.01475,-0.00874,0.02252,-0.05717,0.047,0.0071,-0.04059,0.01642,0.14035,-0.00059,0.04486,-0.09187,-0.01087,-0.09659,0.87606,0.07844,0.10649,0.0062,0.01521,0.05891,-0.07245,1.21897,1.05637,-0.51266
28.4,0.01112,0.01223,-0.00244,-0.02666,-0.1319,0.09067,0.15745,-0.03578,-0.00226,-0.09972,0.12206,-0,-0.01285,0.03158,0.19187,-0.08259,-0.01862,-0.00603,0.02509,-0.05584,0.03765,0.01869,-0.03129,0.00133,0.12939,-0.00818,0.04598,-0.10933,-0.01683,-0.08647,0.83901,0.0736,0.10321,0.00597,0.0146,0.08323,-0.05748,1.09101,1.0327,-0.43883
28.42,0.00794,0.01005,-0.00158,-0.0204,-0.13931,0.09109,0.16207,-0.03967,0.00569,-0.10072,0.10648,-0,-0.02014,0.0231,0.15568,-0.0732,-0.02054,-0.00306,0.02661,-0.05352,0.02718,0.02966,-0.0237,-0.01073,0.11674,-0.01659,0.04406,-0.12311,-0.02214,-0.07518,0.75536,0.07537,0.09885,0.00534,0.01304,0.10193,-0.04322,0.92305,0.96362,-0.35738
28.44,0.00533,0.00811,-0.00075,-0.01378,-0.13997,0.08843,0.1599,-0.0418,0.01346,-0.10064,0.08966,-0,-0.02625,0.01522,0.11817,-0.06411,-0.02104,-0.00012,0.0278,-0.05034,0.016,0.04115,-0.01805,-0.02008,0.10191,-0.02516,0.03943,-0.12967,-0.02524,-0.06277,0.64577,0.08031,0.09299,0.00452,0.011,0.11216,-0.03017,0.74197,0.8587,-0.27715
28.46,0.00332,0.00637,4e-05,-0.00727,-0.13321,0.08258,0.15039,-0.04185,0.02093,-0.09921,0.07195,-0,-0.03085,0.00835,0.08033,-0.05522,-0.02042,0.00263,0.02906,-0.04644,0.00453,0.05369,-0.0143,-0.02706,0.08492,-0.03335,0.0325,-0.12728,-0.02552,-0.04945,0.52666,0.08558,0.08539,0.00364,0.00883,0.11276,-0.0186,0.56753,0.72783,-0.20422
28.48,0.00187,0.00478,0.00078,-0.00128,-0.11972,0.07398,0.13428,-0.03991,0.02793,-0.09636,0.05388,-0,-0.03382,0.00266,0.04332,-0.04647,-0.01876,0.00517,0.03048,-0.04198,-0.00675,0.06701,-0.01218,-0.03192,0.06652,-0.04075,0.02378,-0.1163,-0.02345,-0.03577,0.4098,0.08917,0.07604,0.0028,0.0068,0.1044,-0.0086,0.41192,0.58169,-0.14192
28.5,0.00091,0.00328,0.00147,0.00377,-0.10138,0.06359,0.11355,-0.03641,0.03423,-0.09213,0.0362,-0,-0.03527,-0.0018,0.00867,-0.03792,-0.01588,0.00756,0.03181,-0.0372,-0.01718,0.08002,-0.01119,-0.03482,0.04817,-0.04698,0.01389,-0.09892,-0.02041,-0.02265,0.30333,0.08979,0.06522,0.00208,0.00507,0.0894,-0.00015,0.28161,0.43234,-0.09163
28.52,0.0003,0.00184,0.00208,0.00754,-0.08071,0.05257,0.0908,-0.03197,0.03955,-0.08672,0.01982,-0,-0.0354,-0.00508,-0.02197,-0.02968,-0.01156,0.00989,0.03264,-0.03237,-0.02608,0.09126,-0.01074,-0.0358,0.03168,-0.05174,0.00352,-0.07835,-0.01817,-0.01113,0.21238,0.08678,0.05343,0.0015,0.00374,0.07093,0.00681,0.17887,0.29175,-0.05335
28.54,-7e-05,0.00043,0.00262,0.00977,-0.06,0.04199,0.06837,-0.02718,0.04366,-0.08037,0.00543,-0,-0.03448,-0.00724,-0.04736,-0.02181,-0.00565,0.01229,0.0326,-0.02773,-0.03294,0.09943,-0.01029,-0.03495,0.01852,-0.05484,-0.00666,-0.05757,-0.01815,-0.00199,0.13935,0.07999,0.04118,0.00109,0.00284,0.05195,0.01239,0.10296,0.1691,-0.02612
28.56,-0.00034,-0.00098,0.00307,0.01043,-0.04083,0.0325,0.04782,-0.02247,0.04641,-0.07337,-0.00661,-0,-0.03279,-0.00839,-0.06698,-0.0143,0.00178,0.0148,0.0315,-0.02348,-0.03753,0.10385,-0.0094,-0.03243,0.00946,-0.05632,-0.01612,-0.03862,-0.02085,0.00446,0.08425,0.06976,0.02897,0.00084,0.00237,0.03454,0.01674,0.05127,0.06934,-0.00844
28.58,-0.00062,-0.00239,0.00345,0.00965,-0.02405,0.02444,0.02994,-0.01811,0.04773,-0.06612,-0.01622,-0,-0.03063,-0.00859,-0.08098,-0.0071,0.01029,0.01741,0.02936,-0.01979,-0.03992,0.1045,-0.00778,-0.02854,0.00448,-0.05639,-0.02429,-0.02256,-0.02575,0.00841,0.04528,0.05696,0.01737,0.00074,0.00231,0.01988,0.02,0.01999,-0.00637,0.00148
28.6,-0.00102,-0.00376,0.00373,0.00773,-0.00997,0.01784,0.01496,-0.01423,0.04759,-0.05915,-0.0235,-0,-0.02831,-0.00791,-0.08987,-0.00015,0.0191,0.01999,0.02639,-0.01685,-0.04038,0.10189,-0.00529,-0.02367,0.00296,-0.0554,-0.03063,-0.00964,-0.03136,0.01041,0.01948,0.04296,0.00702,0.00077,0.0026,0.00844,0.02227,0.00474,-0.0596,0.00555
28.62,-0.00161,-0.00504,0.00393,0.00504,0.00147,0.01261,0.00271,-0.01089,0.04601,-0.05305,-0.02868,-0,-0.0261,-0.00641,-0.09431,0.00659,0.02697,0.0223,0.02286,-0.01478,-0.03923,0.09663,-0.00184,-0.01809,0.00379,-0.05372,-0.03459,0.00042,-0.03578,0.01124,0.00314,0.02933,-0.00141,0.00089,0.00316,0.00015,0.02364,0.00083,-0.0937,0.00567
28.64,-0.00244,-0.00616,0.00404,0.00194,0.01058,0.00852,-0.0073,-0.00808,0.04303,-0.04835,-0.03205,-0,-0.02419,-0.00425,-0.09479,0.01325,0.03228,0.02393,0.01889,-0.01356,-0.03672,0.08898,0.00269,-0.01163,0.00554,-0.0516,-0.03589,0.0083,-0.03738,0.01165,-0.00776,0.01739,-0.00754,0.00107,0.00389,-0.00541,0.02421,0.00348,-0.11306,0.00372
28.66,-0.00352,-0.00709,0.00406,-0.00131,0.01789,0.00532,-0.01578,-0.00579,0.03871,-0.04547,-0.03403,-0,-0.02261,-0.0017,-0.09144,0.02009,0.03294,0.02432,0.01429,-0.01296,-0.03285,0.07847,0.00848,-0.00352,0.00657,-0.04906,-0.03456,0.01479,-0.03525,0.01223,-0.01733,0.00782,-0.01142,0.00127,0.00464,-0.00887,0.02411,0.00786,-0.12259,0.00151
28.68,-0.0048,-0.0078,0.00401,-0.00454,0.02399,0.00276,-0.02352,-0.00396,0.03324,-0.04468,-0.03508,-0,-0.02125,0.0008,-0.084,0.02738,0.02641,0.0227,0.00861,-0.01253,-0.02746,0.06391,0.01578,0.00762,0.00501,-0.0459,-0.03098,0.02081,-0.0294,0.01334,-0.0296,0.00078,-0.01351,0.00142,0.00524,-0.01105,0.02352,0.00911,-0.12744,0.00082
28.7,-0.00619,-0.00825,0.0039,-0.00762,0.02948,0.0006,-0.0314,-0.00257,0.02683,-0.0462,-0.03569,-0,-0.01989,0.00265,-0.07186,0.03541,0.00966,0.01811,0.00115,-0.01161,-0.02019,0.04354,0.02487,0.02368,-0.00121,-0.04167,-0.0259,0.02727,-0.02062,0.01517,-0.04842,-0.00407,-0.01462,0.00144,0.00545,-0.01284,0.02269,0.0023,-0.1329,0.00341
28.72,-0.00754,-0.00842,0.00373,-0.0104,0.03501,-0.00137,-0.04028,-0.0016,0.01976,-0.05022,-0.03636,-0,-0.01823,0.00307,-0.05431,0.04443,-0.02074,0.00928,-0.00896,-0.00943,-0.01059,0.01529,0.03594,0.0469,-0.01452,-0.03577,-0.02023,0.03504,-0.01009,0.01777,-0.07736,-0.00732,-0.01571,0.00127,0.00501,-0.01515,0.02187,-0.01755,-0.14439,0.01101
28.74,-0.00875,-0.00829,0.00349,-0.01273,0.04125,-0.00345,-0.05107,-0.00096,0.01219,-0.05705,-0.03759,-0,-0.01598,0.00118,-0.03073,0.05454,-0.06851,-0.00536,-0.02271,-0.00517,0.00183,-0.02276,0.04916,0.07965,-0.03776,-0.02738,-0.01489,0.04493,0.00114,0.02123,-0.11959,-0.00959,-0.01769,0.00079,0.00358,-0.01881,0.02137,-0.05538,-0.16741,0.02529
28.76,-0.00975,-0.00788,0.00316,-0.01438,0.04891,-0.006,-0.0647,-0.00052,0.00414,-0.06706,-0.0398,-0,-0.01286,-0.00402,-0.00096,0.06567,-0.13731,-0.02777,-0.04109,0.00192,0.01747,-0.07202,0.06449,0.12418,-0.07418,-0.01556,-0.0107,0.05758,0.01253,0.02574,-0.17757,-0.01143,-0.02119,-0.0001,0.00079,-0.02447,0.02152,-0.11587,-0.20747,0.04779
28.78,-0.01051,-0.00724,0.00267,-0.015,0.05867,-0.00944,-0.08196,-5e-05,-0.00448,-0.08071,-0.0434,-0,-0.0087,-0.01359,0.03446,0.07746,-0.23031,-0.06009,-0.06495,0.01247,0.03653,-0.1329,0.08165,0.18221,-0.12719,0.00072,-0.00836,0.07338,0.02402,0.03155,-0.25267,-0.01322,-0.02654,-0.00151,-0.00376,-0.03257,0.0227,-0.20301,-0.26982,0.07974
28.8,-0.01102,-0.00642,0.00194,-0.01417,0.07111,-0.01426,-0.10346,0.00072,-0.01376,-0.09839,-0.04869,-0,-0.00341,-0.02862,0.07406,0.0892,-0.34943,-0.10444,-0.09487,0.02696,0.05891,-0.20452,0.09997,0.25457,-0.20002,0.02236,-0.00847,0.09241,0.03592,0.03896,-0.34457,-0.01519,-0.03372,-0.00356,-0.01046,-0.04325,0.02529,-0.31951,-0.35885,0.12185
28.82,-0.01131,-0.00554,0.00091,-0.01146,0.0866,-0.02085,-0.12941,0.00205,-0.02376,-0.1203,-0.05593,-0,0.00298,-0.05009,0.11528,0.0999,-0.49443,-0.16255,-0.131,0.04569,0.08423,-0.28466,0.11849,0.34072,-0.295,0.04998,-0.01142,0.11453,0.04864,0.04823,-0.45048,-0.01757,-0.04248,-0.00635,-0.01969,-0.05636,0.0297,-0.46588,-0.47676,0.17397
28.84,-0.01139,-0.00467,-0.00049,-0.0066,0.10508,-0.02944,-0.1595,0.00412,-0.03443,-0.14631,-0.06538,-0,0.01033,-0.0788,0.15439,0.10845,-0.66172,-0.23526,-0.17302,0.06886,0.11198,-0.36997,0.13613,0.4383,-0.41277,0.08353,-0.01723,0.13956,0.06248,0.05952,-0.56431,-0.02077,-0.05241,-0.00991,-0.03166,-0.07141,0.03631,-0.63927,-0.62158,0.23471
28.86,-0.01131,-0.00393,-0.00225,0.00044,0.12595,-0.03995,-0.19262,0.00697,-0.04549,-0.1757,-0.07722,-0,0.01834,-0.11514,0.18632,0.11369,-0.8429,-0.32193,-0.21988,0.0965,0.14144,-0.45575,0.1518,0.54238,-0.55123,0.12197,-0.02542,0.16728,0.07735,0.07281,-0.67555,-0.0255,-0.06296,-0.01425,-0.0464,-0.08752,0.04545,-0.83203,-0.78535,0.3009
28.88,-0.01112,-0.0034,-0.00431,0.00936,0.14783,-0.05188,-0.22664,0.01044,-0.0564,-0.20692,-0.09155,-0,0.02651,-0.15879,0.20428,0.11435,-1.02311,-0.41968,-0.26938,0.12823,0.17154,-0.5353,0.16422,0.64452,-0.7043,0.1629,-0.03483,0.1973,0.09263,0.08774,-0.76819,-0.03276,-0.0734,-0.01924,-0.06361,-0.10324,0.05729,-1.02992,-0.95241,0.36696
28.9,-0.01086,-0.00321,-0.00652,0.0195,0.16854,-0.06433,-0.25827,0.01422,-0.06625,-0.23751,-0.10825,-0,0.03408,-0.20859,0.20001,0.10913,-1.18068,-0.52311,-0.31807,0.1631,0.20068,-0.59959,0.17192,0.73263,-0.8615,0.2025,-0.04379,0.22882,0.1071,0.10361,-0.82125,-0.04376,-0.08277,-0.02465,-0.08254,-0.11656,0.07183,-1.21203,-1.09965,0.42493
28.92,-0.01059,-0.00346,-0.00871,0.03002,0.18555,-0.07622,-0.28375,0.0179,-0.07405,-0.26451,-0.12707,-0,0.04009,-0.26298,0.16549,0.09701,-1.29104,-0.62547,-0.36185,0.19973,0.22727,-0.63884,0.17341,0.79327,-1.01013,0.23631,-0.05043,0.26056,0.11916,0.11953,-0.81396,-0.05957,-0.09006,-0.03014,-0.10215,-0.12535,0.08885,-1.35577,-1.20175,0.46609
28.94,-0.01034,-0.00426,-0.01072,0.04018,0.19674,-0.08669,-0.3,0.02121,-0.07904,-0.28533,-0.14781,-0,0.04359,-0.32075,0.09578,0.07773,-1.33326,-0.72085,-0.39712,0.23654,0.2505,-0.64508,0.16759,0.81547,-1.13905,0.26057,-0.05339,0.29088,0.12723,0.13473,-0.73408,-0.08072,-0.09455,-0.03542,-0.12118,-0.12801,0.10801,-1.44498,-1.23973,0.48383
28.96,-0.01015,-0.00574,-0.01247,0.04942,0.20092,-0.09538,-0.30535,0.02406,-0.08099,-0.29818,-0.17024,-0,0.04368,-0.38141,-0.00877,0.05228,-1.29461,-0.80528,-0.42155,0.2718,0.2709,-0.61405,0.1541,0.79346,-1.24083,0.27308,-0.05222,0.31772,0.12999,0.14874,-0.58405,-0.10676,-0.09598,-0.04021,-0.13832,-0.12395,0.12874,-1.47546,-1.2068,0.47558
28.98,-0.01005,-0.00796,-0.01391,0.05737,0.19787,-0.10235,-0.29965,0.02658,-0.0802,-0.30212,-0.19405,-0,0.03953,-0.44478,-0.14124,0.02316,-1.17169,-0.87641,-0.43396,0.30343,0.29025,-0.54581,0.13343,0.72737,-1.31152,0.27328,-0.04748,0.33835,0.12641,0.16131,-0.38352,-0.13602,-0.09462,-0.04426,-0.15197,-0.11376,0.15012,-1.45595,-1.10993,0.44325
29,-0.01005,-0.01098,-0.01502,0.06378,0.18819,-0.10804,-0.28404,0.02908,-0.07742,-0.29685,-0.21863,-0,0.03038,-0.51058,-0.28827,-0.00565,-0.9699,-0.93269,-0.43406,0.32872,0.31132,-0.4444,0.10694,0.62269,-1.34955,0.262,-0.04062,0.34937,0.11574,0.17231,-0.16752,-0.16569,-0.0912,-0.04732,-0.16031,-0.09905,0.17082,-1.40594,-0.96819,0.39276
29.02,-0.01016,-0.01481,-0.01578,0.06845,0.17301,-0.11297,-0.2605,0.03189,-0.07357,-0.28255,-0.24316,-0,0.01535,-0.57852,-0.43289,-0.02951,-0.70128,-0.97301,-0.42218,0.34469,0.33733,-0.31642,0.07659,0.48824,-1.3551,0.241,-0.03338,0.34769,0.0978,0.18175,0.02369,-0.19284,-0.08674,-0.04916,-0.16158,-0.08197,0.18939,-1.34917,-0.80672,0.33215
29.04,-0.01039,-0.01943,-0.01617,0.07127,0.15349,-0.11756,-0.23116,0.03523,-0.06931,-0.25975,-0.26682,-0,-0.0067,-0.64858,-0.55914,-0.04437,-0.3816,-0.9966,-0.39894,0.3487,0.37122,-0.1689,0.04451,0.33335,-1.32979,0.21243,-0.02701,0.33191,0.07336,0.18988,0.15995,-0.21614,-0.08237,-0.04965,-0.15476,-0.06452,0.20488,-1.30447,-0.64798,0.26903
29.06,-0.01076,-0.02472,-0.01608,0.0722,0.1306,-0.12188,-0.19801,0.03909,-0.06484,-0.22925,-0.28883,-0,-0.03717,-0.72108,-0.65483,-0.0476,-0.02959,-1.00293,-0.36528,0.33887,0.41513,-0.00842,0.01277,0.16646,-1.27662,0.17858,-0.02171,0.30351,0.04449,0.1972,0.23144,-0.23682,-0.07918,-0.04882,-0.14005,-0.04809,0.2172,-1.27958,-0.50628,0.20898
29.08,-0.01129,-0.03048,-0.01537,0.0713,0.10524,-0.12558,-0.163,0.04316,-0.0598,-0.19242,-0.30832,-0,-0.07761,-0.79612,-0.71141,-0.03821,0.33072,-0.99158,-0.32258,0.31425,0.46987,0.158,-0.01639,-0.00401,-1.20026,0.14203,-0.01652,0.26726,0.01494,0.20447,0.25063,-0.25891,-0.07824,-0.04687,-0.11905,-0.0335,0.22708,-1.26979,-0.38749,0.1556
29.1,-0.01199,-0.03635,-0.01387,0.06864,0.07839,-0.12793,-0.12825,0.04688,-0.05342,-0.15127,-0.32418,-0,-0.1294,-0.87303,-0.72317,-0.01664,0.66878,-0.96215,-0.27285,0.27472,0.53479,0.32194,-0.04042,-0.16872,-1.1071,0.10583,-0.00961,0.23089,-0.01006,0.21256,0.24826,-0.28832,-0.08054,-0.04417,-0.09472,-0.02119,0.23591,-1.2597,-0.29085,0.11112
29.12,-0.01288,-0.04191,-0.01141,0.06433,0.05101,-0.128,-0.09579,0.04955,-0.04479,-0.10828,-0.33519,-0,-0.19378,-0.9503,-0.68747,0.01548,0.95277,-0.91446,-0.21845,0.22059,0.60808,0.47462,-0.05688,-0.31844,-1.00418,0.07307,0.00091,0.20299,-0.02491,0.22237,0.26114,-0.33037,-0.08667,-0.04118,-0.07075,-0.01141,0.24538,-1.22885,-0.21144,0.07666
29.14,-0.01393,-0.04671,-0.0079,0.05838,0.02386,-0.125,-0.06698,0.0507,-0.03314,-0.06601,-0.34041,-0,-0.27185,-1.02575,-0.6056,0.05566,1.15883,-0.84882,-0.16158,0.15204,0.68744,0.60908,-0.06415,-0.44646,-0.89756,0.04621,0.01581,0.18996,-0.02554,0.23457,0.31492,-0.38619,-0.09638,-0.03835,-0.05063,-0.00447,0.25709,-1.15972,-0.14304,0.05249
29.16,-0.0151,-0.05043,-0.00344,0.05073,-0.00254,-0.11854,-0.04226,0.05021,-0.01823,-0.02693,-0.3394,-0,-0.36429,-1.09648,-0.48392,0.10063,1.27698,-0.76661,-0.10412,0.06902,0.7703,0.7213,-0.06198,-0.54976,-0.7915,0.02663,0.03383,0.19382,-0.0107,0.24952,0.41201,-0.45006,-0.10816,-0.03607,-0.03704,-0.00089,0.27219,-1.04359,-0.08026,0.03816
29.18,-0.01627,-0.05273,0.00164,0.0413,-0.02771,-0.10869,-0.02126,0.0484,-0.00045,0.00628,-0.33225,-0,-0.47062,-1.15827,-0.33484,0.14601,1.31144,-0.6709,-0.04803,-0.02826,0.85319,0.80957,-0.05156,-0.62849,-0.68912,0.01471,0.05138,0.21174,0.01762,0.26706,0.52768,-0.5082,-0.11908,-0.03467,-0.0319,-0.00149,0.29122,-0.88276,-0.01958,0.03272
29.2,-0.01731,-0.05335,0.00683,0.03002,-0.0511,-0.09599,-0.00307,0.04592,0.0191,0.03058,-0.31952,-0,-0.58876,-1.20525,-0.17679,0.18622,1.278,-0.56686,0.00434,-0.1388,0.93129,0.87351,-0.03538,-0.68488,-0.59317,0.01008,0.06278,0.23673,0.05459,0.28648,0.6137,-0.53981,-0.12498,-0.03444,-0.03647,-0.00739,0.31405,-0.69022,0.04023,0.03485
29.22,-0.01802,-0.05203,0.01148,0.01686,-0.07209,-0.08125,0.01351,0.04362,0.03906,0.04321,-0.30204,-0,-0.71573,-1.23068,-0.03097,0.21536,1.19862,-0.46086,0.05046,-0.26119,0.99899,0.91376,-0.01662,-0.72224,-0.50617,0.01182,0.06177,0.26019,0.09423,0.30664,0.61361,-0.52271,-0.12154,-0.0356,-0.05164,-0.01982,0.34004,-0.48583,0.09849,0.04301
29.24,-0.01824,-0.04861,0.01506,0.00187,-0.0904,-0.0652,0.02975,0.04215,0.05828,0.04269,-0.28065,-0,-0.84896,-1.22851,0.08386,0.22863,1.09445,-0.35899,0.08843,-0.39449,1.05103,0.93226,0.00174,-0.74418,-0.43007,0.01873,0.04389,0.27571,0.13192,0.32624,0.4857,-0.44191,-0.10585,-0.03827,-0.07815,-0.03991,0.36838,-0.29028,0.15338,0.0555
29.26,-0.01783,-0.0431,0.01721,-0.01483,-0.10613,-0.04835,0.04681,0.04185,0.07623,0.0297,-0.25608,-0,-0.98678,-1.19458,0.15459,0.22339,0.9815,-0.26629,0.11733,-0.53837,1.0832,0.93244,0.01738,-0.75404,-0.36619,0.02934,0.00816,0.28152,0.16597,0.34395,0.21945,-0.29597,-0.07762,-0.0424,-0.11661,-0.06838,0.39813,-0.12172,0.20234,0.0704
29.28,-0.01672,-0.03566,0.01782,-0.03284,-0.11975,-0.03108,0.06554,0.04262,0.09293,0.00727,-0.22913,-0,-1.12757,-1.12699,0.17397,0.19937,0.87036,-0.18732,0.13707,-0.69203,1.09217,0.9192,0.02871,-0.75463,-0.31576,0.04197,-0.04229,0.28113,0.19778,0.35827,-0.15856,-0.09948,-0.03963,-0.04776,-0.16731,-0.10526,0.42812,0.0038,0.24177,0.08552
29.3,-0.01486,-0.02668,0.01692,-0.05147,-0.1319,-0.01377,0.08639,0.044,0.10873,-0.01943,-0.20075,-0,-1.26875,-1.02611,0.13963,0.15842,0.7673,-0.12672,0.14812,-0.85335,1.07524,0.89854,0.03468,-0.74808,-0.28029,0.05466,-0.10052,0.28251,0.23119,0.36748,-0.58798,0.11814,0.00246,-0.05395,-0.22997,-0.14984,0.45669,0.07146,0.26695,0.0984
29.32,-0.01222,-0.01665,0.01468,-0.06979,-0.14336,0.00322,0.10961,0.04537,0.12412,-0.0443,-0.17193,-0,-1.40704,-0.89398,0.05312,0.10367,0.67561,-0.08855,0.15128,-1.01929,1.03038,0.8766,0.03465,-0.73581,-0.26096,0.06535,-0.15783,0.29542,0.27089,0.36985,-0.99236,0.32077,0.04173,-0.06048,-0.30397,-0.20096,0.48195,0.06952,0.27335,0.10676
29.34,-0.0088,-0.00602,0.01132,-0.08695,-0.15499,0.01955,0.13557,0.04614,0.13947,-0.06197,-0.14331,-0,-1.53944,-0.73343,-0.08082,0.0384,0.59685,-0.07486,0.14767,-1.18724,0.95665,0.85808,0.02837,-0.71851,-0.25735,0.07225,-0.20685,0.32748,0.32045,0.36415,-1.30612,0.47784,0.0723,-0.06695,-0.38874,-0.2576,0.50217,-0.0068,0.25878,0.10932
29.36,-0.00457,0.00489,0.00708,-0.10228,-0.16771,0.03491,0.16487,0.04593,0.15487,-0.06898,-0.11506,-0,-1.66353,-0.54806,-0.25423,-0.03455,0.53192,-0.08463,0.13865,-1.35529,0.8548,0.84538,0.0159,-0.69618,-0.26657,0.07402,-0.24352,0.38137,0.38063,0.34995,-1.49197,0.57234,0.09091,-0.07318,-0.48375,-0.319,0.516,-0.15224,0.22495,0.10633
29.38,0.00043,0.01578,0.00222,-0.1152,-0.18239,0.04889,0.19821,0.04465,0.16993,-0.06399,-0.08702,-0,-1.77652,-0.34358,-0.45479,-0.11237,0.48195,-0.11353,0.12589,-1.5211,0.72805,0.83845,-0.00227,-0.66836,-0.28302,0.06977,-0.26728,0.45375,0.44864,0.32784,-1.54379,0.60203,0.09716,-0.07916,-0.5878,-0.38433,0.52245,-0.34985,0.17811,0.09969
29.4,0.00615,0.02637,-0.00291,-0.1251,-0.19973,0.06089,0.23609,0.04239,0.18374,-0.04751,-0.059,-0,-1.87445,-0.12875,-0.66546,-0.19182,0.44864,-0.15426,0.11138,-1.68074,0.58247,0.83525,-0.02526,-0.63435,-0.29863,0.05906,-0.28041,0.53565,0.5181,0.29936,-1.48174,0.57703,0.09298,-0.08504,-0.69845,-0.45225,0.52072,-0.57177,0.12851,0.09273
29.42,0.01246,0.03635,-0.00798,-0.13146,-0.2202,0.07027,0.27876,0.03941,0.19516,-0.02133,-0.03086,-0,-1.95268,0.08605,-0.86795,-0.26946,0.43386,-0.19789,0.09731,-1.82921,0.42566,0.83335,-0.05211,-0.59378,-0.30419,0.04168,-0.28699,0.61522,0.58086,0.26672,-1.34135,0.5147,0.08173,-0.09119,-0.81248,-0.52101,0.51036,-0.78528,0.0876,0.0891
29.44,0.01922,0.04549,-0.01268,-0.13403,-0.24399,0.07658,0.32616,0.03597,0.20327,0.01224,-0.00262,-0,-2.00727,0.29162,-1.04839,-0.34231,0.43855,-0.23566,0.08579,-1.96192,0.26448,0.83205,-0.0823,-0.54723,-0.29117,0.01754,-0.29137,0.68187,0.62978,0.23224,-1.15908,0.43276,0.06683,-0.09837,-0.92691,-0.58892,0.49148,-0.96229,0.06395,0.09136
29.46,0.02631,0.0537,-0.01683,-0.13296,-0.2709,0.07978,0.37769,0.03228,0.2077,0.05071,0.02547,-0,-2.03581,0.48128,-1.2007,-0.40806,0.46195,-0.26024,0.07881,-2.07538,0.10408,0.83382,-0.116,-0.49686,-0.25312,-0.01335,-0.29731,0.72894,0.66055,0.19811,-0.96319,0.345,0.05094,-0.10781,-1.03935,-0.65442,0.465,-1.08529,0.06037,0.0998
29.48,0.0335,0.06096,-0.02028,-0.12888,-0.30012,0.0802,0.43183,0.02848,0.20867,0.09131,0.05259,-0,-2.0373,0.64967,-1.32622,-0.4646,0.50122,-0.26573,0.07821,-2.16643,-0.05116,0.84475,-0.15387,-0.44701,-0.18616,-0.05073,-0.3076,0.75396,0.67185,0.1666,-0.7727,0.26074,0.03588,-0.12115,-1.14722,-0.71561,0.4329,-1.14775,0.07333,0.11222
29.5,0.04049,0.0672,-0.02295,-0.12278,-0.33011,0.0785,0.48592,0.02469,0.20684,0.13077,0.07733,-0,-2.01178,0.79139,-1.43166,-0.50957,0.55163,-0.24754,0.08572,-2.23145,-0.19652,0.87388,-0.19673,-0.40411,-0.08923,-0.09382,-0.32408,0.7579,0.66481,0.14023,-0.59938,0.18572,0.02276,-0.1403,-1.24688,-0.76977,0.39821,-1.15213,0.0938,0.12415
29.52,0.04694,0.07241,-0.02479,-0.11581,-0.35903,0.07546,0.53681,0.02103,0.20316,0.16585,0.09791,-0,-1.95991,0.90122,-1.52591,-0.54051,0.60727,-0.20287,0.10276,-2.26682,-0.32719,0.93081,-0.24509,-0.37522,0.03609,-0.14153,-0.34772,0.74385,0.6421,0.12145,-0.44944,0.12292,0.01216,-0.16715,-1.3336,-0.8136,0.36445,-1.10654,0.11012,0.13019
29.54,0.0526,0.07658,-0.02577,-0.109,-0.38546,0.07174,0.58208,0.01769,0.19848,0.19423,0.11283,-0,-1.8827,0.97561,-1.6163,-0.55547,0.66233,-0.13155,0.13003,-2.27028,-0.43956,1.02219,-0.29865,-0.36565,0.18574,-0.19267,-0.37865,0.71557,0.60676,0.11201,-0.3249,0.07328,0.00426,-0.2031,-1.40201,-0.84378,0.33462,-1.02078,0.11223,0.12582
29.56,0.05742,0.07977,-0.02597,-0.10302,-0.40877,0.06771,0.62071,0.01488,0.19343,0.21508,0.12119,-0,-1.78158,1.01343,-1.70576,-0.55343,0.71166,-0.037,0.16717,-2.24191,-0.53167,1.14885,-0.35574,-0.37728,0.3527,-0.24601,-0.41613,0.67652,0.56163,0.11252,-0.22506,0.03632,-0.00107,-0.24864,-1.44629,-0.85741,0.31058,-0.90399,0.09447,0.1088
29.58,0.06147,0.0821,-0.0255,-0.09822,-0.42906,0.06349,0.65294,0.01291,0.18837,0.22895,0.12275,-0,-1.65915,1.01584,-1.79135,-0.53436,0.75059,0.07296,0.21238,-2.18453,-0.60265,1.30426,-0.41276,-0.4081,0.52574,-0.29987,-0.45828,0.62991,0.50948,0.12236,-0.14759,0.01065,-0.00416,-0.30292,-1.45973,-0.85186,0.29318,-0.7648,0.05643,0.07956
29.6,0.06494,0.08368,-0.02453,-0.09466,-0.4469,0.05893,0.67987,0.01222,0.18349,0.23752,0.11777,-0,-1.51965,0.98571,-1.86441,-0.49913,0.77464,0.18609,0.26241,-2.10343,-0.65187,1.47444,-0.46405,-0.45261,0.68896,-0.35179,-0.50196,0.57887,0.45324,0.13986,-0.08955,-0.00568,-0.00549,-0.36357,-1.43481,-0.82477,0.28244,-0.61205,0.00249,0.04103
29.62,0.06807,0.08465,-0.02325,-0.09216,-0.46312,0.05376,0.70291,0.01324,0.17877,0.24314,0.10674,-0,-1.36829,0.92713,-1.91337,-0.44934,0.77995,0.28819,0.31322,-2.0051,-0.67879,1.64053,-0.50294,-0.50326,0.82491,-0.39876,-0.5434,0.52629,0.39578,0.16271,-0.04787,-0.01478,-0.00558,-0.42734,-1.36483,-0.77449,0.27783,-0.45441,-0.06004,-0.00234
29.64,0.07108,0.08513,-0.02184,-0.09034,-0.47855,0.04767,0.72334,0.01628,0.17409,0.24833,0.09015,-0,-1.2098,0.84501,-1.92853,-0.38721,0.76421,0.36712,0.36121,-1.89532,-0.68322,1.78328,-0.52353,-0.55265,0.91987,-0.43776,-0.57927,0.4743,0.33937,0.18857,-0.01953,-0.01872,-0.00497,-0.49105,-1.24682,-0.70086,0.2785,-0.29932,-0.12365,-0.04612
29.66,0.07415,0.08527,-0.02042,-0.08865,-0.49389,0.04039,0.74188,0.02147,0.16926,0.25534,0.06835,-0,-1.04808,0.74522,-1.90524,-0.31567,0.72737,0.41531,0.40385,-1.77828,-0.66561,1.88556,-0.52196,-0.59476,0.96724,-0.46608,-0.60733,0.42417,0.28548,0.21544,-0.00168,-0.01934,-0.00409,-0.55209,-1.08395,-0.60616,0.28334,-0.15286,-0.18231,-0.08673
29.68,0.07734,0.08522,-0.01909,-0.08637,-0.50951,0.03183,0.75844,0.02864,0.16401,0.26608,0.04167,-0,-0.88723,0.63525,-1.84478,-0.2389,0.67212,0.42995,0.43957,-1.65721,-0.62716,1.93212,-0.49665,-0.62496,0.96795,-0.48113,-0.6263,0.3766,0.23516,0.24149,0.00807,-0.0182,-0.00333,-0.60811,-0.88733,-0.49589,0.29104,-0.02082,-0.23139,-0.12133
29.7,0.08064,0.08514,-0.01791,-0.08265,-0.52532,0.02202,0.77206,0.03735,0.15812,0.28202,0.01058,-0,-0.73258,0.52451,-1.75388,-0.16263,0.60365,0.41214,0.46724,-1.53516,-0.56983,1.90924,-0.44808,-0.63968,0.929,-0.48029,-0.63566,0.33218,0.18942,0.26491,0.0116,-0.01655,-0.00299,-0.6566,-0.67584,-0.37895,0.30007,0.09041,-0.26726,-0.14758
29.72,0.08393,0.08517,-0.01694,-0.07671,-0.54087,0.01116,0.7811,0.04703,0.15143,0.30397,-0.02427,-0,-0.58988,0.42286,-1.64244,-0.09319,0.52837,0.36543,0.48576,-1.41472,-0.49628,1.80716,-0.37846,-0.63636,0.85999,-0.46138,-0.63555,0.2914,0.14927,0.28403,0.01022,-0.0153,-0.00327,-0.69524,-0.47178,-0.26568,0.30889,0.1747,-0.28732,-0.16369
29.74,0.08703,0.08533,-0.01623,-0.06803,-0.5554,-0.00053,0.78366,0.05709,0.14393,0.33189,-0.06205,-0,-0.46333,0.33787,-1.52044,-0.03583,0.45188,0.29405,0.49373,-1.29712,-0.40976,1.62424,-0.29121,-0.61366,0.76856,-0.42353,-0.62689,0.2545,0.11535,0.29765,0.00497,-0.01499,-0.00426,-0.72272,-0.29381,-0.16468,0.31621,0.22823,-0.29045,-0.16881
29.76,0.08974,0.08557,-0.01585,-0.05652,-0.56793,-0.01283,0.77788,0.06709,0.13586,0.36455,-0.10162,-0,-0.35454,0.27329,-1.39619,0.00628,0.37778,0.20207,0.48912,-1.1819,-0.31435,1.37075,-0.19101,-0.57181,0.65756,-0.36796,-0.61146,0.22146,0.08788,0.30515,-0.00324,-0.01576,-0.00591,-0.73921,-0.15261,-0.08082,0.32113,0.25083,-0.27733,-0.16329
29.78,0.09181,0.0857,-0.01585,-0.0427,-0.57714,-0.02542,0.76201,0.07663,0.12773,0.39929,-0.14122,-0,-0.26326,0.22919,-1.27683,0.03194,0.30798,0.09375,0.46924,-1.06779,-0.21578,1.07151,-0.0845,-0.51286,0.52511,-0.29851,-0.59204,0.19227,0.06679,0.30654,-0.01356,-0.01738,-0.00799,-0.74639,-0.05095,-0.01554,0.32316,0.24605,-0.25056,-0.14874
29.8,0.09291,0.0854,-0.01632,-0.02764,-0.58138,-0.03781,0.73449,0.08532,0.12038,0.43199,-0.17829,-0,-0.18827,0.20281,-1.1691,0.04142,0.24336,-0.02586,0.43091,-0.95358,-0.1217,0.7654,0.01933,-0.44072,0.36607,-0.22171,-0.57232,0.16717,0.05202,0.30225,-0.02513,-0.01925,-0.01011,-0.747,0.01444,0.03229,0.32211,0.22043,-0.21447,-0.12788
29.82,0.09275,0.08437,-0.01734,-0.01269,-0.57896,-0.04946,0.69415,0.09277,0.11469,0.45794,-0.21001,-0,-0.12798,0.18978,-1.07877,0.03614,0.18419,-0.15101,0.37145,-0.83831,-0.04045,0.49732,0.11054,-0.36019,0.17475,-0.14538,-0.55622,0.14652,0.04345,0.29301,-0.03711,-0.0206,-0.01185,-0.74424,0.05048,0.06532,0.31799,0.18204,-0.17416,-0.10397
29.84,0.09112,0.08237,-0.01891,0.00108,-0.5687,-0.05994,0.64058,0.09871,0.1112,0.47327,-0.23424,-0,-0.08047,0.18545,-1.00916,0.0184,0.13031,-0.27593,0.28997,-0.72098,0.02128,0.30523,0.18069,-0.27544,-0.05154,-0.07655,-0.54679,0.13052,0.04076,0.27961,-0.04877,-0.0208,-0.01284,-0.74075,0.06499,0.08679,0.31079,0.13839,-0.1341,-0.07986
29.86,0.08807,0.07935,-0.02102,0.01313,-0.55042,-0.06905,0.5745,0.10299,0.10979,0.47591,-0.25009,-0,-0.04369,0.18584,-0.96029,-0.0087,0.08143,-0.39469,0.18873,-0.60069,0.05988,0.21186,0.22431,-0.18927,-0.30927,-0.0202,-0.54547,0.119,0.04325,0.26277,-0.05952,-0.01952,-0.01292,-0.73802,0.06492,0.09987,0.30046,0.09526,-0.09728,-0.05752
29.88,0.08385,0.0755,-0.02351,0.02345,-0.52509,-0.07679,0.49841,0.10559,0.10969,0.46579,-0.25797,-0,-0.01586,0.18785,-0.92908,-0.04108,0.03764,-0.50034,0.07412,-0.47766,0.07481,0.22352,0.23885,-0.1035,-0.58594,0.02061,-0.55198,0.11147,0.04987,0.24329,-0.06881,-0.01684,-0.01211,-0.73628,0.05581,0.10732,0.2869,0.05671,-0.06534,-0.03808
29.9,0.079,0.07121,-0.02617,0.03244,-0.49483,-0.08323,0.41674,0.10655,0.1095,0.44455,-0.25924,-0,0.0043,0.18926,-0.91013,-0.07373,-0.00033,-0.58433,-0.04324,-0.35389,0.06803,0.33246,0.22416,-0.01976,-0.85959,0.04421,-0.56452,0.10727,0.05922,0.22212,-0.07606,-0.01313,-0.01059,-0.7346,0.04179,0.1114,0.27003,0.02546,-0.03889,-0.02202
29.92,0.07412,0.06698,-0.02873,0.04065,-0.46233,-0.08848,0.33482,0.10596,0.10758,0.41491,-0.25581,-0,0.01765,0.18853,-0.89681,-0.10151,-0.03137,-0.63788,-0.15086,-0.23257,0.04309,0.52139,0.18186,0.06039,-1.10371,0.04998,-0.58038,0.10566,0.06977,0.20022,-0.08073,-0.00898,-0.00867,-0.73134,0.02572,0.11376,0.24985,0.0031,-0.01785,-0.00942
29.94,0.06976,0.06323,-0.03096,0.04862,-0.42993,-0.09262,0.25718,0.1039,0.10238,0.37969,-0.24948,-0,0.02509,0.18463,-0.8826,-0.1204,-0.05467,-0.65467,-0.23822,-0.11667,0.00416,0.76935,0.11483,0.13552,-1.29559,0.03836,-0.59693,0.10587,0.08018,0.1784,-0.08248,-0.00494,-0.00662,-0.72478,0.00952,0.11547,0.22635,-0.00986,-0.00177,-3e-05
29.96,0.06624,0.06019,-0.03274,0.05665,-0.39917,-0.09572,0.1866,0.10047,0.09283,0.34136,-0.24162,-0,0.0278,0.17685,-0.86206,-0.12838,-0.07016,-0.63268,-0.29918,-0.00823,-0.04445,1.05458,0.02717,0.20423,-1.42158,0.01085,-0.61213,0.10715,0.08949,0.15717,-0.08125,-0.00139,-0.00467,-0.71355,-0.00565,0.11704,0.19962,-0.01389,0.01,0.00651
29.98,0.06368,0.0579,-0.03404,0.06471,-0.37083,-0.09772,0.12436,0.09582,0.07843,0.30211,-0.23305,-0,0.02732,0.16485,-0.83119,-0.12547,-0.07843,-0.57471,-0.33208,0.09088,-0.0981,1.35332,-0.07521,0.26453,-1.47725,-0.02981,-0.62458,0.10879,0.09704,0.13696,-0.07733,0.00146,-0.00294,-0.69685,-0.01915,0.1184,0.17006,-0.01038,0.01811,0.01062
30,0.06205,0.05626,-0.03488,0.07242,-0.34526,-0.09851,0.07098,0.09013,0.05928,0.26417,-0.22421,-0,0.02537,0.14866,-0.78752,-0.1135,-0.08054,-0.4879,-0.33876,0.17823,-0.15164,1.63842,-0.18432,0.31348,-1.4655,-0.07965,-0.63335,0.11008,0.10239,0.1182,-0.07126,0.00353,-0.00152,-0.67441,-0.03076,0.11891,0.13848,-0.00148,0.02312,0.01274
30.02,0.06118,0.05507,-0.03533,0.07917,-0.32254,-0.09788,0.02647,0.08361,0.03599,0.22954,-0.21515,-0,0.02368,0.12862,-0.72996,-0.09531,-0.07781,-0.38186,-0.32329,0.25111,-0.19987,1.88167,-0.29116,0.3478,-1.39405,-0.13417,-0.63776,0.1104,0.10532,0.10141,-0.06376,0.00484,-0.00043,-0.6463,-0.04046,0.11765,0.10599,0.01033,0.02551,0.01325
30.04,0.06087,0.05412,-0.03548,0.08437,-0.30257,-0.0957,-0.00951,0.07647,0.00937,0.19951,-0.20565,-0,0.02357,0.10528,-0.65857,-0.07372,-0.07151,-0.26594,-0.29038,0.30743,-0.23858,2.0588,-0.38765,0.36508,-1.27259,-0.18933,-0.63712,0.10928,0.10573,0.08702,-0.05549,0.00545,0.00031,-0.61252,-0.04832,0.11377,0.07364,0.02279,0.0257,0.01253
30.06,0.06088,0.05321,-0.03536,0.08755,-0.2852,-0.09196,-0.03748,0.06891,-0.01954,0.17441,-0.19528,-0,0.02573,0.07939,-0.57459,-0.05093,-0.0628,-0.14778,-0.24449,0.34631,-0.26507,2.15234,-0.46773,0.36469,-1.11144,-0.24214,-0.63063,0.10644,0.10365,0.07539,-0.04695,0.00547,0.00075,-0.57289,-0.05435,0.1067,0.04226,0.03422,0.02415,0.01091
30.08,0.06094,0.05224,-0.03498,0.08844,-0.27039,-0.08679,-0.05788,0.06117,-0.04928,0.15376,-0.18349,-0,0.03017,0.05209,-0.48113,-0.02847,-0.05269,-0.03385,-0.18993,0.36778,-0.27807,2.15135,-0.52692,0.3479,-0.92227,-0.29034,-0.61737,0.10183,0.09929,0.06688,-0.03853,0.00502,0.00091,-0.52729,-0.05843,0.09635,0.01268,0.04349,0.02138,0.00875
30.1,0.0608,0.05111,-0.03433,0.08685,-0.25833,-0.0805,-0.07085,0.05359,-0.0779,0.13657,-0.16973,-0,0.03624,0.02503,-0.38335,-0.00746,-0.04212,0.06975,-0.13107,0.37248,-0.27739,2.05044,-0.56172,0.31765,-0.71877,-0.33198,-0.59631,0.09563,0.09293,0.06194,-0.03057,0.00425,0.00088,-0.47593,-0.06028,0.08303,-0.01403,0.04992,0.01793,0.0064
30.12,0.06021,0.04979,-0.03337,0.08273,-0.2493,-0.07349,-0.07645,0.04656,-0.10319,0.12166,-0.15354,-0,0.0429,-4e-05,-0.28709,0.01135,-0.03193,0.15756,-0.0722,0.36148,-0.26365,1.84966,-0.56976,0.27782,-0.51517,-0.36519,-0.56654,0.08815,0.08495,0.06113,-0.02334,0.00329,0.0007,-0.41933,-0.05956,0.06735,-0.03661,0.0532,0.0143,0.00415
30.14,0.05895,0.04825,-0.03208,0.07608,-0.2434,-0.06608,-0.07501,0.04035,-0.12326,0.10802,-0.13469,-0,0.04911,-0.02183,-0.19655,0.02752,-0.02275,0.2257,-0.01713,0.33643,-0.23799,1.55535,-0.55054,0.23237,-0.32327,-0.38821,-0.5274,0.07971,0.0757,0.06502,-0.01695,0.00225,0.00044,-0.3581,-0.05609,0.05001,-0.05384,0.05331,0.01088,0.00224
30.16,0.05684,0.04643,-0.03045,0.06708,-0.24037,-0.05846,-0.06752,0.03512,-0.13692,0.09508,-0.11329,-0,0.05405,-0.03995,-0.11292,0.04089,-0.01503,0.2724,0.03099,0.29975,-0.20202,1.18197,-0.50613,0.18477,-0.15111,-0.39935,-0.4788,0.07056,0.06546,0.07412,-0.01131,0.00125,0.00017,-0.29304,-0.05001,0.03164,-0.06465,0.0505,0.0079,0.00078
30.18,0.05382,0.04428,-0.02852,0.05605,-0.23957,-0.05077,-0.0557,0.03089,-0.14359,0.0829,-0.09,-0,0.05713,-0.05481,-0.03468,0.05145,-0.00901,0.29769,0.06928,0.25492,-0.15804,0.75506,-0.4415,0.13826,-0.00398,-0.3968,-0.42167,0.06095,0.05453,0.08879,-0.00622,0.00033,-8e-05,-0.22563,-0.04182,0.01298,-0.06802,0.04526,0.00542,-0.00024
30.2,0.04986,0.04176,-0.02637,0.04356,-0.24004,-0.04307,-0.04196,0.02763,-0.14318,0.0722,-0.06614,-0,0.05798,-0.06745,0.04142,0.05918,-0.00484,0.30283,0.09484,0.20656,-0.10916,0.31219,-0.36446,0.0962,0.11414,-0.37868,-0.35811,0.05116,0.04327,0.10925,-0.00136,-0.00042,-0.00024,-0.15837,-0.03241,-0.00504,-0.06288,0.03835,0.00337,-0.00089
30.22,0.04503,0.03884,-0.02409,0.03031,-0.2407,-0.03547,-0.02898,0.02523,-0.13597,0.06404,-0.04331,-0,0.05652,-0.07921,0.11915,0.06407,-0.00249,0.28998,0.10514,0.15971,-0.05875,-0.1031,-0.28432,0.06178,0.20038,-0.34351,-0.29101,0.04146,0.03202,0.13576,0.0036,-0.00097,-0.00029,-0.09438,-0.02285,-0.02149,-0.04806,0.03061,0.00159,-0.00133
30.24,0.03939,0.03548,-0.02176,0.01693,-0.24057,-0.02801,-0.01914,0.02356,-0.12261,0.05938,-0.02293,-0,0.05306,-0.09148,0.2015,0.06606,-0.00163,0.26183,0.09895,0.11877,-0.00964,-0.45191,-0.20972,0.0376,0.25358,-0.2911,-0.22313,0.0319,0.021,0.1689,0.00902,-0.00124,-0.00018,-0.03638,-0.01407,-0.03566,-0.02229,0.02273,-0.00013,-0.00171
30.26,0.03302,0.03166,-0.01941,0.00393,-0.23889,-0.02077,-0.01411,0.02239,-0.10416,0.05871,-0.00585,-0,0.04845,-0.10546,0.2895,0.0651,-0.00155,0.2216,0.07691,0.0868,0.03641,-0.70614,-0.14747,0.02527,0.27466,-0.22333,-0.15683,0.02229,0.01017,0.2096,0.01521,-0.00117,0.00016,0.01372,-0.00671,-0.04727,0.01565,0.01515,-0.00201,-0.00219
30.28,0.02604,0.02742,-0.01703,-0.00823,-0.23524,-0.01387,-0.01484,0.02146,-0.08217,0.06204,0.00751,-0,0.04411,-0.12197,0.38121,0.06108,-0.00112,0.17328,0.04189,0.06569,0.07837,-0.84784,-0.10275,0.02553,0.26642,-0.14486,-0.09441,0.01226,-0.00062,0.25891,0.02241,-0.00069,0.00075,0.05458,-0.0011,-0.05638,0.06666,0.00809,-0.00428,-0.00291
30.3,0.01867,0.02283,-0.0146,-0.01906,-0.22942,-0.00754,-0.02162,0.02048,-0.05876,0.06887,0.01708,-0,0.04195,-0.1414,0.47153,0.05396,0.00113,0.12172,-0.0012,0.05636,0.11567,-0.86699,-0.07948,0.03837,0.23309,-0.06309,-0.03861,0.00132,-0.01159,0.31768,0.03068,0.00031,0.00165,0.08502,0.00266,-0.06332,0.13114,0.0016,-0.00714,-0.00398
30.32,0.01118,0.01804,-0.01211,-0.02807,-0.22149,-0.00204,-0.03424,0.01912,-0.03622,0.07826,0.0231,-0,0.0439,-0.16378,0.55359,0.04388,0.00662,0.07188,-0.04651,0.05883,0.14813,-0.76163,-0.07993,0.06297,0.1798,0.01343,0.00775,-0.0109,-0.02287,0.38659,0.03985,0.00189,0.00289,0.10404,0.00461,-0.06849,0.20908,-0.00434,-0.01075,-0.00548
30.34,0.00383,0.01317,-0.00953,-0.03496,-0.21156,0.00245,-0.0521,0.01704,-0.01631,0.0888,0.02628,-0,0.05124,-0.18893,0.62129,0.03147,0.01626,0.0277,-0.08881,0.072,0.17623,-0.5399,-0.1037,0.09759,0.1119,0.07774,0.04249,-0.02444,-0.0344,0.46622,0.04949,0.00416,0.0045,0.11111,0.00502,-0.07236,0.30037,-0.00978,-0.01519,-0.00746
30.36,-0.00313,0.00834,-0.00686,-0.03965,-0.19983,0.00589,-0.07423,0.01392,2e-05,0.09859,0.02786,-0,0.06402,-0.21648,0.67083,0.01807,0.03006,-0.0086,-0.12447,0.09345,0.20119,-0.22248,-0.14684,0.13929,0.03485,0.12613,0.06451,-0.03879,-0.04578,0.55687,0.05875,0.00717,0.00646,0.10641,0.0043,-0.07531,0.40464,-0.01472,-0.02043,-0.00989
30.38,-0.00947,0.00372,-0.00413,-0.04229,-0.1866,0.00841,-0.09918,0.00944,0.01271,0.10516,0.02957,-0,0.08094,-0.24568,0.70067,0.00591,0.04692,-0.0364,-0.1514,0.11923,0.22478,0.15468,-0.20142,0.18356,-0.04528,0.15814,0.07375,-0.05275,-0.05618,0.65784,0.0663,0.01094,0.00871,0.0909,0.00302,-0.07764,0.52051,-0.01905,-0.02629,-0.01268
30.4,-0.01487,-0.00051,-0.00143,-0.04319,-0.17239,0.0102,-0.12491,0.00336,0.0223,0.10555,0.03359,-0,0.09929,-0.27531,0.71104,-0.00187,0.06458,-0.05622,-0.16876,0.144,0.24908,0.54067,-0.25575,0.22437,-0.1215,0.17595,0.07084,-0.06443,-0.06432,0.76696,0.07035,0.01542,0.01114,0.06618,0.00192,-0.07948,0.64502,-0.02257,-0.03239,-0.01566
30.42,-0.01903,-0.00412,0.00112,-0.0427,-0.15786,0.01152,-0.14922,-0.0045,0.02972,0.0968,0.04211,-0,0.11542,-0.30402,0.7036,-0.00139,0.07958,-0.06901,-0.17678,0.16184,0.27614,0.87832,-0.29633,0.25529,-0.18657,0.18351,0.05694,-0.07178,-0.06874,0.88108,0.06897,0.02054,0.01362,0.03425,0.00185,-0.08075,0.77428,-0.02497,-0.03827,-0.01858
30.44,-0.0217,-0.00693,0.00339,-0.04113,-0.14374,0.01262,-0.17033,-0.0142,0.03601,0.07691,0.05684,-0,0.12539,-0.331,0.68142,0.0116,0.08734,-0.07546,-0.1768,0.16765,0.30771,1.11849,-0.31092,0.27139,-0.23455,0.18563,0.03358,-0.0733,-0.06828,0.99727,0.06061,0.02624,0.01606,-0.00296,0.00365,-0.08102,0.90489,-0.026,-0.04348,-0.02124
30.46,-0.02283,-0.00881,0.00529,-0.03869,-0.13075,0.01367,-0.18728,-0.02562,0.04211,0.04546,0.07853,-0,0.12539,-0.35636,0.64905,0.0414,0.08219,-0.07542,-0.1713,0.15805,0.34488,1.22918,-0.29061,0.27053,-0.26166,0.18738,0.00267,-0.06869,-0.06246,1.11319,0.04449,0.03251,0.0184,-0.04367,0.00814,-0.07943,1.03446,-0.02549,-0.04766,-0.02344
30.48,-0.02247,-0.00971,0.00672,-0.03544,-0.11975,0.01477,-0.19989,-0.0384,0.04879,0.00404,0.10671,-0,0.11178,-0.38103,0.6127,0.09213,0.05735,-0.06779,-0.16391,0.13168,0.38777,1.19661,-0.23038,0.2536,-0.26621,0.19394,-0.03331,-0.0589,-0.05151,1.22633,0.02085,0.03935,0.02067,-0.08605,0.01601,-0.0747,1.16081,-0.02342,-0.05053,-0.02504
30.5,-0.02085,-0.00963,0.00758,-0.03137,-0.11176,0.01592,-0.20851,-0.05186,0.05656,-0.04383,0.13976,-0,0.08118,-0.40648,0.58017,0.16754,0.00504,-0.05053,-0.15923,0.08899,0.43537,1.02283,-0.1288,0.22421,-0.24823,0.21039,-0.0712,-0.04608,-0.03643,1.33327,-0.00913,0.04671,0.02289,-0.12796,0.02783,-0.06525,1.28102,-0.01987,-0.05184,-0.02591
30.52,-0.01821,-0.00858,0.00777,-0.02645,-0.10789,0.01708,-0.21384,-0.06517,0.0657,-0.09365,0.17542,-0,0.03049,-0.43451,0.55948,0.27093,-0.08308,-0.02081,-0.16172,0.03147,0.48599,0.72179,0.01331,0.18762,-0.20896,0.24134,-0.10765,-0.03293,-0.01868,1.43012,-0.04362,0.05449,0.02513,-0.16712,0.04374,-0.0497,1.39179,-0.01505,-0.05143,-0.02594
30.54,-0.01482,-0.00657,0.00721,-0.02071,-0.10906,0.01816,-0.21655,-0.0776,0.07624,-0.14143,0.21171,-0,-0.04273,-0.467,0.55688,0.4051,-0.21528,0.02472,-0.1742,-0.03941,0.53808,0.31468,0.19464,0.14916,-0.1504,0.29011,-0.13993,-0.02187,0.00017,1.51376,-0.08082,0.0626,0.02742,-0.20167,0.06324,-0.02757,1.49054,-0.00934,-0.04925,-0.0251
30.56,-0.01085,-0.00363,0.00588,-0.0143,-0.11583,0.01904,-0.2172,-0.08871,0.08789,-0.18454,0.24743,-0,-0.1398,-0.50564,0.57534,0.57177,-0.39864,0.08949,-0.19673,-0.12268,0.59061,-0.17151,0.41396,0.11338,-0.07524,0.35806,-0.16637,-0.01449,0.01856,1.5825,-0.11917,0.07091,0.02977,-0.23034,0.08481,8e-05,1.57586,-0.0033,-0.04544,-0.02341
30.58,-0.00643,0.00019,0.00378,-0.00758,-0.12831,0.01959,-0.21607,-0.09825,0.10004,-0.22163,0.28204,-0,-0.26018,-0.5516,0.61413,0.77025,-0.6377,0.17657,-0.22617,-0.2174,0.64278,-0.70097,0.66877,0.08408,0.01263,0.44397,-0.18629,-0.01144,0.03491,1.6356,-0.1572,0.07921,0.03215,-0.2523,0.10577,0.03035,1.64698,0.00226,-0.04037,-0.02104
30.6,-0.00167,0.00479,0.001,-0.00115,-0.14621,0.01966,-0.21326,-0.10608,0.11159,-0.25218,0.31523,-0,-0.40097,-0.6053,0.66906,0.99663,-0.93273,0.28799,-0.25643,-0.32212,0.69362,-1.22765,0.95379,0.06458,0.10794,0.5438,-0.19968,-0.01261,0.04752,1.6727,-0.19322,0.08719,0.03448,-0.26694,0.12228,0.0586,1.70307,0.00627,-0.0346,-0.01822
30.62,0.00334,0.01008,-0.00237,0.00432,-0.16899,0.01912,-0.20866,-0.11205,0.12122,-0.27617,0.34652,-0,-0.55775,-0.66641,0.73351,1.24454,-1.27781,0.42399,-0.27999,-0.43483,0.74204,-1.70267,1.2614,0.05779,0.20507,0.65143,-0.20698,-0.01731,0.05481,1.69369,-0.22558,0.09447,0.03663,-0.27388,0.13032,0.07958,1.74325,0.00764,-0.02881,-0.01526
30.64,0.00856,0.01598,-0.00622,0.00823,-0.19617,0.01793,-0.20206,-0.11596,0.12754,-0.29383,0.37483,-0,-0.72606,-0.73408,0.79998,1.50714,-1.65873,0.58206,-0.29012,-0.55338,0.78713,-2.08747,1.583,0.06603,0.3,0.76007,-0.20883,-0.02463,0.05589,1.69887,-0.25312,0.1008,0.03855,-0.27318,0.12706,0.08928,1.76715,0.00554,-0.02361,-0.01243
30.66,0.01402,0.02248,-0.01046,0.01023,-0.22744,0.01621,-0.19325,-0.1175,0.12935,-0.30546,0.384,-0,-0.90181,-0.80688,0.86091,1.77748,-2.05012,0.75569,-0.28245,-0.67531,0.82825,-2.36165,1.90882,0.09083,0.39127,0.86281,-0.20597,-0.03352,0.05082,1.68918,-0.27541,0.10612,0.0402,-0.26553,0.11191,0.08612,1.7752,-0.00036,-0.01942,-0.00993
30.68,0.01974,0.02957,-0.01497,0.01019,-0.26242,0.01421,-0.18203,-0.11621,0.1256,-0.31125,0.384,-0,-1.08016,-0.88221,0.90841,2.04665,-2.4117,0.93279,-0.25538,-0.79689,0.86473,-2.52268,2.22551,0.13281,0.47953,0.95196,-0.19917,-0.04287,0.04079,1.66619,-0.29267,0.11053,0.04167,-0.2523,0.08688,0.07132,1.76864,-0.00978,-0.0165,-0.00792
30.7,0.02573,0.03718,-0.0196,0.00818,-0.30052,0.01236,-0.16835,-0.1115,0.1154,-0.31117,0.384,-0,-1.25431,-0.95595,0.93416,2.30208,-2.68825,1.09518,-0.20986,-0.91245,0.89548,-2.58181,2.51435,0.19185,0.5666,1.01858,-0.18925,-0.05138,0.02798,1.63205,-0.30546,0.11427,0.04304,-0.23549,0.05629,0.0485,1.74924,-0.02191,-0.01496,-0.00649
30.72,0.03198,0.04523,-0.02417,0.00437,-0.34105,0.01115,-0.15222,-0.1028,0.09812,-0.30496,0.384,-0,-1.4162,-1.02301,0.93099,2.52895,-2.82038,1.2213,-0.14884,-1.0152,0.91907,-2.55848,2.75396,0.26848,0.65437,1.05366,-0.17692,-0.05773,0.01511,1.58905,-0.31452,0.11756,0.04441,-0.21733,0.02562,0.02256,1.71888,-0.03561,-0.01485,-0.00574
30.74,0.03854,0.05366,-0.02857,-0.00101,-0.38353,0.01099,-0.13369,-0.08988,0.0736,-0.29221,0.35999,-0,-1.55821,-1.07852,0.89547,2.71359,-2.76243,1.29117,-0.07638,-1.09908,0.93381,-2.47381,2.92586,0.36593,0.74372,1.05045,-0.16263,-0.06077,0.00476,1.53891,-0.32053,0.12054,0.04583,-0.1997,-0.00024,-0.00198,1.679,-0.04989,-0.01611,-0.00567
30.76,0.04549,0.06244,-0.03276,-0.00779,-0.42783,0.01214,-0.11283,-0.07306,0.04239,-0.27245,0.30166,-0,-1.67398,-1.11855,0.82991,2.84525,-2.4954,1.28956,0.00258,-1.15979,0.93791,-2.34664,3.01792,0.4911,0.83346,1.00619,-0.14654,-0.05967,-0.0011,1.4826,-0.32399,0.12316,0.04724,-0.18381,-0.01816,-0.02205,1.63037,-0.06406,-0.01857,-0.00625
30.78,0.05294,0.07146,-0.03673,-0.01574,-0.47379,0.01465,-0.08993,-0.05336,0.00597,-0.24535,0.2266,-0,-1.75761,-1.13983,0.7433,2.91543,-2.03162,1.20664,0.08178,-1.19447,0.92941,-2.19332,3.02422,0.65401,0.91933,0.92266,-0.12856,-0.0539,-0.0011,1.4206,-0.32516,0.12511,0.04849,-0.17018,-0.0269,-0.03612,1.57338,-0.07772,-0.02199,-0.00736
30.8,0.06094,0.08056,-0.04052,-0.02461,-0.52099,0.01839,-0.06559,-0.03255,-0.03312,-0.21077,0.14266,-0,-1.8029,-1.13948,0.65076,2.9167,-1.41225,1.03733,0.15332,-1.20114,0.90621,-2.02839,2.94378,0.86638,0.99401,0.80615,-0.10852,-0.0433,0.00553,1.35337,-0.32399,0.12591,0.04928,-0.15885,-0.02677,-0.04396,1.50833,-0.09062,-0.02603,-0.00884
30.82,0.0695,0.08951,-0.04414,-0.03411,-0.56886,0.02311,-0.04065,-0.01274,-0.07177,-0.16881,0.05953,-0,-1.80393,-1.11501,0.5699,2.84311,-0.69316,0.77996,0.20878,-1.17853,0.86627,-1.86415,2.77922,1.13917,1.04942,0.66622,-0.08623,-0.02804,0.01892,1.28126,-0.32012,0.12491,0.04929,-0.14945,-0.01914,-0.04623,1.43537,-0.10251,-0.03028,-0.01049
30.84,0.07867,0.09813,-0.04764,-0.04401,-0.6171,0.02855,-0.01591,0.00427,-0.10723,-0.11977,-0.01433,-0,-1.75673,-1.06468,0.5154,2.69158,0.07612,0.43462,0.24125,-1.12622,0.80814,-1.70936,2.53578,1.47952,1.0806,0.51399,-0.06144,-0.00873,0.0384,1.20431,-0.31289,0.12161,0.04825,-0.14121,-0.00582,-0.04418,1.35415,-0.11298,-0.03444,-0.01219
30.86,0.08846,0.10637,-0.05107,-0.05413,-0.66583,0.03451,0.00794,0.01738,-0.13751,-0.06422,-0.07345,-0,-1.66069,-0.988,0.4953,2.46361,0.86407,0.00351,0.24665,-1.04502,0.73144,-1.56896,2.22166,1.88727,1.08837,0.3615,-0.034,0.01351,0.06235,1.12226,-0.30137,0.1157,0.04602,-0.13305,0.01132,-0.03929,1.26392,-0.1214,-0.03834,-0.01387
30.88,0.09884,0.11419,-0.05447,-0.0643,-0.71523,0.04075,0.03014,0.02618,-0.16131,-0.00353,-0.11545,-0,-1.51948,-0.88629,0.51038,2.16714,1.65448,-0.50612,0.22395,-0.93756,0.63762,-1.44508,1.8502,2.35131,1.07983,0.22271,-0.00407,0.03685,0.08796,1.03523,-0.28447,0.10718,0.04264,-0.12365,0.03031,-0.03331,1.16415,-0.12676,-0.0419,-0.01556
30.9,0.10966,0.12159,-0.05782,-0.07428,-0.76522,0.04703,0.04971,0.03079,-0.17772,0.05995,-0.14026,-0,-1.34107,-0.763,0.55502,1.81719,2.43884,-1.07935,0.17486,-0.8086,0.5301,-1.33821,1.44114,2.84787,1.06735,0.11385,0.0278,0.05873,0.11127,0.9442,-0.26098,0.09636,0.0383,-0.11153,0.04905,-0.0282,1.05519,-0.12766,-0.04514,-0.01732
30.92,0.12066,0.12855,-0.0611,-0.08375,-0.81554,0.05311,0.06555,0.03164,-0.18629,0.12333,-0.14941,-0,-1.13592,-0.62279,0.61957,1.43265,3.21013,-1.69489,0.10328,-0.6643,0.41346,-1.2476,1.01737,3.34513,1.06492,0.05066,0.06084,0.0764,0.12806,0.85078,-0.22971,0.08377,0.0333,-0.09521,0.06541,-0.02587,0.93815,-0.12248,-0.0481,-0.01927
30.94,0.13167,0.13519,-0.06427,-0.09241,-0.86618,0.05877,0.07664,0.02929,-0.18713,0.18415,-0.14537,-0,-0.91394,-0.47004,0.6935,1.0308,3.95756,-2.32874,0.01463,-0.51076,0.2917,-1.17109,0.59884,3.81152,1.08314,0.0433,0.09457,0.08779,0.1351,0.75639,-0.18958,0.06993,0.02794,-0.07343,0.07759,-0.02782,0.81437,-0.10959,-0.05076,-0.02149
30.96,0.14259,0.14171,-0.06736,-0.09995,-0.91747,0.06389,0.08223,0.0243,-0.18108,0.24086,-0.13113,-0,-0.68329,-0.30836,0.76728,0.625,4.66055,-2.9545,-0.08428,-0.35371,0.16757,-1.10511,0.19982,4.22004,1.12554,0.09282,0.12901,0.09215,0.13111,0.6621,-0.13986,0.05534,0.02252,-0.04535,0.08429,-0.03482,0.68552,-0.08769,-0.05306,-0.024
30.98,0.15334,0.14844,-0.07038,-0.10607,-0.96969,0.06841,0.08178,0.01724,-0.16976,0.2925,-0.11012,0,-0.4517,-0.14165,0.83232,0.22711,5.28158,-3.53864,-0.18453,-0.19949,0.0433,-1.04529,-0.16873,4.54595,1.18743,0.19007,0.16445,0.09012,0.11697,0.56926,-0.08058,0.0405,0.01732,-0.01081,0.08469,-0.04685,0.55454,-0.05591,-0.05482,-0.02675
31,0.1638,0.15572,-0.07334,-0.11035,-1.02273,0.07227,0.07492,0.00864,-0.15545,0.33822,-0.08619,0,-0.22798,0.0249,0.88058,-0.14986,5.7642,-4.03777,-0.27494,-0.05591,-0.07851,-0.98711,-0.49632,4.76435,1.25658,0.31675,0.20123,0.08349,0.09547,0.4801,-0.01279,0.02605,0.01266,0.02956,0.07837,-0.06311,0.42639,-0.01405,-0.05574,-0.02957
31.02,0.17384,0.16388,-0.07625,-0.11235,-1.07625,0.07544,0.06153,-0.00097,-0.1406,0.37732,-0.06314,0,-0.02101,0.18557,0.90513,-0.49308,6.04598,-4.4059,-0.344,0.06916,-0.19511,-0.92647,-0.77362,4.85299,1.3168,0.45012,0.23962,0.0746,0.07039,0.39752,0.06158,0.01266,0.00884,0.07466,0.06524,-0.08215,0.30721,0.03752,-0.05546,-0.03224
31.04,0.18342,0.17327,-0.07913,-0.11171,-1.12997,0.07806,0.04194,-0.01127,-0.12702,0.40947,-0.04397,0,0.16279,0.33587,0.90153,-0.79402,6.08117,-4.60847,-0.38331,0.17055,-0.30445,-0.86025,-0.99559,4.79896,1.3532,0.56985,0.27987,0.06549,0.04514,0.32415,0.14022,0.0008,0.00603,0.12342,0.04562,-0.1022,0.20254,0.09779,-0.05367,-0.03451
31.06,0.19267,0.18416,-0.08203,-0.10828,-1.18388,0.0804,0.01708,-0.02212,-0.11541,0.43489,-0.03041,0,0.32065,0.47336,0.86881,-1.05031,5.85692,-4.63179,-0.3898,0.2475,-0.40547,-0.7868,-1.16315,4.60381,1.35573,0.66243,0.32216,0.0573,0.022,0.26198,0.22046,-0.00935,0.00424,0.17503,0.02024,-0.1213,0.11635,0.165,-0.05014,-0.03615
31.08,0.2018,0.19667,-0.08501,-0.10209,-1.23779,0.08292,-0.01125,-0.03352,-0.10535,0.45409,-0.02294,0,0.45252,0.59674,0.80982,-1.26413,5.39823,-4.48458,-0.3662,0.30338,-0.49736,-0.70669,-1.28204,4.28589,1.32004,0.72144,0.36622,0.05023,0.00199,0.21277,0.29867,-0.01783,0.00327,0.22862,-0.00952,-0.13714,0.05152,0.23604,-0.04479,-0.03691
31.1,0.21103,0.21073,-0.08812,-0.09341,-1.29094,0.0862,-0.04038,-0.04551,-0.09549,0.4677,-0.02103,-0,0.55958,0.70479,0.73095,-1.43985,4.76439,-4.19484,-0.32023,0.3446,-0.57881,-0.62288,-1.36095,3.87906,1.24675,0.74626,0.41105,0.04372,-0.01472,0.17849,0.36994,-0.02485,0.0028,0.28283,-0.04156,-0.14705,0.0105,0.30623,-0.03769,-0.03653
31.12,0.22061,0.22615,-0.09139,-0.08268,-1.34198,0.0908,-0.0673,-0.05808,-0.08401,0.47625,-0.02358,-0,0.64373,0.79628,0.64029,-1.5827,4.03266,-3.80076,-0.26231,0.37886,-0.64828,-0.53941,-1.40965,3.42436,1.13955,0.73997,0.45496,0.03696,-0.02842,0.16091,0.42892,-0.03068,0.00243,0.33586,-0.07353,-0.14857,-0.00499,0.37018,-0.02901,-0.03478
31.14,0.23084,0.24271,-0.09489,-0.07044,-1.38919,0.09707,-0.08952,-0.07117,-0.06925,0.48021,-0.02945,-0,0.7076,0.87062,0.54495,-1.69833,3.27437,-3.33844,-0.20238,0.41309,-0.70482,-0.45927,-1.43729,2.95734,1.00261,0.707,0.49583,0.02957,-0.03927,0.16078,0.47164,-0.03565,0.00179,0.38564,-0.10344,-0.14025,0.00513,0.42336,-0.01893,-0.03152
31.16,0.24206,0.26027,-0.09869,-0.05731,-1.43051,0.10504,-0.10563,-0.08452,-0.0502,0.47991,-0.03781,-0,0.75447,0.92816,0.44951,-1.79228,2.54124,-2.83525,-0.14794,0.45194,-0.74853,-0.38312,-1.45126,2.50106,0.83932,0.65163,0.53114,0.02209,-0.04688,0.17709,0.49654,-0.04011,0.00063,0.42986,-0.13014,-0.12231,0.03848,0.46307,-0.00768,-0.02675
31.18,0.25458,0.27861,-0.10286,-0.04412,-1.46317,0.11428,-0.11529,-0.09762,-0.02671,0.47556,-0.04816,-0,0.78778,0.96969,0.35639,-1.86897,1.86739,-2.31163,-0.10392,0.49713,-0.78026,-0.30955,-1.45669,2.06765,0.65311,0.57802,0.55771,0.01619,-0.05016,0.20694,0.50455,-0.04437,-0.00119,0.46562,-0.15316,-0.09695,0.08993,0.4883,0.00447,-0.02065
31.2,0.26859,0.29734,-0.10745,-0.0319,-1.48353,0.12394,-0.11897,-0.10961,0.00041,0.4672,-0.06029,-0,0.81071,0.99599,0.26661,-1.93099,1.27557,-1.78498,-0.07325,0.54734,-0.80125,-0.23582,-1.4565,1.66214,0.44838,0.49042,0.57155,0.01453,-0.04737,0.24558,0.49852,-0.04867,-0.00366,0.48914,-0.17246,-0.06817,0.15176,0.49929,0.01707,-0.01361
31.22,0.28416,0.31588,-0.11245,-0.02178,-1.48742,0.13292,-0.11759,-0.11949,0.02964,0.45475,-0.07412,-0,0.82581,1.00783,0.18007,-1.9793,0.77951,-1.26998,-0.0572,0.5992,-0.81285,-0.15837,-1.45194,1.28346,0.22987,0.39296,0.56837,0.02001,-0.03666,0.28736,0.48237,-0.05316,-0.0067,0.49631,-0.18823,-0.04082,0.21509,0.49712,0.02958,-0.00614
31.24,0.30131,0.33364,-0.11784,-0.01459,-1.47105,0.14025,-0.11203,-0.1265,0.05911,0.43802,-0.08965,-0,0.83485,1.00632,0.09548,-2.01392,0.38328,-0.77687,-0.05554,0.64871,-0.81659,-0.07322,-1.44354,0.92356,0.00094,0.28911,0.54458,0.03467,-0.01687,0.32691,0.45982,-0.05787,-0.01016,0.48357,-0.20077,-0.0192,0.27203,0.48338,0.04152,0.00132
31.26,0.31997,0.35001,-0.12354,-0.01072,-1.43171,0.14523,-0.10286,-0.13029,0.08684,0.41683,-0.10673,-0,0.83872,0.99318,0.01055,-2.03447,0.08195,-0.3118,-0.06665,0.69208,-0.81411,0.0235,-1.43181,0.56802,-0.23673,0.18164,0.49806,0.05883,0.01179,0.35991,0.4337,-0.06266,-0.01383,0.44872,-0.21034,-0.00614,0.31696,0.46004,0.05251,0.00838
31.28,0.33983,0.36426,-0.1294,-0.01007,-1.36811,0.1475,-0.0903,-0.13097,0.1105,0.39115,-0.12499,-0,0.83732,0.97092,-0.0773,-2.04003,-0.13556,0.11944,-0.08751,0.72564,-0.8072,0.13471,-1.41745,0.19883,-0.48153,0.07345,0.42866,0.09073,0.04737,0.38298,0.40597,-0.0672,-0.01746,0.39125,-0.21708,-0.00286,0.34655,0.42953,0.06218,0.01475
31.3,0.36026,0.37541,-0.13514,-0.01215,-1.28054,0.14693,-0.07434,-0.12902,0.12737,0.36126,-0.14369,-0,0.8296,0.94274,-0.17032,-2.02901,-0.28334,0.50817,-0.11383,0.74554,-0.79772,0.26174,-1.4014,-0.20285,-0.73045,-0.03183,0.3383,0.12667,0.08627,0.39342,0.37792,-0.07095,-0.02074,0.31241,-0.22089,-0.00924,0.3591,0.39477,0.07016,0.02016
31.32,0.38038,0.38237,-0.14041,-0.01631,-1.17041,0.14352,-0.0548,-0.12512,0.13484,0.32773,-0.16176,-0,0.81376,0.91215,-0.2704,-1.99951,-0.37597,0.84393,-0.1408,0.7481,-0.78731,0.40476,-1.38448,-0.6568,-0.98024,-0.13045,0.23036,0.16197,0.12396,0.38909,0.35032,-0.07331,-0.02329,0.21488,-0.22146,-0.02424,0.35401,0.35876,0.07605,0.02434
31.34,0.39934,0.38413,-0.14485,-0.02202,-1.03953,0.13725,-0.03153,-0.11993,0.13133,0.29133,-0.178,-0,0.78772,0.8823,-0.37952,-1.94998,-0.42672,1.11861,-0.16422,0.73064,-0.7771,0.56357,-1.3669,-1.18511,-1.23029,-0.21996,0.10861,0.19258,0.15636,0.36855,0.32351,-0.07383,-0.02487,0.10216,-0.21836,-0.04641,0.33105,0.32385,0.07957,0.02714
31.36,0.41637,0.37998,-0.14816,-0.02899,-0.89018,0.12805,-0.00451,-0.11396,0.11688,0.25311,-0.19107,-0,0.74946,0.85571,-0.49958,-1.87986,-0.44629,1.3285,-0.18112,0.69207,-0.76739,0.73768,-1.34796,-1.8114,-1.48372,-0.29997,-0.02298,0.21598,0.18054,0.33125,0.29758,-0.07232,-0.02535,-0.02148,-0.21107,-0.07416,0.29011,0.29134,0.08064,0.02854
31.38,0.4307,0.36952,-0.15007,-0.03722,-0.72614,0.11582,0.02584,-0.10755,0.09351,0.21469,-0.19947,-0,0.69736,0.83433,-0.63155,-1.79021,-0.44225,1.473,-0.18984,0.63329,-0.75777,0.92505,-1.32611,-2.55632,-1.74582,-0.37165,-0.15942,0.23131,0.19477,0.27776,0.27259,-0.06896,-0.02476,-0.15001,-0.19908,-0.10561,0.23132,0.26165,0.07937,0.02863
31.4,0.44147,0.35264,-0.15032,-0.0469,-0.55343,0.10051,0.05859,-0.10098,0.06492,0.17837,-0.20142,-0,0.63042,0.81972,-0.77448,-1.68392,-0.41902,1.55263,-0.18976,0.55717,-0.74713,1.12091,-1.29918,-3.43163,-2.02148,-0.43689,-0.29393,0.23897,0.19824,0.20989,0.24871,-0.06422,-0.02327,-0.27521,-0.18193,-0.13852,0.15528,0.23467,0.07604,0.02762
31.42,0.44774,0.32946,-0.14865,-0.05823,-0.37924,0.08219,0.09252,-0.09444,0.03565,0.14654,-0.19515,-0,0.54808,0.8127,-0.9249,-1.56464,-0.37898,1.56833,-0.18095,0.4675,-0.73388,1.31787,-1.26457,-4.43433,-2.31263,-0.49742,-0.41901,0.24017,0.19092,0.13021,0.22627,-0.0587,-0.02111,-0.38794,-0.15934,-0.17058,0.06306,0.20992,0.07102,0.02575
31.44,0.44877,0.30019,-0.14488,-0.07134,-0.20963,0.06116,0.12661,-0.08805,0.00959,0.12057,-0.17934,-0,0.44983,0.81272,-1.07665,-1.435,-0.32421,1.52172,-0.16386,0.36752,-0.71597,1.50695,-1.21957,-5.54053,-2.61574,-0.55389,-0.52843,0.23631,0.17346,0.0412,0.20547,-0.05297,-0.01853,-0.48074,-0.13142,-0.19997,-0.04398,0.18678,0.06467,0.02327
31.46,0.44416,0.2651,-0.13894,-0.08602,-0.04849,0.03806,0.16026,-0.08189,-0.01082,0.10015,-0.15346,-0,0.33538,0.81743,-1.22013,-1.29587,-0.25794,1.41571,-0.13906,0.25918,-0.69115,1.67767,-1.16167,-6.69726,-2.91902,-0.60511,-0.6184,0.22864,0.14723,-0.05495,0.18633,-0.04739,-0.01573,-0.54935,-0.09883,-0.22571,-0.16391,0.16466,0.05735,0.02038
31.48,0.43387,0.22483,-0.13092,-0.10165,0.10145,0.01407,0.19307,-0.07604,-0.02472,0.0833,-0.11809,-0,0.20541,0.82251,-1.341,-1.14716,-0.1854,1.25512,-0.10743,0.14374,-0.65709,1.81665,-1.08911,-7.121,-3.19933,-0.64746,-0.68707,0.21821,0.11454,-0.1557,0.16885,-0.04216,-0.01288,-0.59247,-0.06316,-0.2475,-0.29329,0.14318,0.04941,0.01726
31.5,0.41825,0.18053,-0.12107,-0.1171,0.23743,-0.00902,0.22461,-0.07063,-0.03251,0.06672,-0.07493,-0,0.06233,0.82201,-1.42014,-0.98888,-0.11386,1.04709,-0.07024,0.02259,-0.61166,1.90707,-1.00114,-7.121,-3.42217,-0.67489,-0.73369,0.20588,0.07861,-0.25763,0.15309,-0.03734,-0.01011,-0.61096,-0.02693,-0.26546,-0.42658,0.12239,0.04125,0.01411
31.52,0.39779,0.13366,-0.10973,-0.131,0.35683,-0.02912,0.25436,-0.06573,-0.03548,0.04662,-0.0265,-0,-0.0903,0.80947,-1.43771,-0.82137,-0.0513,0.80014,-0.02897,-0.10293,-0.55322,1.93149,-0.89773,-7.121,-3.54991,-0.68069,-0.75825,0.19227,0.04299,-0.35686,0.13921,-0.03291,-0.00757,-0.60705,0.00695,-0.2798,-0.55707,0.10257,0.0333,0.01108
31.54,0.37296,0.08545,-0.09722,-0.14206,0.45818,-0.04457,0.28188,-0.06128,-0.03533,0.01978,0.02446,-0,-0.24895,0.77976,-1.3798,-0.64494,-0.00402,0.52256,0.01494,-0.23207,-0.481,1.87705,-0.77898,-7.121,-3.55566,-0.66024,-0.76156,0.17768,0.01063,-0.45017,0.12722,-0.02879,-0.00534,-0.58369,0.03615,-0.29057,-0.67885,0.084,0.02586,0.00828
31.56,0.34408,0.03675,-0.08373,-0.14937,0.54165,-0.05444,0.30681,-0.05697,-0.03389,-0.01562,0.07519,-0,-0.41041,0.73037,-1.24352,-0.46031,0.02477,0.22235,0.06022,-0.3647,-0.39559,1.73944,-0.64512,-7.121,-3.43292,-0.61315,-0.74528,0.16204,-0.0167,-0.53552,0.11693,-0.02489,-0.00344,-0.54418,0.05954,-0.29741,-0.78771,0.06681,0.01908,0.00576
31.58,0.31149,-0.01166,-0.06947,-0.15232,0.60845,-0.0586,0.32866,-0.05228,-0.03309,-0.05955,0.12259,-0,-0.57068,0.66214,-1.03903,-0.27002,0.03511,-0.09067,0.10543,-0.50031,-0.29971,1.52463,-0.49744,-7.121,-3.19872,-0.54399,-0.71198,0.14502,-0.03832,-0.61147,0.10806,-0.02115,-0.00185,-0.49233,0.07711,-0.29944,-0.88059,0.05107,0.01298,0.00352
31.6,0.27579,-0.05872,-0.05471,-0.1506,0.66009,-0.05754,0.34666,-0.04651,-0.03483,-0.11012,0.16297,-0,-0.72398,0.57916,-0.7887,-0.07953,0.02967,-0.4032,0.14869,-0.63713,-0.19853,1.24858,-0.33906,-7.121,-2.89117,-0.46195,-0.66515,0.12619,-0.05435,-0.67651,0.10025,-0.01755,-0.00053,-0.43262,0.08971,-0.29528,-0.95467,0.03694,0.00754,0.00154
31.62,0.23772,-0.10323,-0.03978,-0.14414,0.69836,-0.05215,0.35987,-0.03896,-0.04081,-0.16444,0.19271,-0,-0.86366,0.48752,-0.52131,0.104,0.01258,-0.70052,0.18793,-0.77259,-0.0987,0.93335,-0.17429,-6.34731,-2.55891,-0.37843,-0.60889,0.10519,-0.06541,-0.72915,0.09318,-0.01408,0.00057,-0.36977,0.09867,-0.28349,-1.00759,0.02455,0.00268,-0.00023
31.64,0.19794,-0.14424,-0.02496,-0.13318,0.72563,-0.04346,0.3675,-0.02905,-0.05215,-0.22007,0.20936,-0,-0.98436,0.39333,-0.26298,0.27421,-0.01207,-0.97101,0.22152,-0.9045,-0.00656,0.60101,-0.00699,-5.12924,-2.24546,-0.30339,-0.54745,0.08181,-0.07233,-0.76839,0.08654,-0.01076,0.00151,-0.30805,0.10544,-0.26318,-1.03822,0.01382,-0.00175,-0.00184
31.66,0.15703,-0.18124,-0.01048,-0.11832,0.74507,-0.03251,0.36911,-0.01651,-0.06909,-0.27576,0.21244,-0,-1.08304,0.30166,-0.03203,0.42685,-0.04116,-1.20834,0.24861,-1.03148,0.07285,0.27074,0.15995,-3.9791,-1.97957,-0.24304,-0.48521,0.05626,-0.07602,-0.79402,0.08009,-0.00757,0.00235,-0.25098,0.1113,-0.23456,-1.04722,0.00434,-0.00592,-0.00339
31.68,0.11573,-0.21387,0.00339,-0.10066,0.76049,-0.02036,0.3646,-0.00149,-0.09079,-0.33124,0.20357,-0,-1.15853,0.21695,0.16071,0.55881,-0.07255,-1.41017,0.26892,-1.15214,0.13534,-0.03948,0.32346,-2.95266,-1.77483,-0.19983,-0.42706,0.02934,-0.07731,-0.80646,0.07369,-0.0045,0.00311,-0.2017,0.11724,-0.19927,-1.03704,-0.00459,-0.01008,-0.00494
31.7,0.07525,-0.24167,0.01624,-0.08182,0.77607,-0.00818,0.35426,0.01541,-0.11539,-0.38676,0.18614,-0,-1.21057,0.14362,0.30949,0.66704,-0.10488,-1.57593,0.28251,-1.26415,0.17698,-0.31084,0.47925,-2.07674,-1.63293,-0.17315,-0.37872,0.00257,-0.07698,-0.80641,0.06737,-0.00156,0.00384,-0.16335,0.12394,-0.16037,-1.0115,-0.0138,-0.01444,-0.00656
31.72,0.03702,-0.26408,0.0276,-0.06366,0.79571,0.00286,0.3388,0.03334,-0.14046,-0.44283,0.16436,-0,-1.23961,0.08567,0.4122,0.74893,-0.13742,-1.70578,0.28958,-1.36455,0.19433,-0.52539,0.62242,-1.35778,-1.54756,-0.16044,-0.34591,-0.02216,-0.07574,-0.79468,0.06123,0.00122,0.00452,-0.13877,0.13183,-0.1216,-0.97501,-0.02418,-0.01916,-0.00832
31.74,0.00216,-0.28078,0.03706,-0.04782,0.82229,0.01179,0.31954,0.0516,-0.16382,-0.50017,0.14199,-0,-1.24706,0.04556,0.46937,0.80367,-0.17015,-1.80034,0.29024,-1.45086,0.18521,-0.67035,0.74927,-0.78818,-1.50862,-0.15833,-0.33286,-0.04326,-0.07431,-0.77202,0.05538,0.00384,0.00518,-0.12976,0.14118,-0.08625,-0.93144,-0.03641,-0.02435,-0.01022
31.76,-0.02876,-0.29177,0.04441,-0.03544,0.85706,0.01792,0.29861,0.06976,-0.18399,-0.55946,0.1215,-0,-1.23548,0.02356,0.48348,0.83312,-0.20357,-1.86034,0.2845,-1.52158,0.1493,-0.74079,0.85819,-0.35203,-1.50495,-0.16338,-0.34128,-0.05974,-0.07346,-0.73914,0.04988,0.00632,0.00582,-0.13653,0.15213,-0.0564,-0.88352,-0.05086,-0.03002,-0.01227
31.78,-0.05552,-0.29735,0.04957,-0.02719,0.89918,0.02084,0.27912,0.08767,-0.20011,-0.62083,0.10402,-0,-1.20865,0.01783,0.45849,0.84168,-0.23846,-1.88588,0.27225,-1.57572,0.08849,-0.73944,0.94893,-0.03044,-1.52533,-0.17227,-0.37012,-0.0712,-0.07407,-0.69689,0.04474,0.00869,0.00647,-0.15762,0.16469,-0.03304,-0.83303,-0.06742,-0.03604,-0.01441
31.8,-0.07803,-0.29796,0.05251,-0.02341,0.9458,0.02033,0.26515,0.10518,-0.21182,-0.68349,0.08962,-0,-1.17141,0.02483,0.39941,0.83575,-0.27554,-1.87601,0.25328,-1.61225,0.00682,-0.67519,1.02171,0.19437,-1.55877,-0.18185,-0.41584,-0.07767,-0.07705,-0.64651,0.04,0.01098,0.00713,-0.19008,0.17857,-0.01637,-0.78122,-0.08547,-0.04209,-0.01651
31.82,-0.09626,-0.29412,0.05332,-0.02407,0.99293,0.01634,0.26097,0.12215,-0.21906,-0.74593,0.07773,-0,-1.12893,0.04035,0.31164,0.82268,-0.31515,-1.82896,0.22753,-1.63016,-0.09032,-0.56036,1.07709,0.33764,-1.59542,-0.18924,-0.47344,-0.07953,-0.08331,-0.58945,0.03567,0.0132,0.00781,-0.23023,0.19326,-0.00606,-0.72883,-0.10401,-0.04777,-0.01843
31.84,-0.11037,-0.2864,0.05216,-0.02877,1.03694,0.00904,0.26979,0.13832,-0.22206,-0.80654,0.06762,-0,-1.08562,0.06063,0.20013,0.80944,-0.35697,-1.74299,0.19529,-1.629,-0.19759,-0.40718,1.11627,0.41239,-1.62779,-0.19209,-0.53794,-0.07747,-0.09361,-0.52714,0.03174,0.01531,0.00849,-0.27485,0.20802,-0.00153,-0.67607,-0.12207,-0.05273,-0.02003
31.86,-0.12074,-0.2754,0.04939,-0.03666,1.07538,-0.00118,0.29289,0.15327,-0.22129,-0.86376,0.05878,-0,-1.04459,0.08311,0.06939,0.80184,-0.3996,-1.61746,0.15755,-1.60932,-0.31012,-0.22623,1.14132,0.42976,-1.65147,-0.18871,-0.60514,-0.07254,-0.10839,-0.46099,0.02807,0.01725,0.00914,-0.32176,0.22191,-0.00207,-0.62271,-0.1388,-0.0567,-0.02124
31.88,-0.12788,-0.26186,0.04556,-0.04636,1.10695,-0.01363,0.32921,0.16625,-0.21745,-0.91574,0.05107,-0,-1.00776,0.10649,-0.0757,0.80435,-0.44023,-1.45379,0.11635,-1.57284,-0.42286,-0.02716,1.155,0.39872,-1.66508,-0.17811,-0.67134,-0.06616,-0.12771,-0.39293,0.02449,0.01891,0.00967,-0.36959,0.23364,-0.0069,-0.56855,-0.15346,-0.05955,-0.022
31.9,-0.13237,-0.24667,0.04139,-0.05599,1.1311,-0.02725,0.37552,0.17614,-0.2114,-0.95997,0.04481,-0,-0.9763,0.13065,-0.22953,0.82023,-0.47397,-1.25651,0.07465,-1.52238,-0.52998,0.18034,1.16037,0.32573,-1.66983,-0.15991,-0.73284,-0.06005,-0.15108,-0.32568,0.02081,0.02011,0.01,-0.41748,0.24157,-0.01519,-0.51375,-0.16522,-0.06119,-0.02232
31.92,-0.13473,-0.23079,0.03763,-0.06354,1.14779,-0.04085,0.42731,0.18166,-0.20392,-0.99374,0.04054,-0,-0.95068,0.15716,-0.38819,0.85168,-0.49268,-1.03427,0.0349,-1.46121,-0.62573,0.38767,1.16054,0.21493,-1.66861,-0.13387,-0.78622,-0.05592,-0.17764,-0.26213,0.0168,0.02062,0.00998,-0.46481,0.24393,-0.02615,-0.45878,-0.17334,-0.06157,-0.02219
31.94,-0.1355,-0.21499,0.03489,-0.06738,1.15737,-0.05337,0.48025,0.18179,-0.19543,-1.0151,0.03885,-0,-0.93072,0.19009,-0.5535,0.89987,-0.48354,-0.8007,-0.00317,-1.39211,-0.7063,0.58996,1.15829,0.06856,-1.66473,-0.09931,-0.82893,-0.05491,-0.20621,-0.20408,0.01224,0.02022,0.00949,-0.51122,0.23935,-0.03902,-0.40413,-0.17733,-0.0607,-0.02165
31.96,-0.13516,-0.19985,0.03346,-0.06661,1.16046,-0.06408,0.53095,0.17606,-0.18578,-1.02341,0.04016,-0,-0.91559,0.23647,-0.73522,0.96485,-0.42809,-0.57592,-0.04399,-1.31696,-0.7709,0.78709,1.15592,-0.11205,-1.66122,-0.05481,-0.85963,-0.05722,-0.23535,-0.1516,0.00693,0.01871,0.00843,-0.55645,0.22719,-0.05309,-0.35022,-0.17712,-0.05863,-0.02071
31.98,-0.13418,-0.18575,0.03331,-0.06115,1.1579,-0.07248,0.57676,0.16465,-0.1743,-1.01945,0.04468,-0,-0.90398,0.3061,-0.95042,1.04504,-0.30217,-0.38868,-0.09626,-1.23718,-0.82141,0.98253,1.15519,-0.32505,-1.66055,0.00158,-0.87798,-0.06206,-0.26316,-0.10321,0.0007,0.01596,0.00672,-0.59991,0.2077,-0.06762,-0.29781,-0.17308,-0.05547,-0.01941
32,-0.13298,-0.17304,0.03414,-0.05166,1.15068,-0.07828,0.61542,0.14833,-0.15992,-1.00514,0.05243,-0,-0.89423,0.41037,-1.22016,1.13697,-0.07843,-0.27581,-0.17173,-1.15424,-0.86165,1.18136,1.15742,-0.5668,-1.66463,0.0719,-0.88437,-0.06775,-0.28712,-0.05639,-0.00653,0.01189,0.00431,-0.64044,0.18202,-0.08169,-0.24827,-0.16595,-0.05141,-0.0178
32.02,-0.13192,-0.16204,0.03551,-0.0392,1.13983,-0.08133,0.64499,0.12827,-0.1415,-0.98304,0.06328,-0,-0.88432,0.55879,-1.56199,1.23578,0.26516,-0.27333,-0.28156,-1.0695,-0.89639,1.3886,1.16375,-0.83176,-1.6745,0.15784,-0.87973,-0.0722,-0.30473,-0.00776,-0.01491,0.00654,0.00122,-0.67658,0.15172,-0.0944,-0.20329,-0.15672,-0.04662,-0.01591
32.04,-0.13127,-0.15287,0.037,-0.02487,1.12636,-0.08172,0.66414,0.10565,-0.11828,-0.95569,0.07698,-0,-0.8719,0.75398,-1.97971,1.33628,0.73275,-0.40236,-0.43135,-0.98361,-0.93028,1.60767,1.17547,-1.11309,-1.68977,0.26019,-0.86555,-0.07378,-0.31431,0.04685,-0.02485,9e-05,-0.00248,-0.70726,0.1183,-0.10503,-0.164,-0.14637,-0.04125,-0.01377
32.06,-0.1312,-0.14547,0.03831,-0.00951,1.11122,-0.0798,0.6723,0.08151,-0.09024,-0.92527,0.09319,-0,-0.85422,0.98759,-2.45472,1.43323,1.30015,-0.65853,-0.61698,-0.89642,-0.96705,1.83857,1.19423,-1.40205,-1.70822,0.3781,-0.84392,-0.07171,-0.31572,0.1122,-0.03712,-0.00707,-0.00661,-0.73214,0.08283,-0.11321,-0.13054,-0.13578,-0.03535,-0.01136
32.08,-0.13175,-0.13958,0.03931,0.00622,1.09541,-0.07618,0.66954,0.05691,-0.05845,-0.89373,0.11129,-0,-0.8283,1.23742,-2.9403,1.52076,1.90796,-1.00775,-0.82226,-0.80759,-1.00903,2.07576,1.222,-1.68567,-1.7256,0.50804,-0.81769,-0.06633,-0.31044,0.19315,-0.05278,-0.01427,-0.01087,-0.75152,0.04622,-0.11886,-0.10225,-0.12576,-0.02892,-0.00865
32.1,-0.13287,-0.13488,0.03998,0.02173,1.08007,-0.07174,0.65649,0.03306,-0.02504,-0.86297,0.13036,-0,-0.79114,1.46813,-3.36295,1.592,2.46328,-1.38856,-1.01947,-0.71726,-1.05684,2.30705,1.26083,-1.94519,-1.73542,0.64325,-0.79052,-0.05886,-0.30128,0.29413,-0.07305,-0.02055,-0.01481,-0.76604,0.00939,-0.12206,-0.07791,-0.11714,-0.02195,-0.00559
32.12,-0.13442,-0.13102,0.04041,0.03649,1.06632,-0.0674,0.63415,0.01111,0.00729,-0.83467,0.1493,-0,-0.74026,1.63962,-3.6402,1.64076,2.86032,-1.72653,-1.17609,-0.626,-1.10924,2.51591,1.31256,-2.15809,-1.7289,0.77446,-0.76642,-0.05094,-0.29145,0.4189,-0.09921,-0.02479,-0.01791,-0.77649,-0.02664,-0.12282,-0.05578,-0.11073,-0.01446,-0.00216
32.14,-0.13619,-0.12764,0.0407,0.05017,1.05496,-0.06392,0.60378,-0.00816,0.03622,-0.80985,0.16713,-0,-0.67433,1.7205,-3.70897,1.66449,3.01347,-1.95625,-1.26548,-0.53452,-1.16304,2.68606,1.37844,-2.30256,-1.69488,0.8917,-0.749,-0.04387,-0.28322,0.57048,-0.13238,-0.026,-0.01973,-0.78364,-0.06093,-0.1208,-0.03343,-0.10724,-0.00645,0.00167
32.16,-0.13793,-0.12442,0.04095,0.06261,1.0463,-0.0617,0.56691,-0.02455,0.06032,-0.78875,0.18307,-0,-0.59396,1.69718,-3.54534,1.66629,2.87999,-2.03581,-1.2741,-0.44358,-1.21288,2.80402,1.45857,-2.36031,-1.62002,0.98504,-0.74106,-0.03806,-0.27705,0.75046,-0.17331,-0.0235,-0.01995,-0.78813,-0.09261,-0.1151,-0.00768,-0.10719,0.00206,0.00592
32.18,-0.1393,-0.12112,0.04126,0.07375,1.04021,-0.06081,0.52565,-0.03836,0.07907,-0.77086,0.19653,-0,-0.50242,1.57618,-3.17014,1.65533,2.46594,-1.94955,-1.20304,-0.35477,-1.25073,2.85877,1.55124,-2.31648,-1.4892,1.04408,-0.74451,-0.03304,-0.27137,0.9576,-0.22203,-0.01693,-0.01843,-0.79032,-0.12064,-0.10425,0.02517,-0.11094,0.01094,0.01054
32.2,-0.13992,-0.11758,0.04171,0.08351,1.03621,-0.06096,0.48279,-0.05021,0.09253,-0.75521,0.20689,-0,-0.40583,1.38167,-2.64429,1.64585,1.82097,-1.70405,-1.06605,-0.27099,-1.2661,2.84087,1.65266,-2.15886,-1.28598,1.05735,-0.76055,-0.02752,-0.26289,1.18689,-0.27757,-0.00629,-0.01516,-0.79038,-0.14361,-0.08633,0.06919,-0.11866,0.01995,0.01542
32.22,-0.13936,-0.11372,0.04232,0.09183,1.03358,-0.06173,0.44146,-0.06084,0.10115,-0.74056,0.21368,-0,-0.31164,1.14735,-2.05003,1.65358,1.01895,-1.31773,-0.88338,-0.19575,-1.24825,2.74366,1.75837,-1.87785,-0.99255,1.01334,-0.78969,-0.01994,-0.24746,1.43073,-0.33822,0.00815,-0.01026,-0.78837,-0.16003,-0.05927,0.12864,-0.13034,0.02872,0.02038
32.24,-0.13722,-0.10947,0.04308,0.09872,1.03151,-0.06267,0.40437,-0.07088,0.10562,-0.72553,0.21664,-0,-0.22618,0.90487,-1.46344,1.69056,0.13022,-0.80676,-0.67329,-0.13176,-1.18969,2.56569,1.86538,-1.46708,-0.58969,0.90257,-0.83189,-0.00899,-0.22132,1.68136,-0.40183,0.02582,-0.00396,-0.78449,-0.1689,-0.02137,0.20782,-0.14571,0.03689,0.02522
32.26,-0.13321,-0.10476,0.04386,0.10431,1.02914,-0.06343,0.37343,-0.08073,0.10675,-0.70886,0.21589,-0,-0.1532,0.67668,-0.93775,1.76137,-0.79402,-0.17757,-0.44701,-0.0801,-1.08893,2.31333,1.97343,-0.9257,-0.05844,0.71958,-0.88631,0.00583,-0.18206,1.9317,-0.46591,0.04587,0.00342,-0.77927,-0.17009,0.02826,0.31068,-0.16417,0.04412,0.02974
32.28,-0.12712,-0.09952,0.04446,0.10879,1.02565,-0.06383,0.34992,-0.09041,0.10541,-0.68951,0.21197,0,-0.0941,0.47598,-0.50302,1.86177,-1.71922,0.57104,-0.20898,-0.04043,-0.9518,2.00301,2.08446,-0.2624,0.61615,0.46452,-0.95098,0.02404,-0.12912,2.17371,-0.52717,0.06702,0.01137,-0.77365,-0.16443,0.08922,0.44003,-0.18462,0.05005,0.03372
32.3,-0.11893,-0.09378,0.0446,0.11237,1.02024,-0.06377,0.33475,-0.09951,0.1025,-0.66678,0.20575,0,-0.04864,0.30906,-0.17176,1.97922,-2.61841,1.44148,0.04077,-0.01157,-0.79111,1.66133,2.20134,0.50081,1.44024,0.14399,-1.02255,0.04417,-0.06392,2.39679,-0.58119,0.08745,0.01921,-0.76891,-0.15353,0.15965,0.5969,-0.20539,0.05428,0.03686
32.32,-0.10867,-0.08758,0.04392,0.11522,1.0122,-0.06328,0.32848,-0.10739,0.0989,-0.64027,0.19826,0,-0.01561,0.17724,0.05616,2.09632,-3.46425,2.4297,0.30429,0.00813,-0.6232,1.31902,2.32586,1.32791,2.40661,-0.22997,-1.09684,0.06417,0.01066,2.58911,-0.6231,0.10516,0.02618,-0.76641,-0.1394,0.23673,0.78065,-0.22458,0.0564,0.03886
32.34,-0.09648,-0.08098,0.04214,0.1174,1.00095,-0.06245,0.33118,-0.1134,0.09543,-0.60977,0.19047,0,0.0068,0.07856,0.18934,2.19614,-4.22219,3.51665,0.58321,0.02049,-0.46252,1.00125,2.45649,2.17019,3.48996,-0.64205,-1.16991,0.08206,0.09113,2.74079,-0.6489,0.11842,0.03164,-0.76709,-0.12389,0.3176,0.98954,-0.2405,0.0561,0.03948
32.36,-0.0825,-0.07404,0.03903,0.11883,0.98611,-0.06144,0.3423,-0.11703,0.09279,-0.57527,0.18317,0,0.02057,0.0091,0.24181,2.26552,-4.84333,4.6584,0.87611,0.02728,-0.3184,0.72189,2.58632,2.96418,4.63963,-1.07352,-1.23849,0.09628,0.17365,2.84568,-0.6563,0.12621,0.03518,-0.77113,-0.10834,0.39976,1.22036,-0.25204,0.05332,0.03863
32.38,-0.06707,-0.06686,0.03451,0.1193,0.96764,-0.06045,0.36059,-0.11799,0.09159,-0.53721,0.17693,0,0.02767,-0.036,0.23155,2.29536,-5.25712,5.77497,1.17566,0.03009,-0.1954,0.48432,2.7015,3.62466,5.76915,-1.49906,-1.29962,0.1057,0.25353,2.90081,-0.64481,0.12811,0.03663,-0.77785,-0.09364,0.48056,1.46666,-0.25859,0.04824,0.03638
32.4,-0.05075,-0.05966,0.02862,0.11842,0.94589,-0.05977,0.38411,-0.11608,0.09236,-0.49665,0.17222,0,0.02992,-0.06178,0.17914,2.2798,-5.3724,6.74884,1.46724,0.03026,-0.09477,0.28455,2.78154,4.04509,6.7547,-1.88512,-1.35011,0.1095,0.32485,2.90534,-0.61552,0.12428,0.036,-0.78581,-0.08042,0.55653,1.71766,-0.25993,0.04126,0.03294
32.42,-0.03423,-0.0527,0.02153,0.11581,0.92151,-0.05973,0.41048,-0.11131,0.09547,-0.45506,0.16936,-0,0.02884,-0.07307,0.10517,2.21596,-5.10031,7.45049,1.73194,0.02883,-0.01572,0.11474,2.80404,4.12195,7.46075,-2.19569,-1.38691,0.10718,0.38136,2.85975,-0.5705,0.11521,0.03342,-0.79309,-0.06927,0.62357,1.9604,-0.25615,0.03296,0.02862
32.44,-0.01814,-0.04622,0.01348,0.11132,0.8952,-0.06067,0.43732,-0.10388,0.10102,-0.41379,0.16851,-0,0.02571,-0.0741,0.02689,2.10388,-4.39184,7.78165,1.95232,0.02656,0.04365,-0.0333,2.75236,3.79504,7.78359,-2.40299,-1.40778,0.0987,0.41831,2.76564,-0.51223,0.10157,0.02911,-0.7979,-0.0611,0.67734,2.18396,-0.24765,0.02396,0.02376
32.46,-0.00296,-0.0404,0.00475,0.10512,0.86767,-0.06294,0.46239,-0.09432,0.1087,-0.37384,0.16957,-0,0.02149,-0.06844,-0.04378,1.94712,-3.26727,7.70492,2.11567,0.0239,0.08548,-0.16529,2.62123,3.07737,7.68105,-2.4944,-1.41186,0.08462,0.43361,2.62595,-0.44328,0.08415,0.02333,-0.79886,-0.05731,0.71359,2.3816,-0.23508,0.01485,0.01872
32.48,0.01087,-0.03539,-0.00419,0.09788,0.83981,-0.06685,0.48348,-0.08352,0.11774,-0.33616,0.17224,-0,0.01692,-0.05896,-0.1002,1.7539,-1.83098,7.25054,2.21349,0.02107,0.11154,-0.28261,2.41893,2.06703,7.17954,-2.47308,-1.3997,0.06622,0.42789,2.44593,-0.36684,0.06392,0.01644,-0.79509,-0.05993,0.72777,2.54982,-0.2195,0.0063,0.01389
32.5,0.02287,-0.03138,-0.01274,0.09064,0.81288,-0.07269,0.49825,-0.07276,0.12693,-0.30188,0.176,-0,0.01251,-0.04783,-0.14007,1.5374,-0.26656,6.50806,2.24006,0.01804,0.12299,-0.38192,2.16639,0.94051,6.36565,-2.35539,-1.37297,0.04544,0.40406,2.23361,-0.28697,0.04213,0.0089,-0.78616,-0.07147,0.71504,2.68659,-0.20232,-0.00099,0.0097
32.52,0.0325,-0.02852,-0.02023,0.08457,0.78824,-0.08059,0.5043,-0.06342,0.13489,-0.27209,0.18018,-0,0.00861,-0.03665,-0.16401,1.31307,1.2073,5.59809,2.19254,0.01466,0.12066,-0.45724,1.89104,-0.08715,5.35736,-2.16503,-1.33394,0.02449,0.3663,1.9983,-0.20806,0.02019,0.00122,-0.77201,-0.09424,0.67129,2.79095,-0.1851,-0.00631,0.0066
32.54,0.03931,-0.02695,-0.02612,0.08046,0.76693,-0.0905,0.49956,-0.05648,0.1406,-0.24744,0.18416,-0,0.00542,-0.02656,-0.17387,1.09414,2.4059,4.63236,2.07234,0.01084,0.10577,-0.50382,1.61756,-0.8234,4.26329,-1.92547,-1.28468,0.0051,0.31863,1.74784,-0.13367,-0.00067,-0.00612,-0.75289,-0.12923,0.59497,2.86345,-0.16902,-0.00921,0.00485
32.56,0.04294,-0.02668,-0.03012,0.07838,0.74945,-0.10202,0.48251,-0.05227,0.14364,-0.22778,0.18737,-0,0.00306,-0.01828,-0.17162,0.88922,3.22228,3.68988,1.88659,0.00659,0.08059,-0.5207,1.36249,-1.13803,3.15881,-1.65577,-1.22674,-0.01185,0.26426,1.48766,-0.06598,-0.0195,-0.01271,-0.72936,-0.17525,0.48869,2.90635,-0.1547,-0.00965,0.0045
32.58,0.04317,-0.02767,-0.03222,0.07768,0.73577,-0.11434,0.45236,-0.05039,0.14428,-0.21233,0.18932,-0,0.00161,-0.0123,-0.15902,0.70324,3.6313,2.81777,1.64969,0.00214,0.04865,-0.51117,1.13474,-0.96958,2.08788,-1.37136,-1.16148,-0.02633,0.20571,1.2224,-0.00617,-0.03552,-0.01822,-0.70245,-0.22837,0.36034,2.92321,-0.14218,-0.00801,0.00532
32.6,0.0398,-0.02974,-0.03257,0.07703,0.72558,-0.12621,0.40909,-0.04985,0.14335,-0.1999,0.18956,-0,0.00109,-0.00888,-0.1376,0.53922,3.6748,2.04042,1.38337,-0.00209,0.01474,-0.48198,0.93805,-0.31834,1.07392,-1.08602,-1.09043,-0.03897,0.14527,0.95773,0.045,-0.04797,-0.0223,-0.67373,-0.28206,0.22307,2.91829,-0.13118,-0.00504,0.00686
32.62,0.03275,-0.03263,-0.03146,0.07487,0.71816,-0.13618,0.35349,-0.04938,0.14194,-0.18913,0.18769,-0,0.0015,-0.00816,-0.10885,0.39856,3.43471,1.36642,1.11221,-0.0056,-0.01598,-0.44152,0.77247,0.76502,0.12884,-0.81186,-1.01515,-0.05075,0.08502,0.69976,0.08701,-0.05618,-0.02464,-0.64497,-0.32865,0.0926,2.89602,-0.12151,-0.00189,0.00843
32.64,0.02207,-0.03594,-0.02917,0.06985,0.71234,-0.14303,0.28713,-0.04779,0.14092,-0.17874,0.18338,-0,0.00285,-0.01017,-0.07438,0.28059,2.9994,0.79374,0.85649,-0.00798,-0.03937,-0.39717,0.63521,2.19233,-0.73937,-0.55811,-0.93679,-0.06278,0.02671,0.45299,0.11975,-0.05976,-0.02502,-0.61745,-0.36189,-0.01717,2.86045,-0.11358,-9e-05,0.00918
32.66,0.00804,-0.03908,-0.02594,0.06129,0.70639,-0.14604,0.21254,-0.04427,0.14068,-0.16779,0.17634,-0,0.0051,-0.01486,-0.03628,0.18247,2.44295,0.31487,0.62819,-0.00902,-0.05317,-0.3538,0.52155,3.8408,-1.51869,-0.33107,-0.85603,-0.07603,-0.02814,0.2197,0.14349,-0.05865,-0.02343,-0.59166,-0.37843,-0.09681,2.81502,-0.10882,-0.00148,0.0081
32.68,-0.0087,-0.04124,-0.02196,0.04927,0.69805,-0.14504,0.13389,-0.0385,0.14107,-0.15577,0.16649,-0,0.00819,-0.02204,0.0026,0.10001,1.8232,-0.07782,0.43161,-0.00874,-0.05711,-0.31361,0.42607,5.54202,-2.18469,-0.13589,-0.77369,-0.09117,-0.07783,0.00162,0.15871,-0.05323,-0.02002,-0.56736,-0.37817,-0.14134,2.76289,-0.10978,-0.00826,0.00402
32.7,-0.0271,-0.04144,-0.01743,0.03462,0.68468,-0.14031,0.05719,-0.0306,0.14141,-0.14268,0.15386,-0,0.012,-0.03137,0.03848,0.02872,1.18639,-0.38843,0.26594,-0.00738,-0.05257,-0.27671,0.34369,7.08083,-2.69745,0.02182,-0.69125,-0.10851,-0.12013,-0.19837,0.16583,-0.04419,-0.01515,-0.54389,-0.36368,-0.14911,2.70703,-0.12012,-0.023,-0.00441
32.72,-0.04593,-0.03871,-0.0125,0.01859,0.66367,-0.13238,-0.01067,-0.02097,0.14079,-0.12877,0.13865,-0,0.01634,-0.04229,0.06737,-0.03531,0.56955,-0.61816,0.12746,-0.00529,-0.04199,-0.24196,0.27029,7.121,-3.01275,0.13675,-0.61071,-0.12788,-0.15259,-0.37623,0.16523,-0.03243,-0.00925,-0.52029,-0.3391,-0.12006,2.64979,-0.14432,-0.04873,-0.01873
32.74,-0.06399,-0.03239,-0.00731,0.00231,0.63305,-0.12181,-0.06368,-0.01004,0.13836,-0.11429,0.1211,-0,0.02087,-0.05389,0.08617,-0.09458,0.00134,-0.76889,0.01174,-0.00283,-0.02802,-0.20793,0.20289,7.121,-3.10286,0.20623,-0.53396,-0.14869,-0.17337,-0.52821,0.15731,-0.01885,-0.00275,-0.49551,-0.30865,-0.05382,2.59188,-0.18714,-0.08902,-0.0408
32.76,-0.08035,-0.02241,-0.00199,-0.01351,0.59202,-0.10906,-0.09785,0.00184,0.13366,-0.09927,0.10149,-0,0.02511,-0.06485,0.09343,-0.14948,-0.49546,-0.8455,-0.08461,-0.00035,-0.01309,-0.17369,0.14006,7.121,-2.97115,0.23174,-0.46255,-0.16977,-0.18173,-0.65125,0.14265,-0.0042,0.00399,-0.46856,-0.27567,0.05125,2.53201,-0.25308,-0.14788,-0.0727
32.78,-0.09423,-0.00939,0.00333,-0.02853,0.54134,-0.09454,-0.11112,0.0144,0.12662,-0.0836,0.08032,-0,0.02836,-0.0733,0.08944,-0.19767,-0.89921,-0.85558,-0.16268,0.00184,0.0007,-0.13928,0.08246,7.121,-2.65608,0.21898,-0.39825,-0.18922,-0.17803,-0.7421,0.12207,0.01078,0.01065,-0.43876,-0.24265,0.19777,2.46716,-0.34587,-0.2294,-0.11655
32.8,-0.10486,0.00537,0.00844,-0.04262,0.48343,-0.07868,-0.10299,0.02731,0.11762,-0.06718,0.05836,-0,0.02971,-0.07689,0.07598,-0.23404,-1.18641,-0.80816,-0.2208,0.00345,0.01141,-0.10584,0.03309,7.121,-2.22696,0.17702,-0.34345,-0.20441,-0.16359,-0.79649,0.09674,0.0253,0.01687,-0.40594,-0.21148,0.38823,2.39319,-0.46773,-0.33707,-0.17415
32.82,-0.11158,0.02022,0.01311,-0.05573,0.4217,-0.06196,-0.07424,0.04019,0.1072,-0.04989,0.0365,-0,0.02832,-0.07332,0.0557,-0.25218,-1.33488,-0.71227,-0.25582,0.00423,0.01751,-0.0752,-0.0039,6.25432,-1.76721,0.11652,-0.30069,-0.21242,-0.1403,-0.80977,0.06791,0.0386,0.02236,-0.37039,-0.1836,0.6237,2.30552,-0.61814,-0.47285,-0.2465
32.84,-0.11396,0.03363,0.01717,-0.06782,0.35933,-0.04482,-0.0268,0.05266,0.09582,-0.0316,0.01539,-0,0.02365,-0.06124,0.03129,-0.24689,-1.33139,-0.57543,-0.26547,0.00406,0.01816,-0.04913,-0.02503,5.1416,-1.34982,0.04738,-0.27156,-0.21093,-0.11027,-0.77869,0.03666,0.05009,0.02685,-0.33276,-0.15999,0.90215,2.19977,-0.79237,-0.63585,-0.3331
32.86,-0.11193,0.04452,0.02053,-0.07868,0.29869,-0.02766,0.0361,0.06429,0.08364,-0.01222,-0.00475,-0,0.01579,-0.04085,0.00501,-0.21597,-1.17739,-0.40318,-0.25008,0.00295,0.01346,-0.02888,-0.02892,4.15863,-1.02206,-0.02261,-0.25602,-0.19882,-0.07568,-0.7028,0.00372,0.05946,0.03024,-0.29402,-0.14122,1.21624,2.07271,-0.97969,-0.82089,-0.4312
32.88,-0.10581,0.05224,0.02316,-0.0879,0.24168,-0.01099,0.10951,0.07455,0.07055,0.00816,-0.02398,-0,0.00556,-0.01425,-0.02123,-0.16078,-0.89098,-0.20017,-0.21304,0.00112,0.0045,-0.0152,-0.01645,3.36502,-0.80416,-0.08758,-0.25237,-0.17637,-0.03899,-0.58525,-0.03027,0.06663,0.03249,-0.25583,-0.12765,1.55048,1.92327,-1.16152,-1.01675,-0.53488
32.9,-0.09627,0.05643,0.02507,-0.09475,0.1901,0.0045,0.18665,0.08275,0.05634,0.02916,-0.04251,-0,-0.00557,0.01471,-0.04572,-0.08604,-0.50575,0.02872,-0.16041,-0.00107,-0.00672,-0.00857,0.0095,2.76747,-0.69419,-0.14303,-0.25762,-0.14519,-0.0031,-0.43283,-0.06454,0.07165,0.03366,-0.22069,-0.11958,1.88014,1.75328,-1.31162,-1.20571,-0.63477
32.92,-0.08416,0.05705,0.0263,-0.09846,0.14539,0.01801,0.26027,0.0882,0.04072,0.05036,-0.06055,-0,-0.01584,0.04144,-0.06705,0.00168,-0.06357,0.27836,-0.09966,-0.0032,-0.01779,-0.00913,0.04487,2.33818,-0.67553,-0.18586,-0.26801,-0.10764,0.02895,-0.25468,-0.09818,0.07463,0.03381,-0.1916,-0.11723,2.1753,1.5667,-1.40177,-1.3665,-0.71961
32.94,-0.07022,0.05432,0.02687,-0.09856,0.108,0.02894,0.32488,0.09049,0.02342,0.0716,-0.07826,-0,-0.02377,0.06207,-0.08443,0.09614,0.39613,0.54414,-0.03763,-0.00489,-0.02669,-0.01649,0.08549,2.03618,-0.72573,-0.21467,-0.27981,-0.06608,0.05464,-0.06017,-0.13028,0.07578,0.03309,-0.17132,-0.12057,2.40832,1.36804,-1.41101,-1.4797,-0.77904
32.96,-0.05501,0.04883,0.02681,-0.09514,0.077,0.03705,0.37802,0.08974,0.00427,0.09325,-0.09563,-0,-0.02855,0.07452,-0.09785,0.19259,0.84196,0.82146,0.02057,-0.00595,-0.03224,-0.02961,0.12766,1.82243,-0.82215,-0.22998,-0.28978,-0.02245,0.0723,0.14183,-0.15993,0.07532,0.03163,-0.16197,-0.1292,2.55832,1.16194,-1.33225,-1.53102,-0.80531
32.98,-0.03894,0.04149,0.02618,-0.08896,0.05027,0.04239,0.42025,0.08665,-0.01661,0.11603,-0.11235,-0,-0.0301,0.07852,-0.108,0.28738,1.24872,1.10367,0.0714,-0.00632,-0.03414,-0.04661,0.168,1.66592,-0.94297,-0.23409,-0.29518,0.0215,0.08106,0.34162,-0.18601,0.07355,0.02963,-0.16497,-0.14227,2.61092,0.95461,-1.17424,-1.51163,-0.79344
33,-0.02244,0.03357,0.02498,-0.08135,0.02486,0.04522,0.45432,0.08238,-0.03871,0.14085,-0.12768,-0,-0.02892,0.07543,-0.11607,0.37721,1.59393,1.38019,0.11236,-0.00611,-0.0329,-0.06491,0.20324,1.5446,-1.06671,-0.2307,-0.29369,0.06397,0.08063,0.52764,-0.20701,0.0708,0.02734,-0.18119,-0.15849,2.55659,0.75489,-0.96005,-1.41731,-0.74082
33.02,-0.00589,0.02646,0.02325,-0.07395,-0.00239,0.04597,0.48409,0.07831,-0.06125,0.16858,-0.14061,-0,-0.02587,0.06748,-0.12345,0.45925,1.85785,1.63746,0.1417,-0.00549,-0.0295,-0.08167,0.23059,1.44259,-1.17312,-0.2239,-0.28346,0.10315,0.0713,0.68795,-0.22133,0.06736,0.02499,-0.21077,-0.17632,2.38989,0.57242,-0.72028,-1.24778,-0.64685
33.04,0.01038,0.02127,0.02103,-0.06829,-0.03416,0.04518,0.51315,0.07558,-0.08338,0.1999,-0.15013,-0,-0.02184,0.05696,-0.13129,0.53172,2.02588,1.86171,0.1583,-0.00465,-0.02493,-0.09467,0.24853,1.34491,-1.2448,-0.21693,-0.26318,0.1377,0.05392,0.81359,-0.22787,0.06344,0.02274,-0.25286,-0.19426,2.10962,0.41404,-0.48313,-1.00626,-0.51287
33.06,0.02616,0.01866,0.01839,-0.06552,-0.0721,0.04348,0.54378,0.07488,-0.1043,0.23504,-0.15542,0,-0.0175,0.04564,-0.14029,0.59404,2.08989,2.04004,0.16164,-0.00374,-0.02,-0.1028,0.25736,1.23404,-1.26818,-0.21131,-0.23226,0.16687,0.03004,0.90046,-0.22646,0.05908,0.02061,-0.30529,-0.21098,1.72019,0.28171,-0.26838,-0.70024,-0.34258
33.08,0.04118,0.01877,0.01543,-0.06635,-0.11637,0.0416,0.5765,0.07631,-0.12311,0.27345,-0.1558,0,-0.01331,0.03471,-0.15047,0.64642,2.04774,2.15929,0.1516,-0.00285,-0.01524,-0.10609,0.25916,1.08984,-1.23332,-0.20665,-0.19105,0.19034,0.00208,0.94902,-0.21791,0.0542,0.01854,-0.36404,-0.22529,1.23441,0.17313,-0.08754,-0.34368,-0.14334
33.1,0.05501,0.0213,0.01231,-0.07114,-0.16557,0.04035,0.60999,0.07951,-0.13867,0.3137,-0.15071,0,-0.00956,0.02491,-0.16125,0.68933,1.90158,2.20482,0.12841,-0.00206,-0.011,-0.10561,0.25758,0.89041,-1.1333,-0.2008,-0.14095,0.20796,-0.02667,0.96322,-0.20391,0.04866,0.01636,-0.42319,-0.23593,0.6753,0.08305,0.05421,0.04174,0.07316
33.12,0.06718,0.02568,0.00922,-0.08,-0.21739,0.04053,0.6419,0.08385,-0.14979,0.35374,-0.13979,0,-0.00638,0.01663,-0.17154,0.72369,1.6548,2.16173,0.09229,-0.00138,-0.00747,-0.10304,0.25723,0.61221,-0.96269,-0.19002,-0.08404,0.21973,-0.05267,0.9491,-0.18659,0.04231,0.0139,-0.47564,-0.24166,0.07315,0.00445,0.15704,0.42986,0.29247
33.14,0.07734,0.03127,0.00627,-0.09299,-0.26962,0.04283,0.67006,0.08878,-0.15559,0.3916,-0.12294,0,-0.00383,0.00998,-0.18014,0.75125,1.30834,2.01787,0.04305,-0.00084,-0.0047,-0.10022,0.26286,0.23005,-0.71592,-0.1693,-0.02248,0.22604,-0.07311,0.9136,-0.16793,0.03505,0.01101,-0.51456,-0.24133,-0.54033,-0.07062,0.22628,0.79611,0.50052
33.16,0.08536,0.03747,0.00349,-0.11012,-0.32077,0.04769,0.69324,0.09396,-0.15572,0.42569,-0.10057,0,-0.00189,0.00491,-0.18589,0.77495,0.85963,1.76658,-0.01989,-0.00042,-0.00269,-0.09886,0.27875,-0.28141,-0.38715,-0.13263,0.04175,0.22769,-0.08659,0.86376,-0.14937,0.02698,0.00767,-0.53428,-0.23402,-1.13385,-0.15017,0.27219,1.12047,0.68506
33.18,0.09131,0.04372,0.00084,-0.13126,-0.3698,0.05524,0.71122,0.09932,-0.15041,0.45461,-0.07371,0,-0.00049,0.00127,-0.18767,0.79879,0.30521,1.40893,-0.09715,-0.00012,-0.00139,-0.10045,0.30848,-0.9441,0.02769,-0.07331,0.10639,0.22595,-0.09311,0.80696,-0.13191,0.0184,0.004,-0.53024,-0.21906,-1.67244,-0.24152,0.30945,1.38556,0.83454
33.2,0.09534,0.04947,-0.00178,-0.15606,-0.41569,0.06533,0.72439,0.10495,-0.14041,0.47691,-0.04413,0,0.00045,-0.00117,-0.18432,0.82742,-0.35574,0.95494,-0.18895,8e-05,-0.00069,-0.10631,0.35488,-1.77094,0.52795,0.01547,0.16852,0.22245,-0.09386,0.7509,-0.11623,0.0099,0.00027,-0.49895,-0.19608,-2.11465,-0.35049,0.35573,1.57464,0.93709
33.22,0.0977,0.05421,-0.00448,-0.18381,-0.4573,0.07748,0.73336,0.11095,-0.12683,0.49119,-0.01396,0,0.00101,-0.00264,-0.17452,0.86545,-1.11961,0.42279,-0.29495,0.00021,-0.0005,-0.11766,0.4199,-2.75771,1.10568,0.13906,0.22486,0.21883,-0.09074,0.70267,-0.10273,0.00216,-0.00318,-0.43858,-0.16508,-2.41913,-0.48054,0.42773,1.67345,0.98226
33.24,0.09864,0.05756,-0.00729,-0.21348,-0.49343,0.09091,0.73838,0.11717,-0.11098,0.49642,0.01484,0,0.00129,-0.00337,-0.15664,0.91651,-1.97742,-0.16333,-0.41446,0.00027,-0.00069,-0.13576,0.50458,-3.87297,1.74298,0.29913,0.27247,0.2163,-0.08582,0.66707,-0.09151,-0.00422,-0.00604,-0.35002,-0.12645,-2.5574,-0.63186,0.53558,1.67489,0.96461
33.26,0.09847,0.05935,-0.01014,-0.24356,-0.52272,0.10452,0.73899,0.12304,-0.09431,0.49219,0.04085,0,0.00137,-0.00357,-0.12873,0.98243,-2.91103,-0.77236,-0.54596,0.00029,-0.00114,-0.16184,0.60865,-5.04702,2.40786,0.49158,0.30916,0.21537,-0.08094,0.64555,-0.08233,-0.00896,-0.00813,-0.23798,-0.0812,-2.52268,-0.80018,0.67861,1.5825,0.88641
33.28,0.0975,0.0596,-0.01282,-0.27183,-0.5434,0.11675,0.73392,0.12749,-0.07848,0.47876,0.06299,0,0.00131,-0.00341,-0.08872,1.06253,-3.88541,-1.36169,-0.68617,0.00028,-0.00172,-0.19696,0.7297,-6.16007,3.04814,0.70455,0.33324,0.21576,-0.07772,0.63615,-0.07469,-0.01198,-0.00942,-0.11204,-0.0313,-2.33177,-0.97526,0.84322,1.41173,0.75874
33.3,0.09606,0.0585,-0.01498,-0.29527,-0.55317,0.12562,0.72114,0.12895,-0.06541,0.45699,0.08037,0,0.00116,-0.00303,-0.03462,1.15345,-4.84412,-1.87514,-0.82911,0.00025,-0.00228,-0.24184,0.86265,-7.04392,3.59099,0.9183,0.34324,0.21654,-0.07745,0.63405,-0.06798,-0.01347,-0.00994,0.01334,0.02015,-2.02205,-1.1406,1.00385,1.18876,0.60069
33.32,0.09444,0.05629,-0.01621,-0.31065,-0.5496,0.12908,0.69837,0.12573,-0.05698,0.42809,0.09228,0,0.00098,-0.00255,0.03509,1.24992,-5.71784,-2.25246,-0.96644,0.00021,-0.00266,-0.29674,1.00049,-7.121,3.95943,1.10929,0.33808,0.21639,-0.08082,0.63296,-0.06153,-0.01369,-0.00981,0.12192,0.06959,-1.64146,-1.27707,1.12991,0.9446,0.43491
33.34,0.09284,0.05325,-0.01617,-0.31557,-0.53096,0.12571,0.66375,0.11657,-0.05438,0.39331,0.09831,0,0.00078,-0.00204,0.12106,1.3462,-6.44123,-2.44639,-1.08851,0.00016,-0.00268,-0.36149,1.13568,-7.121,4.10002,1.25725,0.31752,0.21419,-0.08746,0.62691,-0.05478,-0.01296,-0.00915,0.20052,0.11412,-1.23429,-1.36901,1.19671,0.70647,0.28098
33.36,0.0913,0.04958,-0.0147,-0.30917,-0.49692,0.11516,0.6165,0.101,-0.05777,0.35378,0.09851,0,0.00059,-0.00154,0.22245,1.43671,-6.9625,-2.43415,-1.18474,0.00012,-0.00213,-0.43517,1.26076,-6.84652,4.00197,1.34953,0.28255,0.20929,-0.09556,0.61151,-0.04733,-0.0116,-0.00812,0.24229,0.15215,-0.83298,-1.40815,1.1928,0.49256,0.15131
33.38,0.08975,0.0455,-0.01182,-0.29232,-0.44886,0.09835,0.55738,0.07959,-0.06613,0.31081,0.09335,0,0.00042,-0.0011,0.3361,1.51554,-7.121,-2.21981,-1.24282,9e-05,-0.00077,-0.51555,1.36746,-5.75105,3.70205,1.38136,0.23573,0.20166,-0.10172,0.58443,-0.03906,-0.00991,-0.00687,0.24702,0.18328,-0.45897,-1.39425,1.12167,0.31248,0.0512
33.4,0.08799,0.04116,-0.00776,-0.26745,-0.38991,0.07738,0.48884,0.05391,-0.07742,0.26611,0.08367,0,0.00028,-0.00073,0.45607,1.57592,-7.121,-1.83101,-1.24872,6e-05,0.00165,-0.59873,1.44608,-4.36136,3.27868,1.35441,0.18122,0.19186,-0.10125,0.54524,-0.03013,-0.00816,-0.00553,0.22018,0.20785,-0.12631,-1.33381,0.99998,0.1694,-0.01965
33.42,0.08578,0.03675,-0.00289,-0.23781,-0.3242,0.05495,0.41431,0.02611,-0.0891,0.22154,0.07047,0,0.00017,-0.00044,0.57488,1.6111,-6.9473,-1.30934,-1.18968,3e-05,0.00538,-0.67983,1.48682,-2.91027,2.83025,1.27476,0.12392,0.18073,-0.08953,0.49499,-0.0209,-0.00659,-0.00427,0.17065,0.22652,0.15624,-1.23733,0.85138,0.06212,-0.06506
33.44,0.08287,0.03236,0.00244,-0.20644,-0.25565,0.03351,0.33709,-0.00175,-0.09891,0.17861,0.05468,0,8e-05,-0.00021,0.68567,1.616,-6.34494,-0.69694,-1.05923,2e-05,0.01064,-0.75426,1.48242,-1.60347,2.44362,1.15063,0.06824,0.16898,-0.0641,0.43534,-0.01178,-0.00534,-0.00316,0.10792,0.23988,0.38442,-1.11576,0.69802,-0.0132,-0.09028
33.46,0.0791,0.02808,0.00783,-0.17558,-0.18739,0.01477,0.25984,-0.02809,-0.10541,0.13828,0.03703,0,2e-05,-5e-05,0.78338,1.58853,-5.4555,-0.02977,-0.8613,0,0.01761,-0.81845,1.43007,-0.57152,2.17383,0.99144,0.01733,0.15699,-0.02611,0.36829,-0.00312,-0.00441,-0.00224,0.04037,0.24813,0.55722,-0.97848,0.55519,-0.06179,-0.10051
33.48,0.07438,0.02392,0.01293,-0.14675,-0.12213,-0.00032,0.18496,-0.05164,-0.108,0.10122,0.01812,0,-2e-05,5e-05,0.86423,1.52994,-4.33045,0.65941,-0.61254,-1e-05,0.02633,-0.86943,1.3322,0.13408,2.04121,0.80856,-0.02666,0.1448,0.01899,0.29659,0.00473,-0.0037,-0.00146,-0.02465,0.25089,0.67505,-0.83378,0.43099,-0.08935,-0.10035
33.5,0.06878,0.01993,0.01729,-0.12097,-0.06259,-0.01135,0.11515,-0.07132,-0.10684,0.06807,-0.0014,0,-5e-05,0.00012,0.92491,1.44461,-3.05534,1.33652,-0.34175,-1e-05,0.03668,-0.90437,1.19616,0.52581,2.03654,0.61596,-0.06217,0.13225,0.06181,0.22401,0.01135,-0.00296,-0.00073,-0.08047,0.24728,0.7384,-0.68973,0.32799,-0.10155,-0.09367
33.52,0.06246,0.01617,0.02053,-0.09892,-0.01127,-0.01836,0.05309,-0.0862,-0.10256,0.03945,-0.02088,0,-6e-05,0.00015,0.9624,1.33869,-1.73363,1.96777,-0.0829,-1e-05,0.04823,-0.92047,1.03249,0.65715,2.13087,0.42818,-0.0882,0.11913,0.09149,0.15469,0.01634,-0.00194,5e-05,-0.12148,0.2362,0.74832,-0.55379,0.24506,-0.10354,-0.08357
33.54,0.05562,0.01266,0.02234,-0.08079,0.0303,-0.02178,0.00056,-0.09569,-0.09597,0.01563,-0.03972,0,-6e-05,0.00016,0.97435,1.21821,-0.45932,2.5251,0.13583,-1e-05,0.06022,-0.91534,0.85225,0.5955,2.28804,0.25688,-0.10452,0.10541,0.09929,0.0918,0.01945,-0.00046,0.00096,-0.14414,0.217,0.70815,-0.43151,0.17923,-0.09956,-0.07234
33.56,0.04846,0.00943,0.02261,-0.0664,0.06198,-0.02237,-0.04199,-0.09968,-0.08788,-0.00358,-0.05742,0,-6e-05,0.00015,0.95929,1.08819,0.69739,2.98829,0.29889,-1e-05,0.07137,-0.88729,0.66587,0.40453,2.47243,0.10889,-0.11182,0.09131,0.08117,0.03691,0.02064,0.00155,0.00203,-0.14765,0.18993,0.62511,-0.32606,0.12713,-0.09275,-0.06148
33.58,0.04129,0.00649,0.02143,-0.05525,0.08478,-0.02123,-0.07517,-0.09846,-0.07909,-0.01872,-0.07343,0,-5e-05,0.00013,0.91671,0.95334,1.68474,3.34158,0.40374,-1e-05,0.07981,-0.83547,0.48425,0.14042,2.64973,-0.01302,-0.11163,0.07755,0.0385,-0.00984,0.0201,0.00397,0.00322,-0.13395,0.15644,0.5111,-0.23899,0.08588,-0.08512,-0.05186
33.6,0.03453,0.00391,0.01904,-0.04673,0.10053,-0.01971,-0.10021,-0.09267,-0.07044,-0.03047,-0.08699,0,-4e-05,0.00011,0.84713,0.81891,2.46051,3.57034,0.45823,-1e-05,0.08311,-0.76011,0.31966,-0.1475,2.78641,-0.10873,-0.10613,0.06535,-0.02248,-0.04909,0.01822,0.00653,0.0044,-0.10738,0.11923,0.38245,-0.17111,0.05341,-0.07766,-0.04375
33.62,0.02863,0.00174,0.01581,-0.04027,0.11131,-0.01913,-0.11856,-0.08315,-0.06267,-0.0395,-0.0973,0,-4e-05,9e-05,0.75209,0.69015,2.99322,3.6626,0.47616,-0,0.0789,-0.66255,0.18405,-0.41859,2.85282,-0.17963,-0.09773,0.05618,-0.09263,-0.08184,0.01546,0.00886,0.00541,-0.07347,0.08163,0.25704,-0.12295,0.02842,-0.07054,-0.03705
33.64,0.02395,7e-05,0.01205,-0.03543,0.11895,-0.02048,-0.1316,-0.07074,-0.05626,-0.0464,-0.10376,0,-3e-05,7e-05,0.63431,0.57095,3.27028,3.61409,0.4718,-0,0.06576,-0.54535,0.08561,-0.64441,2.8288,-0.22793,-0.08851,0.05139,-0.16296,-0.10903,0.01226,0.01057,0.00608,-0.03729,0.04658,0.14977,-0.09467,0.00988,-0.06338,-0.03134
33.66,0.02069,-0.00109,0.00805,-0.03206,0.12461,-0.02414,-0.14032,-0.05626,-0.0513,-0.05161,-0.10611,0,-2e-05,4e-05,0.49825,0.46324,3.3034,3.43231,0.45627,-0,0.04392,-0.41285,0.02658,-0.8104,2.70781,-0.25608,-0.07989,0.05193,-0.2263,-0.13121,0.00896,0.01136,0.00626,-0.00249,0.01612,0.06982,-0.08608,-0.00321,-0.05552,-0.02606
33.68,0.01888,-0.00172,0.00404,-0.03036,0.12863,-0.02982,-0.14526,-0.04051,-0.04749,-0.05531,-0.10446,0,-1e-05,3e-05,0.35117,0.36774,3.12886,3.13845,0.43667,-0,0.01561,-0.2722,0.00332,-0.91487,2.49852,-0.26628,-0.07257,0.05827,-0.27736,-0.14827,0.00577,0.01099,0.00584,0.02872,-0.00858,0.02065,-0.09679,-0.01179,-0.04605,-0.02056
33.7,0.01846,-0.00183,0.00021,-0.03081,0.13057,-0.03658,-0.14642,-0.02447,-0.04427,-0.05744,-0.09924,-0,-1e-05,1e-05,0.20358,0.28481,2.80337,2.76644,0.41639,0,-0.01515,-0.13378,0.00751,-0.9663,2.22369,-0.2603,-0.06668,0.07044,-0.3122,-0.15935,0.00286,0.00928,0.00476,0.05522,-0.02686,0.00108,-0.12629,-0.01663,-0.03401,-0.01416
33.72,0.01924,-0.00144,-0.00325,-0.03403,0.12953,-0.04312,-0.1435,-0.00911,-0.04089,-0.0578,-0.09108,-0,-0,0,0.06726,0.21458,2.39244,2.35597,0.39619,0,-0.04351,-0.00907,0.02845,-0.97873,1.91353,-0.23969,-0.06195,0.088,-0.32834,-0.16325,0.0003,0.00616,0.00297,0.07656,-0.03856,0.00675,-0.17369,-0.0184,-0.01859,-0.0063
33.74,0.021,-0.00058,-0.00621,-0.04047,0.12469,-0.04819,-0.13629,0.00472,-0.03668,-0.05624,-0.08074,-0,-0,-0,-0.0483,0.15656,1.95441,1.94181,0.3755,0,-0.06541,0.09306,0.05609,-0.96599,1.59583,-0.2063,-0.05788,0.11001,-0.32527,-0.1592,-0.00181,0.00167,0.0005,0.09265,-0.04397,0.03184,-0.23727,-0.01787,0.00051,0.00328
33.76,0.02344,0.00063,-0.0086,-0.05013,0.1156,-0.05086,-0.12497,0.01638,-0.03114,-0.0528,-0.06905,-0,0,-1e-05,-0.13802,0.1095,1.53108,1.54796,0.3535,0,-0.07865,0.16863,0.0829,-0.93794,1.29029,-0.16282,-0.05394,0.13487,-0.30491,-0.14735,-0.00344,-0.00397,-0.00253,0.10348,-0.04387,0.07,-0.31386,-0.01602,0.02277,0.01443
33.78,0.0262,0.00205,-0.01039,-0.0625,0.10242,-0.05056,-0.11023,0.02539,-0.02406,-0.04779,-0.05701,-0,0,-1e-05,-0.20095,0.0718,1.14857,1.18912,0.32956,0,-0.08298,0.21848,0.1042,-0.89962,1.00938,-0.11317,-0.04962,0.16017,-0.27179,-0.12901,-0.0045,-0.01032,-0.00591,0.10894,-0.03953,0.11435,-0.39821,-0.0141,0.04661,0.0264
33.8,0.02886,0.00347,-0.01158,-0.07651,0.08587,-0.04703,-0.0933,0.03131,-0.01548,-0.04173,-0.04583,-0,0,-0,-0.23924,0.04189,0.82138,0.87416,0.30331,0,-0.07979,0.24709,0.11776,-0.8519,0.76095,-0.0626,-0.04447,0.18261,-0.23275,-0.10654,-0.00494,-0.01672,-0.0093,0.10877,-0.03258,0.15751,-0.48269,-0.01359,0.06942,0.03793
33.82,0.03097,0.00466,-0.01219,-0.09078,0.06705,-0.0403,-0.07568,0.03381,-0.0057,-0.03527,-0.03674,-0,0,-0,-0.25676,0.01843,0.55565,0.60733,0.27462,0,-0.07145,0.26075,0.12316,-0.79336,0.5489,-0.01678,-0.03817,0.19869,-0.19536,-0.08275,-0.00468,-0.0224,-0.01229,0.10265,-0.02474,0.19242,-0.55843,-0.01587,0.0882,0.0475
33.84,0.03211,0.00541,-0.01223,-0.10404,0.04713,-0.03068,-0.05873,0.03278,0.00489,-0.02901,-0.03066,-0,0,0,-0.25781,0.00028,0.35159,0.38813,0.2434,0,-0.06037,0.26528,0.121,-0.72289,0.37273,0.01969,-0.03062,0.20569,-0.16556,-0.05999,-0.00376,-0.02673,-0.01458,0.09045,-0.0174,0.21374,-0.61722,-0.02183,0.10057,0.05392
33.86,0.032,0.00558,-0.01177,-0.11529,0.02721,-0.0188,-0.04341,0.02844,0.01583,-0.02338,-0.02802,-0,0,0,-0.24621,-0.01346,0.20565,0.21176,0.20951,0,-0.04841,0.26454,0.11241,-0.64178,0.22765,0.04414,-0.02202,0.20243,-0.1462,-0.03957,-0.00234,-0.02934,-0.01597,0.07251,-0.01134,0.21881,-0.65276,-0.03156,0.10554,0.05667
33.88,0.03044,0.00508,-0.01089,-0.12382,0.00845,-0.00571,-0.0304,0.02141,0.02654,-0.01865,-0.02874,-0,0,0,-0.22514,-0.02338,0.1124,0.07071,0.17308,0,-0.03683,0.26001,0.09893,-0.55483,0.10578,0.05591,-0.01296,0.18943,-0.13675,-0.02184,-0.00073,-0.03014,-0.01641,0.04973,-0.00673,0.20779,-0.66053,-0.04416,0.10353,0.05595
33.9,0.02736,0.00387,-0.00969,-0.12906,-0.00782,0.00716,-0.02017,0.01262,0.03621,-0.01499,-0.0323,-0,0,-0,-0.1972,-0.02957,0.06599,-0.04352,0.13464,0,-0.02644,0.25102,0.08252,-0.47044,-0.00223,0.05593,-0.0044,0.16869,-0.13392,-0.0064,0.0006,-0.02928,-0.01597,0.0237,-0.00321,0.18327,-0.63753,-0.05786,0.09624,0.05257
33.92,0.02279,0.00198,-0.00828,-0.13064,-0.02027,0.01823,-0.01302,0.00319,0.044,-0.01249,-0.03795,-0,0,-0,-0.1644,-0.03179,0.06081,-0.13939,0.09502,0,-0.01763,0.23562,0.06528,-0.39868,-0.10583,0.04622,0.00248,0.14309,-0.13304,0.0075,0.00119,-0.02702,-0.01478,-0.00376,-0.00013,0.14922,-0.5825,-0.07048,0.08602,0.04769
33.94,0.01681,-0.00052,-0.00677,-0.12838,-0.02781,0.02626,-0.00901,-0.00594,0.04918,-0.01112,-0.04497,-0,0,-1e-05,-0.12822,-0.02961,0.09152,-0.22484,0.05501,0,-0.01056,0.21192,0.04905,-0.34826,-0.21321,0.02923,0.00665,0.11546,-0.13007,0.02051,0.00067,-0.02364,-0.01299,-0.03107,0.0032,0.10949,-0.49655,-0.08023,0.07511,0.04239
33.96,0.00962,-0.00349,-0.00522,-0.12236,-0.02985,0.03067,-0.00791,-0.01413,0.05132,-0.01073,-0.05287,-0,0,-1e-05,-0.08972,-0.02256,0.15285,-0.30675,0.01518,0,-0.00518,0.17905,0.03523,-0.32443,-0.33014,0.00755,0.00741,0.08802,-0.12288,0.0328,-0.00107,-0.01941,-0.01072,-0.05724,0.00734,0.067,-0.38392,-0.08618,0.06514,0.0375
33.98,0.00157,-0.00672,-0.00369,-0.11302,-0.02627,0.03154,-0.00924,-0.02106,0.05026,-0.01105,-0.06128,-0,1e-05,-1e-05,-0.04988,-0.01025,0.23923,-0.39016,-0.02378,0,-0.00133,0.13771,0.02476,-0.32881,-0.45868,-0.01606,0.00447,0.06247,-0.1117,0.04393,-0.0039,-0.01451,-0.00809,-0.08174,0.01259,0.02381,-0.25301,-0.08832,0.05706,0.03351
34,-0.00683,-0.00991,-0.00222,-0.10105,-0.01736,0.02952,-0.01229,-0.0266,0.0461,-0.01171,-0.06999,-0,0,-2e-05,-0.00986,0.00758,0.34422,-0.47779,-0.06083,-0,0.00121,0.09009,0.01831,-0.35964,-0.59692,-0.03859,-0.00212,0.04019,-0.09881,0.05281,-0.00739,-0.00917,-0.00522,-0.10424,0.01902,-0.01854,-0.1164,-0.08744,0.05127,0.03063
34.02,-0.01501,-0.01274,-0.00087,-0.08727,-0.00376,0.02553,-0.01627,-0.03078,0.03914,-0.01233,-0.07881,-0,0,-1e-05,0.02914,0.03088,0.45982,-0.57065,-0.09467,-0,0.00268,0.03924,0.01616,-0.4118,-0.74063,-0.05699,-0.01203,0.02221,-0.08742,0.05806,-0.01099,-0.00359,-0.00223,-0.12457,0.02647,-0.05871,0.01163,-0.08473,0.04776,0.0289
34.04,-0.02246,-0.01495,0.00031,-0.07227,0.01371,0.02032,-0.02051,-0.03365,0.02976,-0.01259,-0.08759,-0,0,-1e-05,0.06616,0.05908,0.5756,-0.66927,-0.1241,-1e-05,0.00332,-0.01215,0.01808,-0.47668,-0.88635,-0.06871,-0.0247,0.00905,-0.07996,0.05858,-0.01417,0.00204,0.00078,-0.14261,0.03461,-0.0955,0.11931,-0.08123,0.04616,0.02814
34.06,-0.0289,-0.01641,0.00122,-0.05631,0.03402,0.01432,-0.02454,-0.03528,0.01849,-0.01236,-0.09614,-0,-0,0,0.10065,0.09075,0.67776,-0.77428,-0.14819,-1e-05,0.00334,-0.06239,0.0232,-0.54172,-1.03294,-0.07195,-0.03934,0.00059,-0.07695,0.05399,-0.01651,0.00752,0.00369,-0.1583,0.04294,-0.12758,0.19995,-0.07757,0.04592,0.02807
34.08,-0.03422,-0.01714,0.00175,-0.03932,0.05579,0.00751,-0.02814,-0.0357,0.00602,-0.01164,-0.10414,-0,-1e-05,1e-05,0.13221,0.12336,0.74797,-0.88572,-0.16611,-2e-05,0.00292,-0.11054,0.02994,-0.58982,-1.18098,-0.06568,-0.05486,-0.00384,-0.07671,0.04468,-0.01769,0.01262,0.00639,-0.17145,0.05072,-0.15318,0.2519,-0.07383,0.04623,0.02826
34.1,-0.03839,-0.01726,0.00173,-0.02113,0.07724,-0.00042,-0.03124,-0.0349,-0.00673,-0.01063,-0.11111,-0,-2e-05,3e-05,0.16029,0.15319,0.76361,-1.00226,-0.17698,-3e-05,0.00221,-0.15597,0.03612,-0.59975,-1.33131,-0.04962,-0.06979,-0.00534,-0.0757,0.03185,-0.01753,0.01702,0.00874,-0.18166,0.05699,-0.17,0.27742,-0.06968,0.04616,0.02818
34.12,-0.04148,-0.01695,0.00103,-0.00154,0.09643,-0.00991,-0.03389,-0.03281,-0.0187,-0.00959,-0.11647,-0,-3e-05,5e-05,0.18429,0.17599,0.70164,-1.12109,-0.18025,-3e-05,0.00133,-0.19822,0.03948,-0.54941,-1.48389,-0.02417,-0.08256,-0.00519,-0.06962,0.01709,-0.01593,0.0204,0.01059,-0.18842,0.06072,-0.17568,0.2812,-0.06455,0.04477,0.02731
34.14,-0.04357,-0.01638,-0.00044,0.01955,0.11174,-0.02136,-0.03612,-0.02941,-0.02897,-0.0088,-0.11971,-0,-4e-05,7e-05,0.2038,0.188,0.54496,-1.23817,-0.17626,-4e-05,0.00039,-0.23691,0.03842,-0.42114,-1.63694,0.00957,-0.09195,-0.00452,-0.05503,0.00204,-0.0129,0.02254,0.01183,-0.19136,0.0611,-0.16881,0.2687,-0.05796,0.04141,0.02526
34.16,-0.04476,-0.01571,-0.00269,0.04198,0.12219,-0.03486,-0.03792,-0.02471,-0.03684,-0.00852,-0.12044,-0,-5e-05,9e-05,0.21867,0.18675,0.28753,-1.3481,-0.16669,-4e-05,-0.00053,-0.27163,0.03252,-0.20597,-1.78567,0.0496,-0.09731,-0.00413,-0.03047,-0.01195,-0.00863,0.02339,0.01244,-0.1904,0.05781,-0.1496,0.24504,-0.04971,0.03586,0.02192
34.18,-0.04514,-0.015,-0.00557,0.06515,0.12737,-0.05014,-0.03918,-0.01883,-0.0418,-0.00894,-0.11845,-0,-6e-05,0.0001,0.22894,0.17116,-0.06273,-1.44313,-0.15475,-4e-05,-0.00136,-0.30163,0.02275,0.09402,-1.92094,0.09275,-0.09867,-0.00444,0.00306,-0.02374,-0.00346,0.02307,0.01247,-0.18582,0.05103,-0.12018,0.21493,-0.04002,0.02844,0.01748
34.2,-0.0448,-0.01432,-0.00881,0.08791,0.12735,-0.06641,-0.03969,-0.012,-0.0435,-0.01018,-0.11366,-0,-6e-05,0.00011,0.2347,0.14146,-0.48347,-1.51272,-0.14491,-4e-05,-0.002,-0.32561,0.01132,0.46497,-2.02867,0.13456,-0.09655,-0.00551,0.04223,-0.0323,0.00206,0.02186,0.01205,-0.17817,0.04146,-0.08444,0.18269,-0.02951,0.01998,0.0124
34.22,-0.0438,-0.01366,-0.0121,0.10875,0.12251,-0.08262,-0.03921,-0.00454,-0.04174,-0.01232,-0.10611,-0,-7e-05,0.00011,0.23605,0.09913,-0.94206,-1.54489,-0.14153,-3e-05,-0.00236,-0.34206,0.00109,0.88365,-2.09228,0.16994,-0.09174,-0.00717,0.08238,-0.03683,0.00733,0.0201,0.01133,-0.16819,0.03005,-0.04707,0.15211,-0.01904,0.01154,0.00731
34.24,-0.04215,-0.01302,-0.01512,0.12633,0.11343,-0.09767,-0.03756,0.00321,-0.03654,-0.0153,-0.09596,-0,-7e-05,0.0001,0.2331,0.04669,-1.40258,-1.52879,-0.14702,-1e-05,-0.00232,-0.34998,-0.0053,1.32147,-2.09698,0.19439,-0.08506,-0.00918,0.11905,-0.03695,0.01182,0.01812,0.01045,-0.15662,0.01773,-0.01206,0.12598,-0.00941,0.00402,0.00275
34.26,-0.03989,-0.01237,-0.01768,0.13964,0.10087,-0.1106,-0.03468,0.01093,-0.0283,-0.01893,-0.08355,-0,-6e-05,6e-05,0.22607,-0.01211,-1.82892,-1.45667,-0.16039,2e-05,-0.00176,-0.34929,-0.00598,1.74581,-2.03289,0.2047,-0.07711,-0.01134,0.14892,-0.03288,0.01521,0.01614,0.00951,-0.1441,0.00525,0.01816,0.10591,-0.00115,-0.00206,-0.001
34.28,-0.03701,-0.01165,-0.01965,0.14804,0.0858,-0.12052,-0.03065,0.01824,-0.01778,-0.02281,-0.06947,-0,-4e-05,0,0.21525,-0.07184,-2.18228,-1.32473,-0.17681,7e-05,-0.0005,-0.34095,-2e-05,2.11704,-1.89603,0.19906,-0.06833,-0.01348,0.16982,-0.02546,0.01737,0.01428,0.00858,-0.13128,-0.00678,0.04275,0.09248,0.00545,-0.00664,-0.00387
34.3,-0.03356,-0.01083,-0.02094,0.15106,0.06944,-0.12651,-0.02574,0.02468,-0.00616,-0.0264,-0.05461,0,0,-0.0001,0.20114,-0.12533,-2.41939,-1.13322,-0.18821,0.00013,0.00162,-0.32681,0.01269,2.38722,-1.68813,0.17687,-0.05907,-0.01546,0.18042,-0.01613,0.0183,0.01261,0.00768,-0.11886,-0.01779,0.06205,0.08543,0.01022,-0.00995,-0.00598
34.32,-0.02958,-0.00984,-0.02154,0.14842,0.05311,-0.12774,-0.02029,0.02975,0.00519,-0.02907,-0.04001,0,6e-05,-0.00023,0.18427,-0.16492,-2.49844,-0.88571,-0.18563,0.00021,0.00477,-0.30912,0.03163,2.50762,-1.41498,0.13878,-0.04956,-0.01715,0.18018,-0.00654,0.01814,0.01112,0.00683,-0.10751,-0.0273,0.07698,0.08396,0.01313,-0.01242,-0.00755
34.34,-0.02512,-0.00866,-0.02143,0.14007,0.03789,-0.12367,-0.01464,0.03312,0.01513,-0.03035,-0.02656,0,0.00015,-0.00041,0.16518,-0.18466,-2.3903,-0.58779,-0.16277,0.0003,0.00911,-0.28985,0.05597,2.44206,-1.08411,0.08675,-0.03999,-0.01841,0.16937,0.0019,0.01703,0.00979,0.00601,-0.09767,-0.03498,0.08847,0.08701,0.01423,-0.01446,-0.0088
34.36,-0.02024,-0.00729,-0.02064,0.12624,0.02446,-0.1142,-0.00906,0.03466,0.02287,-0.03004,-0.01486,0,0.00026,-0.00063,0.14438,-0.18171,-2.08705,-0.24745,-0.11852,0.00042,0.01474,-0.2703,0.08461,2.17683,-0.7044,0.02432,-0.03047,-0.01907,0.14918,0.00837,0.01513,0.0086,0.00523,-0.08942,-0.04072,0.09691,0.09341,0.01369,-0.01634,-0.00987
34.38,-0.01505,-0.00576,-0.0192,0.10759,0.01315,-0.09982,-0.00379,0.03449,0.02806,-0.02822,-0.00526,0,0.00041,-0.0009,0.12252,-0.15675,-1.60577,0.12246,-0.05791,0.00054,0.02167,-0.25116,0.11604,1.72447,-0.28872,-0.04282,-0.02117,-0.01892,0.12187,0.01263,0.01262,0.00753,0.00448,-0.08255,-0.04463,0.102,0.10189,0.01176,-0.01811,-0.01081
34.4,-0.00975,-0.00413,-0.01719,0.08522,0.00406,-0.08157,0.00094,0.03291,0.03061,-0.02525,0.00203,0,0.00058,-0.00121,0.10048,-0.11351,-0.98769,0.50252,0.00846,0.00067,0.02973,-0.23264,0.14821,1.12265,0.14402,-0.10686,-0.01234,-0.01773,0.09075,0.01497,0.00968,0.00656,0.00378,-0.07665,-0.04688,0.10279,0.11107,0.00877,-0.01967,-0.01153
34.42,-0.00457,-0.00253,-0.01468,0.06047,-0.00283,-0.06078,0.00489,0.03033,0.03069,-0.02167,0.00692,0,0.00078,-0.00155,0.07922,-0.05774,-0.28902,0.86944,0.0674,0.00079,0.03857,-0.21452,0.17875,0.42528,0.57089,-0.15922,-0.00429,-0.01528,0.05957,0.01595,0.00653,0.0057,0.00312,-0.07121,-0.04772,0.09815,0.11958,0.00508,-0.02079,-0.01193
34.44,0.00028,-0.00103,-0.01176,0.03461,-0.00773,-0.03876,0.00792,0.02714,0.02864,-0.01803,0.00948,0,0.001,-0.00187,0.05945,0.00448,0.43324,1.20146,0.10782,0.00087,0.04752,-0.19609,0.20542,-0.31119,0.96979,-0.19302,0.00274,-0.01143,0.03161,0.01625,0.00333,0.00496,0.00253,-0.06575,-0.04735,0.08752,0.12626,0.00108,-0.02125,-0.0119
34.46,0.00467,0.00028,-0.0085,0.00869,-0.01096,-0.01656,0.00997,0.02365,0.02497,-0.01481,0.00997,0,0.00121,-0.00215,0.04145,0.06755,1.1284,1.48109,0.12369,0.00089,0.05552,-0.17619,0.22642,-1.03441,1.32143,-0.20461,0.00865,-0.0062,0.00916,0.01647,0.00027,0.0043,0.002,-0.0599,-0.04591,0.07151,0.13032,-0.0029,-0.02094,-0.0114
34.48,0.00849,0.00136,-0.00498,-0.01626,-0.01296,0.00487,0.01107,0.02007,0.02034,-0.01244,0.00885,0,0.00138,-0.00231,0.02518,0.12607,1.7486,1.69348,0.1147,0.00081,0.06106,-0.15332,0.24019,-1.69236,1.60701,-0.19384,0.01342,0.00019,-0.00647,0.0171,-0.00248,0.00369,0.00152,-0.05348,-0.04346,0.05214,0.13128,-0.00652,-0.01985,-0.01045
34.5,0.01162,0.00215,-0.00133,-0.0391,-0.01418,0.02457,0.01129,0.01657,0.0156,-0.01132,0.00672,0,0.00148,-0.00227,0.01045,0.17458,2.24484,1.82462,0.08547,0.00059,0.06219,-0.12593,0.24533,-2.22954,1.80622,-0.16361,0.01706,0.00728,-0.01472,0.0185,-0.00474,0.00309,0.00108,-0.04654,-0.03998,0.03272,0.12893,-0.00941,-0.01811,-0.00918
34.52,0.01398,0.0026,0.00232,-0.05873,-0.01505,0.04163,0.01062,0.01327,0.01164,-0.01186,0.00422,0,0.00145,-0.00192,-0.00295,0.20793,2.572,1.86303,0.04362,0.00016,0.05701,-0.09259,0.24059,-2.5935,1.9002,-0.11886,0.01964,0.01447,-0.01565,0.02085,-0.00629,0.00247,0.00067,-0.03924,-0.03547,0.01711,0.12313,-0.01115,-0.01585,-0.00772
34.54,0.01548,0.00265,0.00587,-0.07437,-0.01577,0.05556,0.00882,0.01021,0.00925,-0.01448,0.00195,0,0.00121,-0.00114,-0.01524,0.2224,2.70021,1.80403,-0.00295,-0.00052,0.04435,-0.05233,0.22512,-2.74827,1.87802,-0.06531,0.02124,0.02109,-0.00996,0.02401,-0.00696,0.0018,0.00028,-0.03173,-0.02995,0.0085,0.11368,-0.01131,-0.01321,-0.00618
34.56,0.01608,0.00226,0.00924,-0.08576,-0.01628,0.06635,0.00531,0.00735,0.009,-0.01963,0.00034,-0,0.0007,0.00022,-0.02649,0.21638,2.6227,1.6531,-0.04774,-0.00151,0.02435,-0.00497,0.19869,-2.68367,1.74148,-0.00871,0.02199,0.02651,0.00102,0.02746,-0.0066,0.00112,-5e-05,-0.0241,-0.02358,0.00869,0.10017,-0.00944,-0.01022,-0.00463
34.58,0.01579,0.00136,0.01242,-0.09312,-0.0162,0.0745,-0.00085,0.00461,0.01121,-0.02777,-0.00029,-0,-0.00019,0.00232,-0.03656,0.19051,2.35765,1.42761,-0.08572,-0.00288,-0.0013,0.04841,0.1619,-2.41738,1.50696,0.04487,0.02206,0.03003,0.01523,0.03026,-0.00513,0.00049,-0.0003,-0.01635,-0.01667,0.01781,0.08209,-0.00505,-0.00685,-0.00306
34.6,0.0146,-0.00012,0.01536,-0.09699,-0.01486,0.08082,-0.01087,0.00184,0.016,-0.03933,0.00022,-0,-0.00155,0.0053,-0.04505,0.14737,1.94502,1.15577,-0.11306,-0.00464,-0.02943,0.10542,0.11615,-1.99144,1.20416,0.08893,0.02166,0.03095,0.02992,0.03099,-0.00252,1e-05,-0.0004,-0.00852,-0.00976,0.03453,0.05887,0.00232,-0.00303,-0.00146
34.62,0.01255,-0.00223,0.01805,-0.09804,-0.01144,0.08624,-0.02616,-0.00109,0.02329,-0.05475,0.00198,-0,-0.00348,0.00928,-0.05152,0.09025,1.43504,0.86969,-0.12747,-0.00682,-0.0561,0.16296,0.06263,-1.45986,0.8687,0.11782,0.02109,0.0285,0.04221,0.02783,0.00127,-0.0002,-0.00029,-0.00052,-0.00343,0.05648,0.02974,0.01309,0.00133,0.00023
34.64,0.0096,-0.00503,0.02047,-0.0969,-0.00512,0.09161,-0.04816,-0.00438,0.03289,-0.07462,0.0051,-0,-0.00606,0.01431,-0.05585,0.02139,0.87171,0.59477,-0.12885,-0.00935,-0.07777,0.21861,0.00102,-0.87112,0.53117,0.12872,0.02079,0.02205,0.04971,0.01849,0.00631,-4e-05,7e-05,0.00798,0.00182,0.08083,-0.00638,0.02759,0.00627,0.00204
34.66,0.00573,-0.00855,0.02265,-0.09404,0.00473,0.09749,-0.07818,-0.00825,0.04445,-0.09957,0.00971,-0,-0.00931,0.02037,-0.05847,-0.05885,0.28371,0.34339,-0.11985,-0.01213,-0.09202,0.27118,-0.07134,-0.25845,0.21078,0.12313,0.0214,0.01114,0.05114,0.0004,0.01273,0.0005,0.00072,0.01761,0.00574,0.10457,-0.05097,0.04595,0.01177,0.00394
34.68,0.00086,-0.01279,0.02461,-0.08975,0.01846,0.10407,-0.11708,-0.01293,0.05744,-0.13018,0.01596,-0,-0.01322,0.02727,-0.06045,-0.15174,-0.31377,0.11514,-0.10601,-0.01494,-0.09762,0.32059,-0.15911,0.35833,-0.08391,0.10724,0.02378,-0.00438,0.04633,-0.02928,0.02067,0.00139,0.00161,0.02933,0.00827,0.12445,-0.10556,0.06798,0.01766,0.00588
34.7,-0.00503,-0.01766,0.02638,-0.08419,0.03608,0.11119,-0.1652,-0.0186,0.07101,-0.16673,0.02396,-0,-0.01766,0.03461,-0.06334,-0.25948,-0.91345,-0.09995,-0.09539,-0.01745,-0.09424,0.36726,-0.2682,0.96726,-0.35168,0.09123,0.02903,-0.02437,0.03616,-0.0735,0.03023,0.00253,0.0027,0.04427,0.00957,0.1369,-0.17142,0.093,0.02363,0.00772
34.72,-0.01197,-0.02305,0.02796,-0.07751,0.05727,0.11848,-0.22237,-0.02534,0.08417,-0.20919,0.03379,-0,-0.02236,0.04171,-0.06893,-0.38478,-1.51145,-0.31717,-0.09686,-0.01919,-0.08193,0.41155,-0.40492,1.56073,-0.59591,0.08691,0.0385,-0.0485,0.02219,-0.13556,0.04154,0.00375,0.00389,0.06386,0.01007,0.13833,-0.24968,0.12,0.02922,0.00924
34.74,-0.01998,-0.02879,0.02935,-0.07002,0.0814,0.12567,-0.28821,-0.03305,0.0959,-0.25717,0.04545,-0,-0.0269,0.04757,-0.07879,-0.53055,-2.10355,-0.55204,-0.11766,-0.01949,-0.06046,0.45319,-0.57495,2.13336,-0.82217,0.10418,0.05396,-0.0765,0.0063,-0.21926,0.05476,0.00492,0.00511,0.08988,0.01055,0.12593,-0.34153,0.14774,0.0339,0.01023
34.76,-0.0291,-0.03472,0.03052,-0.06235,0.10744,0.13272,-0.36204,-0.04136,0.10532,-0.30979,0.05881,-0,-0.03061,0.05075,-0.09404,-0.69919,-2.6807,-0.81608,-0.16159,-0.01752,-0.02901,0.4908,-0.78196,2.6786,-1.03592,0.1485,0.07748,-0.10824,-0.0096,-0.32879,0.07009,0.00591,0.0063,0.12444,0.01226,0.09812,-0.44805,0.17478,0.03707,0.01045
34.78,-0.03924,-0.04059,0.0314,-0.05556,0.13379,0.13985,-0.44235,-0.04956,0.11155,-0.36524,0.07355,-0,-0.03256,0.04935,-0.11506,-0.89116,-3.22333,-1.11381,-0.22826,-0.01225,0.01379,0.52144,-1.02585,3.18371,-1.24019,0.22004,0.11141,-0.14348,-0.02351,-0.46795,0.08768,0.00664,0.00742,0.16973,0.0169,0.05492,-0.56945,0.19932,0.03806,0.00963
34.8,-0.0502,-0.04608,0.0319,-0.05109,0.15814,0.14742,-0.52638,-0.05654,0.11371,-0.42053,0.08901,-0,-0.03152,0.04099,-0.14146,-1.10405,-3.69806,-1.44173,-0.31315,-0.0025,0.06949,0.54052,-1.30163,3.62576,-1.4346,0.31378,0.15805,-0.1817,-0.03323,-0.63937,0.1075,0.00704,0.00842,0.22776,0.02656,-0.00212,-0.70433,0.21904,0.03609,0.00752
34.82,-0.06172,-0.05085,0.03189,-0.05069,0.17783,0.15589,-0.61073,-0.06096,0.11098,-0.47204,0.1044,-0,-0.02595,0.02283,-0.17184,-1.33317,-4.06104,-1.79157,-0.40861,0.01302,0.13942,0.54275,-1.6003,3.97208,-1.61773,0.42086,0.21949,-0.22211,-0.03657,-0.84425,0.12948,0.00704,0.00928,0.30022,0.04339,-0.07052,-0.84976,0.23132,0.03044,0.00387
34.84,-0.07354,-0.05466,0.03126,-0.05606,0.19041,0.16577,-0.69247,-0.06139,0.10274,-0.51657,0.11899,-0,-0.01402,-0.00835,-0.20362,-1.57328,-4.26624,-2.15609,-0.50543,0.03558,0.22409,0.52367,-1.91109,4.18402,-1.7916,0.53068,0.29724,-0.26388,-0.03173,-1.08248,0.15364,0.00662,0.00996,0.38831,0.06914,-0.14787,-1.00186,0.23378,0.02054,-0.00146
34.86,-0.08549,-0.05751,0.02989,-0.06867,0.1941,0.17752,-0.76967,-0.05653,0.08876,-0.55188,0.13223,-0,0.00635,-0.05592,-0.2328,-1.81885,-4.27072,-2.5318,-0.59361,0.0663,0.32256,0.48079,-2.22195,4.21911,-1.96425,0.63192,0.39179,-0.3061,-0.01757,-1.35172,0.18013,0.00575,0.01049,0.49237,0.10476,-0.23224,-1.15565,0.22463,0.00621,-0.00848
34.88,-0.09741,-0.0596,0.02771,-0.08966,0.18775,0.19143,-0.84096,-0.04523,0.06932,-0.57658,0.14369,-0,0.0373,-0.12308,-0.25363,-2.06236,-4.03509,-2.91696,-0.66182,0.10589,0.4315,0.41422,-2.51723,4.03049,-2.14917,0.71201,0.50175,-0.34746,0.00622,-1.64533,0.20912,0.00445,0.01087,0.61102,0.15005,-0.32164,-1.30389,0.20277,-0.01228,-0.01698
34.9,-0.10903,-0.06129,0.02471,-0.11965,0.17087,0.2076,-0.90495,-0.02657,0.04516,-0.58982,0.15296,-0,0.0809,-0.21239,-0.2588,-2.29283,-3.5251,-3.30824,-0.69733,0.15439,0.54485,0.32664,-2.77628,3.56939,-2.36259,0.75701,0.62343,-0.38605,0.03916,-1.95102,0.24048,0.00279,0.01115,0.74056,0.20349,-0.41346,-1.43627,0.16789,-0.03407,-0.02652
34.92,-0.12002,-0.06299,0.02094,-0.15859,0.14368,0.22576,-0.96049,-0.0001,0.01721,-0.59136,0.1596,-0,0.13874,-0.32503,-0.24081,-2.49722,-2.72049,-3.69884,-0.68843,0.21079,0.65485,0.22279,-2.9767,2.79745,-2.61843,0.75426,0.75125,-0.4197,0.08025,-2.25322,0.27382,0.00083,0.01135,0.87544,0.26261,-0.50451,-1.54097,0.12047,-0.05785,-0.03644
34.94,-0.13001,-0.0651,0.01657,-0.20546,0.10731,0.24532,-1.00734,0.0338,-0.01404,-0.58189,0.1632,-0,0.21155,-0.45996,-0.19431,-2.66372,-1.6291,-4.07749,-0.62834,0.27276,0.75418,0.10849,-3.10075,1.70622,-2.92154,0.69686,0.87894,-0.44669,0.12846,-2.53766,0.30838,-0.00129,0.01152,1.00942,0.32455,-0.59154,-1.60764,0.06197,-0.08206,-0.04601
34.96,-0.13868,-0.06787,0.01195,-0.2579,0.06414,0.26522,-1.04658,0.07357,-0.04878,-0.5633,0.16341,-0,0.29859,-0.61273,-0.11785,-2.78355,-0.30103,-4.42655,-0.51839,0.3361,0.83695,-0.0096,-3.1396,0.33503,-3.262,0.58705,0.99988,-0.46615,0.18284,-2.79365,0.34304,-0.00341,0.01169,1.13585,0.3863,-0.67121,-1.62929,-0.00486,-0.10489,-0.05443
34.98,-0.14565,-0.07141,0.00761,-0.31171,0.01809,0.28376,-1.08037,0.11605,-0.08768,-0.53888,0.15992,-0,0.39687,-0.77417,-0.01484,-2.85036,1.15836,-4.71868,-0.36946,0.39418,0.89838,-0.12318,-3.09374,-1.21493,-3.61112,0.43777,1.1062,-0.47803,0.24219,-3.01263,0.37591,-0.0053,0.01191,1.24678,0.44426,-0.73954,-1.60249,-0.07546,-0.12414,-0.06079
35,-0.15042,-0.07563,0.00432,-0.36088,-0.02532,0.29859,-1.11144,0.15652,-0.13158,-0.51317,0.15244,-0,0.50089,-0.92999,0.10653,-2.85918,2.5886,-4.9163,-0.20128,0.43792,0.93413,-0.22186,-2.97162,-2.7809,-3.92191,0.27182,1.18835,-0.48281,0.30471,-3.18626,0.4043,-0.00669,0.01221,1.33248,0.49395,-0.79151,-1.52693,-0.14325,-0.13717,-0.06405
35.02,-0.15248,-0.08034,0.00284,-0.39884,-0.06034,0.30726,-1.14236,0.18973,-0.18098,-0.49103,0.14054,-0,0.60357,-1.06379,0.23528,-2.80665,3.80898,-4.97962,-0.03762,0.45762,0.94048,-0.29483,-2.78649,-4.17488,-4.13984,0.11621,1.23681,-0.48121,0.36821,-3.30707,0.42521,-0.00729,0.0126,1.38323,0.53079,-0.822,-1.40489,-0.2008,-0.14137,-0.06324
35.04,-0.15144,-0.08523,0.00372,-0.42065,-0.08303,0.30816,-1.17473,0.21167,-0.23555,-0.47623,0.12358,-0,0.69816,-1.162,0.36086,-2.69214,4.67575,-4.88052,0.10138,0.44591,0.91515,-0.33404,-2.55245,-5.24286,-4.22041,-0.00645,1.24528,-0.47386,0.43057,-3.3707,0.43636,-0.00692,0.01309,1.39276,0.55143,-0.82766,-1.24096,-0.24182,-0.13502,-0.05775
35.06,-0.14717,-0.08997,0.00709,-0.42449,-0.09263,0.30111,-1.20844,0.22065,-0.29359,-0.47044,0.1006,-0,0.77917,-1.21712,0.47493,-2.51911,5.1193,-4.61278,0.20387,0.39994,0.85802,-0.33617,-2.28265,-5.90262,-4.14122,-0.08349,1.21295,-0.4611,0.48992,-3.37748,0.43681,-0.00556,0.01364,1.3606,0.55474,-0.80818,-1.04239,-0.26244,-0.11787,-0.04769
35.08,-0.13984,-0.09415,0.01257,-0.41192,-0.09185,0.2876,-1.24131,0.21756,-0.35143,-0.47313,0.07055,-0,0.84203,-1.22795,0.57086,-2.29654,5.14899,-4.19616,0.26672,0.32218,0.77159,-0.30313,-1.99071,-6.14718,-3.90511,-0.11293,1.14522,-0.443,0.54423,-3.33253,0.42714,-0.00339,0.0142,1.29284,0.5419,-0.7667,-0.82065,-0.2613,-0.09143,-0.03389
35.1,-0.12989,-0.09725,0.01934,-0.38738,-0.0863,0.27058,-1.26909,0.20541,-0.40336,-0.48183,0.03242,-0,0.88243,-1.19849,0.64296,-2.03923,4.84064,-3.67479,0.29381,0.22005,0.66101,-0.24127,-1.69222,-6.03164,-3.53779,-0.10169,1.05299,-0.41947,0.59091,-3.24497,0.4092,-0.00077,0.01466,1.20137,0.51612,-0.7095,-0.59204,-0.23922,-0.05885,-0.01799
35.12,-0.11793,-0.09874,0.02636,-0.35674,-0.08294,0.25357,-1.28657,0.18831,-0.44278,-0.493,-0.01435,-0,0.89655,-1.13589,0.68671,-1.76477,4.30766,-3.1057,0.29319,0.10391,0.53288,-0.15932,-1.40299,-5.64828,-3.07885,-0.06171,0.94977,-0.39032,0.6272,-3.12569,0.38557,0.00181,0.01489,1.10094,0.48155,-0.64458,-0.3751,-0.19869,-0.02413,-0.00196
35.14,-0.10448,-0.09818,0.03272,-0.3252,-0.08783,0.23949,-1.28947,0.16996,-0.46423,-0.50324,-0.06959,-0,0.88193,-1.04792,0.69976,-1.48847,3.66283,-2.54131,0.27359,-0.01606,0.3933,-0.06544,-1.13539,-5.09506,-2.56888,-0.00495,0.84739,-0.35524,0.65102,-2.9844,0.3588,0.00387,0.01477,1.00469,0.4419,-0.57959,-0.18584,-0.14346,0.00905,0.01246
35.16,-0.08991,-0.09533,0.03786,-0.29597,-0.10463,0.22978,-1.27563,0.15277,-0.46477,-0.51004,-0.13184,-0,0.83812,-0.94163,0.68274,-1.22088,2.99486,-2.01946,0.24222,-0.13158,0.24707,0.03438,-0.89656,-4.45659,-2.04259,0.05988,0.75344,-0.31396,0.66148,-2.82818,0.33092,0.00501,0.01418,0.92147,0.39963,-0.52061,-0.03508,-0.07837,0.03798,0.02412
35.18,-0.0745,-0.09019,0.04159,-0.27014,-0.13405,0.22429,-1.24546,0.13769,-0.44422,-0.51196,-0.19785,-0,0.7671,-0.82373,0.63939,-0.96911,2.367,-1.5648,0.2043,-0.23576,0.09858,0.13607,-0.68994,-3.80357,-1.5309,0.12765,0.6713,-0.26662,0.65894,-2.66221,0.30357,0.00487,0.01302,0.85581,0.35603,-0.47232,0.071,-0.00984,0.06093,0.03243
35.2,-0.05854,-0.08299,0.04398,-0.24711,-0.17413,0.22154,-1.20165,0.12452,-0.40487,-0.50844,-0.2624,-0,0.67314,-0.70117,0.57628,-0.73895,1.82327,-1.19356,0.16337,-0.3224,-0.04715,0.23653,-0.51729,-3.19679,-1.06423,0.19608,0.60127,-0.21398,0.6447,-2.49083,0.27818,0.00318,0.01121,0.80887,0.31161,-0.43844,0.12927,0.05407,0.07685,0.03729
35.22,-0.0423,-0.07406,0.04529,-0.22513,-0.22136,0.21924,-1.14813,0.11234,-0.35056,-0.49943,-0.31935,-0,0.56149,-0.58052,0.50128,-0.53495,1.39245,-0.91572,0.12148,-0.38629,-0.18461,0.33279,-0.37929,-2.68466,-0.67019,0.26457,0.54174,-0.15737,0.62045,-2.31749,0.25592,-0.00028,0.00869,0.77963,0.26635,-0.42156,0.13863,0.10503,0.08522,0.03888
35.24,-0.02595,-0.06374,0.04582,-0.20207,-0.27243,0.21505,-1.08854,0.10007,-0.28543,-0.48492,-0.36354,-0,0.43627,-0.46665,0.42143,-0.35909,1.09039,-0.7354,0.07932,-0.42443,-0.30859,0.42136,-0.27511,-2.2963,-0.36745,0.33296,0.4905,-0.09833,0.58762,-2.14389,0.23748,-0.00559,0.00545,0.76595,0.21993,-0.42252,0.09939,0.13681,0.08607,0.03755
35.26,-0.00951,-0.05226,0.04577,-0.17598,-0.32521,0.2071,-1.02535,0.08697,-0.21329,-0.46462,-0.384,-0,0.2996,-0.36213,0.34185,-0.21047,0.92224,-0.65138,0.03653,-0.43678,-0.41443,0.49747,-0.20233,-2.03789,-0.16226,0.40029,0.44579,-0.03867,0.54703,-1.96992,0.22296,-0.01266,0.00154,0.76542,0.17197,-0.44,0.0132,0.1468,0.08,0.03377
35.28,0.00704,-0.03983,0.04527,-0.14537,-0.37862,0.19415,-0.96016,0.07279,-0.13807,-0.43807,-0.384,-0,0.15227,-0.26791,0.26593,-0.08639,0.8849,-0.6583,-0.00796,-0.42626,-0.49718,0.55426,-0.15761,-1.89412,-0.0495,0.46406,0.4069,0.01914,0.49904,-1.79502,0.21198,-0.02117,-0.00291,0.77563,0.12246,-0.47032,-0.1166,0.13629,0.06816,0.02806
35.3,0.0236,-0.02675,0.04436,-0.10944,-0.43219,0.17567,-0.89415,0.05782,-0.0641,-0.40474,-0.384,-0,-0.00507,-0.18428,0.19613,0.01611,0.9689,-0.74782,-0.05549,-0.39823,-0.55082,0.5823,-0.13759,-1.83254,-0.01574,0.51985,0.37446,0.07166,0.44393,-1.61944,0.20381,-0.03057,-0.00766,0.79417,0.07212,-0.50763,-0.28462,0.1099,0.0522,0.02106
35.32,0.03999,-0.0133,0.04303,-0.06807,-0.48596,0.1517,-0.82815,0.04268,0.0043,-0.36392,-0.38063,-0,-0.17112,-0.1113,0.13447,0.09902,1.1593,-0.90955,-0.1071,-0.35896,-0.56845,0.57015,-0.13979,-1.81109,-0.04374,0.56172,0.35012,0.1151,0.38203,-1.44417,0.19762,-0.04017,-0.01241,0.81875,0.02217,-0.54501,-0.48418,0.074,0.03402,0.01342
35.34,0.05606,0.00021,0.04122,-0.02167,-0.54051,0.12277,-0.76248,0.02796,0.06401,-0.31454,-0.35027,-0,-0.3435,-0.049,0.08282,0.16243,1.43569,-1.13159,-0.16309,-0.31377,-0.54323,0.50564,-0.16351,-1.78745,-0.11762,0.58329,0.33584,0.14651,0.31381,-1.27004,0.19258,-0.04939,-0.01692,0.84725,-0.02615,-0.57612,-0.70859,0.03465,0.0153,0.00571
35.36,0.07165,0.01358,0.03889,0.02874,-0.59681,0.08996,-0.69703,0.01395,0.11357,-0.25525,-0.31036,-0,-0.51781,0.00243,0.04328,0.2037,1.7709,-1.39993,-0.22234,-0.2658,-0.46923,0.37714,-0.21026,-1.72541,-0.22601,0.57842,0.33344,0.16454,0.24018,-1.09769,0.18803,-0.05784,-0.02102,0.87762,-0.0717,-0.59622,-0.95123,-0.00376,-0.00272,-0.00167
35.38,0.08654,0.02651,0.03603,0.08109,-0.65579,0.05509,-0.63175,0.00077,0.15301,-0.18481,-0.2634,-0,-0.68607,0.04207,0.01863,0.21685,2.12837,-1.69647,-0.28183,-0.21606,-0.34196,0.17452,-0.28366,-1.59683,-0.36224,0.54128,0.34456,0.16945,0.1631,-0.92879,0.18351,-0.0653,-0.02463,0.90767,-0.1132,-0.60221,-1.20377,-0.03855,-0.01917,-0.0084
35.4,0.1003,0.0386,0.03269,0.13214,-0.71794,0.02084,-0.56717,-0.01159,0.18328,-0.10249,-0.21236,-0,-0.83604,0.06801,0.01253,0.19282,2.46171,-1.99787,-0.33638,-0.16391,-0.15924,-0.10924,-0.38878,-1.38245,-0.52309,0.4667,0.37063,0.16279,0.08597,-0.76716,0.17884,-0.07163,-0.02769,0.9349,-0.14893,-0.59244,-1.45486,-0.06831,-0.03339,-0.01423
35.42,0.11243,0.04941,0.02893,0.17815,-0.78332,-0.00983,-0.50417,-0.02315,0.20586,-0.00811,-0.16031,-0,-0.95349,0.07783,0.02913,0.12177,2.7219,-2.27814,-0.37977,-0.10729,0.0772,-0.47499,-0.53086,-1.07369,-0.70695,0.35163,0.41268,0.14689,0.01293,-0.61773,0.17397,-0.07676,-0.03016,0.95673,-0.17713,-0.56649,-1.69164,-0.0925,-0.04489,-0.01894
35.44,0.12259,0.05865,0.02488,0.21616,-0.85193,-0.03458,-0.4435,-0.03398,0.2224,0.09827,-0.10982,-0,-1.02649,0.06954,0.07214,-0.00311,2.86946,-2.51371,-0.40649,-0.04296,0.35948,-0.91308,-0.71339,-0.67549,-0.91158,0.1975,0.47088,0.12427,-0.05239,-0.4843,0.16888,-0.08061,-0.03201,0.97097,-0.19679,-0.5251,-1.90317,-0.11095,-0.05345,-0.02241
35.46,0.1307,0.06636,0.02063,0.24476,-0.92365,-0.05235,-0.38561,-0.04414,0.23447,0.2161,-0.06277,-0,-1.04814,0.0424,0.14404,-0.18245,2.88252,-2.68623,-0.41296,0.03313,0.67086,-1.39874,-0.93616,-0.20969,-1.13172,0.01236,0.54406,0.09736,-0.10756,-0.36831,0.1635,-0.08314,-0.03324,0.97618,-0.20813,-0.47033,-2.08215,-0.12357,-0.05904,-0.02467
35.48,0.13693,0.07281,0.0164,0.26402,-0.99773,-0.06333,-0.33101,-0.05362,0.24338,0.34343,-0.0206,-0,-1.01698,-0.00281,0.24539,-0.40872,2.75838,-2.78171,-0.3977,0.12525,0.98282,-1.88735,-1.1932,0.28064,-1.35692,-0.18722,0.62907,0.06856,-0.15109,-0.26953,0.15771,-0.08426,-0.03382,0.97165,-0.21268,-0.40587,-2.22384,-0.13008,-0.06189,-0.02581
35.5,0.14162,0.07845,0.01242,0.27513,-1.07238,-0.06866,-0.28071,-0.06224,0.25011,0.47637,0.01532,-0,-0.93612,-0.06365,0.37446,-0.66627,2.51142,-2.78936,-0.36113,0.23707,1.25515,-2.31472,-1.47188,0.73188,-1.57063,-0.37631,0.72054,0.04039,-0.18197,-0.18705,0.1514,-0.08386,-0.0337,0.95725,-0.21292,-0.33721,-2.32454,-0.12998,-0.06229,-0.02602
35.52,0.14515,0.08385,0.00899,0.2799,-1.14519,-0.06996,-0.23598,-0.06978,0.25531,0.60996,0.04377,-0,-0.81132,-0.13612,0.52702,-0.93597,2.16764,-2.70283,-0.30536,0.37079,1.44473,-2.61138,-1.7553,1.07462,-1.75276,-0.52735,0.81194,0.01526,-0.19965,-0.11948,0.1445,-0.08184,-0.03287,0.9333,-0.21176,-0.27043,-2.38116,-0.12253,-0.06059,-0.02551
35.54,0.14796,0.08962,0.00634,0.28015,-1.21415,-0.06879,-0.19769,-0.07613,0.25946,0.74021,0.06406,-0,-0.64858,-0.21492,0.69653,-1.20257,1.75726,-2.52327,-0.23388,0.52604,1.52006,-2.72607,-2.02666,1.2575,-1.88453,-0.61919,0.89741,-0.00505,-0.2043,-0.06473,0.13695,-0.07818,-0.03132,0.90032,-0.21163,-0.21035,-2.39168,-0.10694,-0.05702,-0.02443
35.56,0.15042,0.09636,0.0046,0.27737,-1.27803,-0.06625,-0.16608,-0.08141,0.26293,0.86494,0.07622,-0,-0.45307,-0.29328,0.87351,-1.45887,1.31128,-2.26235,-0.15173,0.69853,1.47118,-2.64174,-2.27148,1.26331,-1.95148,-0.64325,0.97277,-0.01967,-0.19706,-0.0199,0.12877,-0.07304,-0.02914,0.85905,-0.21396,-0.15945,-2.35559,-0.08257,-0.05166,-0.02284
35.58,0.15285,0.10462,0.00379,0.27265,-1.33608,-0.06285,-0.14084,-0.08591,0.26598,0.98305,0.08094,-0,-0.23023,-0.36234,1.04409,-1.7049,0.86386,-1.9447,-0.0661,0.87852,1.31225,-2.37982,-2.47612,1.11264,-1.94348,-0.60465,1.03514,-0.02854,-0.18013,0.01831,0.12009,-0.06682,-0.02651,0.8107,-0.21907,-0.11792,-2.27406,-0.0491,-0.04448,-0.02074
35.6,0.15546,0.11483,0.00384,0.26664,-1.38744,-0.05869,-0.12149,-0.09008,0.26871,1.09358,0.07934,-0,0.01292,-0.4111,1.18965,-1.94504,0.45401,-1.60719,0.01355,1.05055,1.07865,-1.99564,-2.62641,0.85878,-1.85404,-0.52032,1.08227,-0.03225,-0.1566,0.05322,0.11123,-0.06011,-0.02368,0.75715,-0.22616,-0.08439,-2.14989,-0.00671,-0.03533,-0.01805
35.62,0.15837,0.12736,0.00467,0.25971,-1.43112,-0.05358,-0.10743,-0.09432,0.27104,1.134,0.07264,-0,0.26811,-0.42858,1.29048,-2.18472,0.11977,-1.28975,0.07739,1.19714,0.81644,-1.56192,-2.70977,0.57137,-1.68041,-0.41337,1.11224,-0.03167,-0.12999,0.08812,0.10256,-0.05359,-0.02096,0.70055,-0.23381,-0.05671,-1.98684,0.04377,-0.02414,-0.01467
35.64,0.16163,0.14261,0.00622,0.25192,-1.46616,-0.04748,-0.09796,-0.09886,0.27265,1.134,0.06166,-0,0.52704,-0.40738,1.33201,-2.42692,-0.1125,-1.02092,0.11825,1.30514,0.56717,-1.14475,-2.71957,0.31313,-1.42445,-0.30523,1.12342,-0.02768,-0.10358,0.12629,0.09434,-0.04783,-0.0186,0.6425,-0.24044,-0.03286,-1.78869,0.10076,-0.01096,-0.01056
35.66,0.16516,0.16101,0.00849,0.24319,-1.4917,-0.0407,-0.09229,-0.10357,0.27298,1.134,0.04656,-0,0.78138,-0.34633,1.30909,-2.66888,-0.23496,-0.80877,0.13375,1.36972,0.35833,-0.78874,-2.65838,0.12482,-1.09436,-0.21073,1.11448,-0.02086,-0.07994,0.17101,0.08661,-0.04309,-0.01671,0.58378,-0.24473,-0.01168,-1.55937,0.16166,0.00385,-0.00578
35.68,0.16878,0.18287,0.01155,0.23334,-1.50682,-0.03403,-0.08959,-0.10795,0.27116,1.134,0.0269,-0,1.02077,-0.25144,1.22708,-2.89948,-0.25883,-0.6402,0.12658,1.39483,0.20254,-0.51585,-2.53906,0.02288,-0.70731,-0.13749,1.0844,-0.01155,-0.0611,0.2252,0.07925,-0.03938,-0.01529,0.52467,-0.24563,0.00677,-1.30459,0.22228,0.01946,-0.00057
35.7,0.17215,0.2083,0.01549,0.22213,-1.51028,-0.02875,-0.08901,-0.11108,0.26612,1.134,0.00185,-0,1.23165,-0.13543,1.10057,-3.09868,-0.21088,-0.48541,0.10366,1.39159,0.10039,-0.33,-2.38348,0.00324,-0.29018,-0.08723,1.03249,0.00017,-0.04869,0.29108,0.07203,-0.03648,-0.01428,0.4654,-0.24235,0.02121,-1.0331,0.27675,0.0346,0.0047
35.72,0.17482,0.23716,0.02042,0.20924,-1.50086,-0.02638,-0.0897,-0.11194,0.25675,1.134,-0.02934,-0,1.39983,-0.01443,0.94894,-3.24256,-0.12553,-0.30755,0.07384,1.37456,0.04468,-0.22261,-2.21726,0.04904,0.12614,-0.05759,0.95852,0.01439,-0.04405,0.37019,0.06469,-0.03408,-0.01351,0.40624,-0.23423,0.02955,-0.75515,0.31861,0.04777,0.00954
35.74,0.17633,0.26917,0.02637,0.19406,-1.47783,-0.02835,-0.09067,-0.1097,0.24224,1.134,-0.06671,-0,1.51565,0.09689,0.78989,-3.31189,-0.03413,-0.07582,0.0446,1.35683,0.02514,-0.17889,-2.0619,0.14057,0.51643,-0.04428,0.86303,0.03136,-0.04817,0.46344,0.05694,-0.03181,-0.01284,0.34731,-0.22073,0.02977,-0.47939,0.34279,0.05773,0.01355
35.76,0.17621,0.30383,0.03329,0.17571,-1.44145,-0.03572,-0.09075,-0.10405,0.22234,1.134,-0.10898,-0,1.5773,0.1883,0.63564,-3.29793,0.04195,0.22476,0.01988,1.34678,0.03177,-0.18188,-1.92991,0.26159,0.8665,-0.04246,0.74792,0.05143,-0.06161,0.57082,0.04855,-0.02936,-0.01212,0.28862,-0.20137,0.0204,-0.21156,0.34691,0.06377,0.01647
35.78,0.17402,0.34015,0.04097,0.15313,-1.39335,-0.04912,-0.08854,-0.09525,0.1976,1.134,-0.15311,-0,1.59098,0.25405,0.49309,-3.20379,0.09255,0.5887,-0.00021,1.34727,0.05569,-0.21378,-1.82461,0.4003,1.17188,-0.04725,0.61735,0.07487,-0.08443,0.69065,0.03943,-0.02647,-0.01122,0.23059,-0.17594,0.00079,0.04375,0.33152,0.06577,0.01822
35.8,0.16933,0.37647,0.049,0.12525,-1.33651,-0.0687,-0.08248,-0.08415,0.16935,1.134,-0.19427,-0,1.56934,0.29176,0.36549,-3.04282,0.11702,0.99046,-0.01877,1.35618,0.08928,-0.25648,-1.74191,0.54831,1.43425,-0.05383,0.47823,0.10173,-0.11617,0.81891,0.02965,-0.02301,-0.01004,0.17438,-0.14452,-0.02896,0.28115,0.29969,0.06404,0.01881
35.82,0.16176,0.41068,0.05687,0.09114,-1.2746,-0.09422,-0.07111,-0.07198,0.13943,1.134,-0.22682,-0,1.52791,0.30114,0.25406,-2.83343,0.12044,1.39332,-0.04037,1.36807,0.12633,-0.29318,-1.67298,0.70046,1.65877,-0.05792,0.33906,0.13177,-0.15604,0.94995,0.01938,-0.01888,-0.00852,0.12181,-0.10744,-0.06808,0.49479,0.25601,0.05921,0.01836
35.84,0.15105,0.44075,0.06417,0.05014,-1.21082,-0.12523,-0.05339,-0.06009,0.10957,1.134,-0.24599,-0,1.48041,0.28268,0.15966,-2.59166,0.10848,1.76359,-0.06857,1.37637,0.1625,-0.31081,-1.60734,0.85491,1.85195,-0.05631,0.20764,0.16446,-0.2032,1.07787,0.00879,-0.014,-0.00659,0.07486,-0.06506,-0.11534,0.6802,0.20511,0.052,0.01703
35.86,0.13711,0.46496,0.07059,0.0021,-1.14728,-0.16102,-0.02905,-0.04975,0.08114,1.134,-0.24903,-0,1.43574,0.2369,0.08417,-2.32716,0.08407,2.07916,-0.10424,1.37495,0.1953,-0.3016,-1.53517,1.01269,2.01975,-0.04736,0.08998,0.19884,-0.25678,1.1971,-0.00204,-0.00826,-0.00421,0.03552,-0.0178,-0.16901,0.835,0.15092,0.04317,0.01503
35.88,0.12016,0.48177,0.07598,-0.05216,-1.08539,-0.20039,0.00118,-0.04227,0.05528,1.134,-0.23534,-0,1.39749,0.1644,0.03153,-2.04392,0.04658,2.3292,-0.14478,1.35846,0.22397,-0.26344,-1.44844,1.17649,2.16564,-0.03111,-0.00908,0.23329,-0.31553,1.30161,-0.013,-0.00161,-0.00136,0.006,0.03352,-0.22642,0.9578,0.09679,0.03353,0.01261
35.9,0.10077,0.48966,0.08027,-0.11073,-1.02628,-0.24144,0.03553,-0.03895,0.03312,1.134,-0.20629,-0,1.36484,0.06618,0.00769,-1.7427,-0.00751,2.51071,-0.18437,1.3223,0.24899,-0.19947,-1.34136,1.34906,2.28945,-0.00917,-0.08496,0.26534,-0.37748,1.38415,-0.02392,0.00595,0.00194,-0.01099,0.08743,-0.28382,1.04699,0.04593,0.02397,0.01009
35.92,0.07968,0.48717,0.0834,-0.17098,-0.97065,-0.2819,0.07155,-0.04094,0.01594,1.134,-0.16454,-0,1.33431,-0.05618,0.0183,-1.42273,-0.08288,2.62548,-0.21568,1.26274,0.27163,-0.11634,-1.21015,1.53196,2.38808,0.01583,-0.13369,0.29221,-0.44012,1.43704,-0.03454,0.01433,0.00561,-0.01276,0.14192,-0.33711,1.10069,0.00117,0.01537,0.00779
35.94,0.05756,0.47314,0.08538,-0.23058,-0.91826,-0.31975,0.1069,-0.04882,0.00512,1.134,-0.11326,-0,1.30226,-0.20019,0.06474,-1.08304,-0.18278,2.67753,-0.23254,1.177,0.29331,-0.02186,-1.05238,1.72433,2.45724,0.04108,-0.15293,0.31173,-0.50103,1.45391,-0.04458,0.02333,0.00955,0.00255,0.195,-0.38321,1.11775,-0.03551,0.00841,0.00595
35.96,0.03486,0.447,0.08624,-0.28782,-0.86775,-0.35348,0.13962,-0.06236,0.00219,1.134,-0.05567,-0,1.26658,-0.36184,0.1412,-0.72461,-0.30693,2.6713,-0.23173,1.0638,0.31515,0.07627,-0.8672,1.92136,2.49268,0.06412,-0.14281,0.32286,-0.55796,1.43099,-0.05373,0.03265,0.0136,0.03516,0.2448,-0.42084,1.09843,-0.06327,0.00342,0.00471
35.98,0.01193,0.40896,0.08603,-0.34134,-0.81698,-0.38195,0.16802,-0.08033,0.00888,1.134,0.00455,-0,1.22746,-0.5342,0.23339,-0.35347,-0.45007,2.611,-0.21341,0.92418,0.33768,0.17008,-0.65665,2.11249,2.49003,0.08275,-0.10603,0.32578,-0.6085,1.36741,-0.06157,0.04177,0.01756,0.08337,0.28927,-0.45042,1.04456,-0.08222,0.00043,0.0041
36,-0.0108,0.36011,0.08485,-0.38969,-0.76346,-0.40406,0.19043,-0.10054,0.02707,1.134,0.06308,-0,1.18742,-0.70676,0.31938,0.01744,-0.60173,2.50045,-0.18073,0.76192,0.36072,0.25102,-0.42655,2.28078,2.44457,0.09495,-0.04763,0.32162,-0.64972,1.26504,-0.06753,0.04994,0.02111,0.14354,0.32586,-0.47359,0.95943,-0.09311,-0.00074,0.00403
36.02,-0.03283,0.30205,0.08278,-0.43137,-0.70455,-0.41889,0.2053,-0.12035,0.05848,1.134,0.11556,-0,1.15051,-0.86726,0.37439,0.37137,-0.74841,2.34295,-0.13851,0.58228,0.38335,0.31168,-0.1849,2.40635,2.35189,0.09927,0.02594,0.31201,-0.67865,1.12759,-0.07101,0.0563,0.0239,0.21082,0.35188,-0.49254,0.84714,-0.09711,-0.00046,0.00439
36.04,-0.05384,0.2364,0.0799,-0.46525,-0.6376,-0.4259,0.2115,-0.1374,0.10405,1.134,0.15885,-0,1.12105,-1.0051,0.37821,0.69393,-0.87735,2.14121,-0.09153,0.38962,0.40415,0.34883,0.06115,2.47234,2.20914,0.09552,0.10819,0.2985,-0.6932,0.95943,-0.07149,0.06018,0.02566,0.28044,0.36537,-0.50936,0.71178,-0.09555,0.00091,0.00504
36.06,-0.07366,0.16462,0.07634,-0.49066,-0.5602,-0.42511,0.20854,-0.15007,0.16344,1.134,0.1917,-0,1.10281,-1.11324,0.3204,0.9764,-0.97869,1.89818,-0.04342,0.18657,0.42123,0.3654,0.30661,2.46897,2.01659,0.08529,0.19306,0.28222,-0.69288,0.76543,-0.06876,0.06121,0.02624,0.34822,0.3656,-0.52541,0.55733,-0.0899,0.003,0.00586
36.08,-0.09215,0.08855,0.07226,-0.5073,-0.47082,-0.4172,0.19661,-0.15753,0.23443,1.134,0.21468,-0,1.099,-1.18783,0.2018,1.21423,-1.04515,1.61895,0.00323,-0.02477,0.43208,0.37084,0.54713,2.39434,1.77918,0.07213,0.27454,0.26389,-0.67887,0.55226,-0.06285,0.05937,0.02564,0.41021,0.35317,-0.54111,0.38878,-0.08169,0.0055,0.00677
36.1,-0.10909,0.0108,0.06788,-0.51493,-0.36926,-0.4033,0.17655,-0.15954,0.31277,1.04637,0.22975,-0,1.11243,-1.22707,0.03372,1.40463,-1.07123,1.31206,0.04648,-0.24137,0.43356,0.37999,0.77725,2.25344,1.50727,0.0612,0.34613,0.24398,-0.65379,0.32938,-0.05412,0.05495,0.02395,0.46229,0.32985,-0.55588,0.21296,-0.07253,0.00812,0.0077
36.12,-0.12417,-0.06563,0.06347,-0.51336,-0.25626,-0.38479,0.14957,-0.15637,0.39319,0.91893,0.23978,-0,1.14545,-1.23041,-0.16597,1.54577,-1.05338,0.98815,0.08488,-0.45927,0.42246,0.40952,0.99068,2.05531,1.21426,0.0576,0.40136,0.22274,-0.62101,0.10766,-0.04307,0.04837,0.02134,0.50029,0.29817,-0.56836,0.03767,-0.06395,0.01059,0.00857
36.14,-0.13717,-0.1382,0.05928,-0.50251,-0.1326,-0.36278,0.11701,-0.14864,0.471,0.77511,0.24803,-0,1.1998,-1.19814,-0.37868,1.63727,-0.9909,0.65709,0.11753,-0.67463,0.39633,0.4729,1.18202,1.80912,0.91242,0.06401,0.43508,0.20026,-0.58359,-0.10368,-0.03027,0.03996,0.01793,0.52071,0.26078,-0.57684,-0.13032,-0.05711,0.01268,0.00933
36.16,-0.14806,-0.20519,0.05547,-0.48254,0.00101,-0.33799,0.08027,-0.13735,0.543,0.61647,0.25778,-0,1.27617,-1.13129,-0.58823,1.68041,-0.88694,0.32699,0.14396,-0.88376,0.35421,0.57656,1.34732,1.52253,0.6111,0.07896,0.44417,0.17654,-0.54379,-0.29835,-0.01625,0.02992,0.01376,0.52114,0.22028,-0.57952,-0.28609,-0.05262,0.01425,0.00993
36.18,-0.15686,-0.26528,0.05221,-0.45399,0.14302,-0.31085,0.04101,-0.12388,0.60713,0.44582,0.27216,-0,1.37363,-1.03198,-0.78012,1.67757,-0.74935,0.00657,0.16395,-1.08144,0.29713,0.71836,1.48289,1.20321,0.31854,0.09627,0.42761,0.1517,-0.50318,-0.47184,-0.00163,0.01829,0.00882,0.50029,0.17936,-0.57458,-0.42552,-0.05058,0.01516,0.01032
36.2,-0.16359,-0.31707,0.04966,-0.41784,0.29027,-0.28165,0.00138,-0.11006,0.66188,0.26817,0.29405,-0,1.48923,-0.90362,-0.94013,1.63178,-0.59065,-0.29285,0.17728,-1.25979,0.22811,0.88775,1.58426,0.86111,0.04405,0.10572,0.38618,0.12614,-0.46302,-0.6199,0.01282,0.00504,0.00304,0.45787,0.14105,-0.56017,-0.54425,-0.05064,0.01532,0.01042
36.22,-0.16828,-0.35911,0.04797,-0.37529,0.4385,-0.25067,-0.03618,-0.09778,0.70625,0.08987,0.32585,-0,1.61837,-0.75019,-1.05502,1.5465,-0.42538,-0.55878,0.18378,-1.40971,0.15158,1.06914,1.64723,0.50948,-0.20208,0.09576,0.32181,0.10029,-0.42442,-0.73857,0.02629,-0.00993,-0.00366,0.39429,0.10826,-0.5347,-0.63786,-0.0522,0.01467,0.01016
36.24,-0.17097,-0.39041,0.04725,-0.32738,0.58388,-0.21815,-0.06949,-0.08857,0.74009,-0.08344,0.36921,-0,1.75564,-0.57503,-1.11487,1.42578,-0.26587,-0.78145,0.18359,-1.52412,0.07221,1.24698,1.67039,0.16503,-0.41041,0.05753,0.23687,0.07434,-0.38843,-0.82524,0.03809,-0.02684,-0.01142,0.31047,0.08303,-0.49735,-0.70328,-0.05464,0.01317,0.00951
36.26,-0.17176,-0.41065,0.04755,-0.27489,0.72351,-0.18441,-0.09684,-0.08326,0.76418,-0.24762,0.384,-0,1.89489,-0.38067,-1.11446,1.27488,-0.11991,-0.9558,0.17728,-1.59989,-0.00549,1.40874,1.6569,-0.15082,-0.5729,-0.01218,0.134,0.04801,-0.35622,-0.87926,0.04778,-0.04603,-0.02044,0.20799,0.06595,-0.44854,-0.73944,-0.05751,0.01082,0.00844
36.28,-0.17082,-0.42011,0.04887,-0.21871,0.85448,-0.15012,-0.11682,-0.08193,0.78013,-0.39892,0.384,-0,2.02818,-0.1701,-1.0535,1.10143,0.00875,-1.08056,0.16596,-1.63768,-0.07679,1.54437,1.61488,-0.40899,-0.68168,-0.10966,0.01677,0.02073,-0.32937,-0.90148,0.05509,-0.0678,-0.03087,0.0898,0.05628,-0.39037,-0.74711,-0.0605,0.00768,0.00697
36.3,-0.16836,-0.41937,0.05114,-0.16022,0.97293,-0.11646,-0.12811,-0.08407,0.79004,-0.53291,0.384,-0,2.14519,0.0519,-0.93593,0.91603,0.119,-1.15649,0.15121,-1.64079,-0.1363,1.64523,1.55678,-0.5726,-0.72814,-0.22474,-0.10974,-0.00811,-0.30998,-0.89369,0.05988,-0.09227,-0.04275,-0.03924,0.05219,-0.32669,-0.72843,-0.06346,0.00389,0.00516
36.32,-0.16457,-0.40926,0.05425,-0.10116,1.07453,-0.08486,-0.12948,-0.08876,0.79638,-0.64485,0.384,-0,2.23481,0.27958,-0.76817,0.73032,0.2113,-1.18559,0.13469,-1.61382,-0.1789,1.70488,1.49691,-0.60554,-0.70481,-0.34369,-0.23957,-0.0389,-0.29994,-0.85831,0.06202,-0.11919,-0.05596,-0.17312,0.05148,-0.26218,-0.68636,-0.06633,-0.00037,0.00309
36.34,-0.15965,-0.39074,0.05802,-0.04331,1.15586,-0.05637,-0.11989,-0.09495,0.8019,-0.73119,0.384,-0,2.28824,0.50803,-0.55686,0.55369,0.28706,-1.1709,0.11763,-1.56114,-0.20137,1.72114,1.44786,-0.48682,-0.60911,-0.4537,-0.36711,-0.07163,-0.29985,-0.79831,0.06146,-0.14782,-0.07012,-0.30617,0.05232,-0.20069,-0.62433,-0.06913,-0.00493,0.00087
36.36,-0.15372,-0.36502,0.06222,0.01155,1.21515,-0.03136,-0.09876,-0.10163,0.80954,-0.7904,0.384,-0,2.30096,0.73374,-0.30809,0.39152,0.34792,-1.11662,0.10054,-1.4861,-0.20362,1.69762,1.41827,-0.2213,-0.44642,-0.54564,-0.48759,-0.1056,-0.3081,-0.71749,0.05815,-0.17678,-0.08454,-0.43369,0.05386,-0.14437,-0.54619,-0.07191,-0.00959,-0.00141
36.38,-0.14696,-0.3337,0.06653,0.06122,1.25198,-0.00963,-0.06603,-0.10782,0.82237,-0.8226,0.384,-0,2.27308,0.95304,-0.02901,0.24601,0.39511,-1.0284,0.08319,-1.39134,-0.18881,1.64411,1.41246,0.156,-0.23194,-0.614,-0.59628,-0.13909,-0.32071,-0.62104,0.05214,-0.20374,-0.09805,-0.55109,0.0563,-0.09388,-0.45674,-0.07475,-0.01414,-0.00363
36.4,-0.13955,-0.29888,0.07051,0.10284,1.26668,0.00934,-0.02234,-0.11252,0.84341,-0.82895,0.384,-0,2.20861,1.16056,0.27089,0.11763,0.42874,-0.91318,0.06491,-1.27926,-0.1629,1.5757,1.43102,0.58262,0.00971,-0.65601,-0.68771,-0.1693,-0.33153,-0.51576,0.04352,-0.22539,-0.10899,-0.65311,0.06081,-0.04895,-0.36206,-0.07767,-0.01832,-0.00566
36.42,-0.13173,-0.26281,0.0737,0.13338,1.26008,0.02611,0.0311,-0.11484,0.87511,-0.81118,0.384,-0,2.11403,1.34999,0.58131,0.00575,0.4471,-0.7777,0.04492,-1.15198,-0.13308,1.5091,1.47149,0.98444,0.24953,-0.67108,-0.75642,-0.19297,-0.33362,-0.40872,0.03241,-0.23812,-0.11557,-0.73458,0.06886,-0.00893,-0.26855,-0.08069,-0.02185,-0.00734
36.44,-0.12368,-0.22734,0.0757,0.15076,1.23364,0.04114,0.09259,-0.11408,0.91861,-0.77134,0.384,0,1.99628,1.51628,0.89447,-0.09129,0.44605,-0.62618,0.02279,-1.01108,-0.10553,1.45726,1.52929,1.29953,0.46211,-0.66062,-0.79866,-0.20744,-0.32105,-0.30508,0.01894,-0.23913,-0.11639,-0.79219,0.08142,0.02672,-0.18135,-0.08371,-0.02447,-0.00855
36.46,-0.11558,-0.19359,0.07627,0.15452,1.18961,0.05458,0.15984,-0.10988,0.97303,-0.71192,0.384,0,1.86188,1.6567,1.20633,-0.17583,0.41865,-0.45931,-0.00117,-0.85788,-0.08399,1.42594,1.59801,1.49368,0.63044,-0.628,-0.81349,-0.21142,-0.29029,-0.20682,0.00322,-0.22725,-0.11089,-0.82554,0.09831,0.05803,-0.10343,-0.08656,-0.02605,-0.00922
36.48,-0.10759,-0.16218,0.07534,0.14599,1.13136,0.06607,0.22944,-0.10227,1.03493,-0.63617,0.384,0,1.71765,1.7699,1.51459,-0.25015,0.35508,-0.27512,-0.0256,-0.69461,-0.0696,1.413,1.66908,1.56261,0.74575,-0.57872,-0.80284,-0.20511,-0.24074,-0.11323,-0.0145,-0.20318,-0.09943,-0.83713,0.11788,0.08411,-0.036,-0.08891,-0.02652,-0.00935
36.5,-0.09997,-0.1335,0.07298,0.12797,1.06345,0.07477,0.29659,-0.09164,1.0983,-0.54832,0.384,0,1.57133,1.85473,1.81623,-0.31559,0.24308,-0.07021,-0.04807,-0.52534,-0.06132,1.40965,1.73166,1.52724,0.80554,-0.52025,-0.77105,-0.18997,-0.17465,-0.02184,-0.03382,-0.16934,-0.08324,-0.83169,0.13715,0.1031,0.02077,-0.09029,-0.02589,-0.00895
36.52,-0.09301,-0.10778,0.06934,0.10408,0.99089,0.07956,0.35592,-0.07863,1.1558,-0.45303,0.384,0,1.43026,1.90988,2.1072,-0.37185,0.06856,0.1605,-0.06535,-0.35514,-0.05691,1.40381,1.77447,1.42335,0.81168,-0.46071,-0.72374,-0.16831,-0.09606,0.07103,-0.05433,-0.12908,-0.06402,-0.81497,0.15262,0.11274,0.06734,-0.09017,-0.0242,-0.00807
36.54,-0.08693,-0.08507,0.06459,0.07778,0.91785,0.07953,0.40303,-0.06398,1.20088,-0.3542,0.384,0,1.29872,1.93429,2.38347,-0.4164,-0.18309,0.42472,-0.07409,-0.18822,-0.05423,1.38483,1.78865,1.28789,0.76863,-0.40697,-0.6665,-0.14271,-0.00926,0.16981,-0.07599,-0.08556,-0.04338,-0.79224,0.16143,0.11145,0.1047,-0.08811,-0.0215,-0.00676
36.56,-0.08182,-0.06522,0.05889,0.0518,0.84712,0.07421,0.43541,-0.04846,1.22913,-0.25459,0.384,0,1.17666,1.92732,2.64089,-0.44398,-0.5252,0.73249,-0.07122,-0.02716,-0.05213,1.34676,1.76977,1.15027,0.68256,-0.36344,-0.60408,-0.11568,0.08189,0.27906,-0.09928,-0.04114,-0.02253,-0.7674,0.16225,0.09908,0.1342,-0.0838,-0.01785,-0.00507
36.58,-0.07771,-0.0481,0.05241,0.02825,0.78043,0.06379,0.45235,-0.03297,1.23834,-0.15646,0.384,0,1.06025,1.88883,2.8731,-0.44615,-0.96721,1.09402,-0.05401,0.12602,-0.05068,1.28948,1.71842,1.03102,0.56159,-0.33213,-0.54071,-0.08986,0.17355,0.40261,-0.12511,0.00247,-0.00234,-0.74286,0.15544,0.07717,0.1572,-0.07717,-0.01333,-0.00304
36.6,-0.07458,-0.0337,0.04535,0.00877,0.71905,0.04897,0.45458,-0.01858,1.22805,-0.06224,0.384,0,0.94319,1.81907,3.06995,-0.41169,-1.51124,1.51673,-0.02017,0.26869,-0.05106,1.21825,1.63969,0.94325,0.41591,-0.31316,-0.48048,-0.06804,0.26132,0.54269,-0.15451,0.04384,0.01649,-0.71986,0.14285,0.04879,0.17489,-0.06838,-0.00804,-0.00072
36.62,-0.07234,-0.02211,0.03796,-0.00534,0.66381,0.0307,0.44376,-0.00646,1.19906,0.0256,0.384,0,0.81804,1.71883,3.21885,-0.32924,-2.14782,2.00236,0.03186,0.39772,-0.05492,1.14122,1.54138,0.89393,0.25645,-0.30529,-0.42716,-0.05287,0.34074,0.69997,-0.18847,0.08178,0.03336,-0.69865,0.12714,0.01769,0.18844,-0.05774,-0.00215,0.00183
36.64,-0.07083,-0.01334,0.03042,-0.01313,0.61488,0.00977,0.42206,0.00253,1.15282,0.10536,0.384,0,0.67754,1.58969,3.3082,-0.19125,-2.85094,2.54391,0.10234,0.51055,-0.06351,1.06579,1.43134,0.88495,0.09258,-0.30637,-0.38359,-0.04619,0.40838,0.87397,-0.22763,0.11546,0.04788,-0.67883,0.11087,-0.01289,0.19932,-0.04562,0.0042,0.00454
36.66,-0.06975,-0.00718,0.02283,-0.01404,0.57169,-0.01343,0.39197,0.0079,1.09127,0.17635,0.384,0,0.51603,1.4347,3.32967,0.00258,-3.57198,3.12158,0.18959,0.60554,-0.07701,0.99629,1.3161,0.91379,-0.06891,-0.31368,-0.35145,-0.04858,0.46252,1.06271,-0.27196,0.14442,0.05988,-0.65952,0.09588,-0.04094,0.20959,-0.03242,0.01088,0.00737
36.68,-0.06871,-0.00326,0.01529,-0.00786,0.53328,-0.03876,0.35644,0.00964,1.0172,0.23838,0.384,0,0.33097,1.25966,3.27825,0.24317,-4.23261,3.69743,0.28922,0.68128,-0.0943,0.93396,1.20135,0.97362,-0.22283,-0.32394,-0.33141,-0.05928,0.50276,1.2613,-0.32037,0.16829,0.06923,-0.6396,0.08332,-0.0657,0.22181,-0.01866,0.01772,0.01025
36.7,-0.06721,-0.00113,0.00792,0.00533,0.49866,-0.06621,0.31895,0.00804,0.9345,0.29126,0.384,0,0.12382,1.07372,3.15191,0.51191,-4.72588,4.21436,0.3939,0.73585,-0.11294,0.87769,1.0927,1.05375,-0.36435,-0.33344,-0.3235,-0.07629,0.52956,1.46093,-0.37053,0.18662,0.07584,-0.61793,0.07374,-0.08729,0.23901,-0.00505,0.02446,0.01308
36.72,-0.06475,-0.00027,0.00085,0.02521,0.46697,-0.09577,0.28303,0.00363,0.84758,0.33466,0.384,0,-0.10086,0.8876,2.95165,0.78467,-4.9404,4.608,0.49465,0.76698,-0.12964,0.82468,0.99529,1.14166,-0.48898,-0.33859,-0.32725,-0.09681,0.54381,1.65042,-0.41931,0.19895,0.07962,-0.59354,0.06721,-0.1063,0.26456,0.00765,0.03073,0.01571
36.74,-0.06091,-0.00019,-0.00585,0.05116,0.43743,-0.12749,0.25152,-0.003,0.76031,0.36852,0.384,0,-0.33736,0.71043,2.68204,1.03852,-4.79966,4.82712,0.58319,0.7727,-0.14083,0.77114,0.91268,1.22606,-0.5934,-0.3368,-0.34167,-0.11787,0.54678,1.81932,-0.46364,0.20505,0.08059,-0.56593,0.06342,-0.12337,0.30215,0.01879,0.03612,0.01796
36.76,-0.05543,-0.00042,-0.01219,0.08228,0.40938,-0.16133,0.22602,-0.01123,0.67552,0.39314,0.384,0,-0.57935,0.54804,2.35264,1.25545,-4.29048,4.84727,0.65324,0.75197,-0.14318,0.71288,0.84631,1.29867,-0.67565,-0.32706,-0.36523,-0.13667,0.53995,1.9595,-0.50102,0.20513,0.07897,-0.53534,0.06168,-0.1388,0.35549,0.02802,0.04011,0.01958
36.78,-0.04829,-0.00054,-0.01823,0.11703,0.38254,-0.19691,0.20705,-0.02039,0.5956,0.40905,0.384,0,-0.81822,0.40385,1.98073,1.42158,-3.47294,4.67351,0.70024,0.70484,-0.13357,0.64592,0.79594,1.35408,-0.73454,-0.31015,-0.39565,-0.15048,0.52505,2.06443,-0.52926,0.19985,0.07518,-0.50304,0.061,-0.15232,0.42801,0.03518,0.0421,0.02025
36.8,-0.03971,-0.00019,-0.02403,0.15319,0.35717,-0.23329,0.1943,-0.02972,0.523,0.41671,0.384,0,-1.04177,0.28022,1.59216,1.52553,-2.4737,4.33662,0.72084,0.63243,-0.10914,0.56691,0.76026,1.38928,-0.76909,-0.2885,-0.4299,-0.15663,0.50397,2.12815,-0.5463,0.19026,0.06981,-0.47141,0.06013,-0.16301,0.52245,0.04028,0.04137,0.01959
36.82,-0.03005,0.00093,-0.02965,0.18801,0.33387,-0.26909,0.1869,-0.03844,0.46005,0.41651,0.384,0,-1.23615,0.1786,1.21639,1.55879,-1.45117,3.88227,0.71295,0.53654,-0.06754,0.47334,0.73727,1.40401,-0.77919,-0.26549,-0.46466,-0.15282,0.47835,2.14568,-0.55034,0.17759,0.06354,-0.4435,0.05775,-0.16927,0.6408,0.04334,0.03726,0.01726
36.84,-0.01976,0.00299,-0.03516,0.21879,0.31324,-0.30279,0.18362,-0.04587,0.40811,0.40887,0.384,0,-1.3899,0.09907,0.87763,1.51767,-0.54343,3.35601,0.67641,0.41918,-0.00737,0.36352,0.72437,1.4018,-0.76696,-0.24437,-0.4971,-0.13774,0.44902,2.11461,-0.5404,0.16296,0.05696,-0.4222,0.05275,-0.16884,0.78429,0.04445,0.02942,0.01306
36.86,-0.00926,0.006,-0.04067,0.24305,0.29559,-0.33286,0.18302,-0.05155,0.36716,0.39428,0.384,0,-1.49627,0.04011,0.58988,1.40497,0.16461,2.79515,0.61357,0.28262,0.07128,0.23702,0.71844,1.39065,-0.73789,-0.22764,-0.52532,-0.11159,0.41573,2.03634,-0.51671,0.14723,0.05046,-0.4097,0.04441,-0.15889,0.95292,0.04366,0.01799,0.00708
36.88,0.00097,0.00978,-0.04631,0.25845,0.28109,-0.35756,0.18351,-0.05512,0.33605,0.37348,0.384,0,-1.5529,-0.00093,0.35794,1.23101,0.64383,2.23063,0.52989,0.13041,0.16618,0.09565,0.71595,1.38339,-0.70124,-0.21699,-0.5482,-0.07636,0.37728,1.91687,-0.48098,0.13112,0.04431,-0.40753,0.03253,-0.13607,1.14414,0.04101,0.00378,-0.00028
36.9,0.01034,0.01398,-0.05213,0.26262,0.26985,-0.37477,0.18341,-0.05639,0.3129,0.34748,0.384,0,-1.56055,-0.02718,0.18042,1.01328,0.91016,1.69085,0.43384,-0.03177,0.27235,-0.0556,0.71311,1.39612,-0.6693,-0.21341,-0.56518,-0.03575,0.33191,1.76671,-0.43635,0.11527,0.03866,-0.41661,0.01739,-0.09668,1.35194,0.03655,-0.01177,-0.00825
36.92,0.01821,0.01813,-0.05812,0.25347,0.26187,-0.38237,0.18117,-0.05524,0.29521,0.31746,0.384,0,-1.52215,-0.04183,0.05207,0.77289,1.00743,1.20061,0.33531,-0.19623,0.38189,-0.20841,0.7062,1.44215,-0.65356,-0.2169,-0.57616,0.00577,0.27778,1.59909,-0.38673,0.10027,0.0336,-0.43715,-0.00045,-0.0372,1.56799,0.0303,-0.02695,-0.01592
36.94,0.02413,0.02185,-0.06425,0.22983,0.25681,-0.37891,0.17571,-0.05171,0.27986,0.28455,0.384,0,-1.44206,-0.04787,-0.03443,0.52911,0.98675,0.77654,0.24298,-0.35429,0.48396,-0.35141,0.69213,1.52315,-0.65923,-0.22597,-0.58152,0.04445,0.2136,1.42711,-0.33589,0.08654,0.02916,-0.46834,-0.02051,0.0449,1.78393,0.02234,-0.04028,-0.02254
36.96,0.02791,0.02488,-0.07041,0.19193,0.25385,-0.36419,0.16663,-0.04609,0.26314,0.24981,0.384,0,-1.32606,-0.04789,-0.08714,0.29647,0.89292,0.42539,0.16289,-0.49629,0.5645,-0.46996,0.66872,1.62267,-0.68127,-0.23727,-0.58219,0.07808,0.13924,1.26234,-0.28687,0.0743,0.02531,-0.50801,-0.04261,0.15027,1.99231,0.01282,-0.05089,-0.02763
36.98,0.02964,0.02712,-0.0764,0.14181,0.25171,-0.33938,0.1544,-0.03888,0.24083,0.21449,0.384,0,-1.182,-0.04406,-0.11395,0.08577,0.76121,0.14643,0.09863,-0.61052,0.60539,-0.54504,0.63504,1.70367,-0.70327,-0.24536,-0.57959,0.10602,0.05641,1.11582,-0.2423,0.06365,0.02199,-0.55227,-0.06666,0.27674,2.18515,0.00205,-0.05847,-0.03107
37,0.02963,0.02856,-0.08188,0.0833,0.2487,-0.30699,0.14023,-0.03088,0.20857,0.18018,0.384,0,-1.02025,-0.03806,-0.12198,-0.09411,0.6182,-0.06515,0.05215,-0.6829,0.5851,-0.55374,0.59144,1.71184,-0.69934,-0.24316,-0.57556,0.12876,-0.031,0.99892,-0.20469,0.05471,0.01918,-0.59551,-0.09261,0.41894,2.35268,-0.00946,-0.06318,-0.03294
37.02,0.02833,0.02928,-0.08645,0.02108,0.24311,-0.27013,0.12584,-0.023,0.16266,0.14861,0.384,0,-0.85223,-0.03115,-0.11731,-0.23628,0.48268,-0.21631,0.02398,-0.70024,0.4838,-0.47464,0.53919,1.59083,-0.64182,-0.22368,-0.57209,0.14753,-0.11795,0.92228,-0.17622,0.04754,0.01683,-0.6314,-0.12041,0.5694,2.48433,-0.02111,-0.06542,-0.0335
37.04,0.02625,0.02941,-0.08975,-0.04089,0.23357,-0.23144,0.11286,-0.01613,0.10126,0.121,0.384,0,-0.68801,-0.02421,-0.10487,-0.33718,0.36658,-0.31537,0.01323,-0.65575,0.29138,-0.29662,0.48,1.30509,-0.51263,-0.18272,-0.57097,0.16392,-0.19991,0.89314,-0.15817,0.04209,0.01489,-0.65462,-0.1502,0.72073,2.57144,-0.03238,-0.06569,-0.03303
37.06,0.02392,0.02911,-0.09157,-0.10012,0.21945,-0.19254,0.10255,-0.01098,0.02537,0.09781,0.384,0,-0.53507,-0.01779,-0.08844,-0.39729,0.27601,-0.37129,0.01751,-0.55318,0.01384,-0.02572,0.41585,0.85693,-0.31167,-0.12091,-0.5735,0.17952,-0.27381,0.91355,-0.15055,0.03814,0.01325,-0.66187,-0.18225,0.86644,2.60888,-0.04297,-0.06441,-0.03177
37.08,0.02191,0.02855,-0.09182,-0.15541,0.20099,-0.15415,0.09581,-0.00813,-0.06033,0.07886,0.384,0,-0.39929,-0.01223,-0.07075,-0.42069,0.21234,-0.39293,0.03297,-0.40847,-0.3232,0.31133,0.34942,0.29385,-0.06034,-0.04467,-0.58046,0.19572,-0.33767,0.97991,-0.15212,0.03529,0.01178,-0.65212,-0.21679,1.00014,2.59498,-0.05271,-0.06195,-0.02993
37.1,0.02079,0.02793,-0.09052,-0.20629,0.17932,-0.11647,0.09328,-0.00804,-0.14749,0.06351,0.384,0,-0.28595,-0.00766,-0.05366,-0.41408,0.17326,-0.38836,0.05455,-0.24861,-0.6755,0.66826,0.28439,-0.29466,0.20005,0.03424,-0.59208,0.21364,-0.38999,1.0835,-0.16059,0.03308,0.01033,-0.62628,-0.25372,1.11468,2.53087,-0.06147,-0.05858,-0.02765
37.12,0.0211,0.02745,-0.08773,-0.25275,0.15603,-0.07943,0.09533,-0.01096,-0.22611,0.05092,0.384,0,-0.19936,-0.00408,-0.03831,-0.38529,0.15421,-0.36451,0.07687,-0.10527,-0.99061,0.99018,0.22483,-0.79965,0.41868,0.10159,-0.60798,0.23403,-0.42947,1.21244,-0.17311,0.031,0.00876,-0.58654,-0.29264,1.20307,2.41953,-0.06911,-0.05447,-0.02503
37.14,0.02326,0.02726,-0.08354,-0.29507,0.13251,-0.04289,0.10206,-0.01678,-0.2877,0.04015,0.34537,0,-0.14143,-0.00143,-0.02531,-0.34153,0.14987,-0.32701,0.0956,-0.00507,-1.22424,1.23052,0.17394,-1.12749,0.55147,0.14519,-0.62715,0.25745,-0.45515,1.35437,-0.18692,0.02866,0.00699,-0.53548,-0.33297,1.26081,2.26488,-0.07553,-0.04967,-0.02211
37.16,0.02745,0.02742,-0.078,-0.33365,0.1096,-0.00691,0.11322,-0.02493,-0.32743,0.03028,0.30406,0,-0.11082,0.00043,-0.01484,-0.28844,0.15511,-0.2803,0.10827,0.03677,-1.35093,1.36208,0.13338,-1.22294,0.5718,0.15794,-0.64783,0.28412,-0.46638,1.49782,-0.19971,0.02587,0.005,-0.4757,-0.37393,1.28724,2.07179,-0.08059,-0.04407,-0.01884
37.18,0.03356,0.02794,-0.07119,-0.36863,0.08764,0.02788,0.12814,-0.03423,-0.34419,0.02055,0.27532,0,-0.10301,0.00162,-0.00685,-0.23011,0.16528,-0.22796,0.11438,0.01763,-1.36545,1.37848,0.10343,-1.07368,0.47285,0.13836,-0.6673,0.3138,-0.46274,1.63146,-0.20966,0.02263,0.00289,-0.41012,-0.41416,1.28565,1.84738,-0.08407,-0.03748,-0.01514
37.2,0.04124,0.02873,-0.06323,-0.39963,0.06668,0.06017,0.14573,-0.04299,-0.33997,0.01042,0.25654,0,-0.11102,0.00229,-0.00109,-0.16964,0.17622,-0.17303,0.1151,-0.05411,-1.27979,1.29114,0.08344,-0.70538,0.26549,0.08998,-0.68189,0.3456,-0.4439,1.74329,-0.21528,0.01918,0.00083,-0.34231,-0.45156,1.26254,1.60193,-0.08566,-0.02968,-0.01091
37.22,0.04995,0.02968,-0.05425,-0.42603,0.04664,0.08833,0.16461,-0.0493,-0.31866,-0.00043,0.24387,0,-0.12681,0.00255,0.00274,-0.10933,0.18455,-0.11801,0.11254,-0.16296,-1.11685,1.12305,0.0721,-0.16952,-0.02711,0.01973,-0.68752,0.37818,-0.40996,1.82167,-0.21548,0.01586,-0.00094,-0.27611,-0.48352,1.22614,1.34708,-0.08501,-0.02046,-0.00607
37.24,0.05917,0.03068,-0.04435,-0.44746,0.02726,0.11116,0.1835,-0.05167,-0.28463,-0.01212,0.23328,0,-0.14316,0.00252,0.00498,-0.05091,0.18806,-0.06467,0.10884,-0.29148,-0.90234,0.9008,0.06768,0.47293,-0.3768,-0.06416,-0.68067,0.41011,-0.36193,1.85755,-0.20966,0.01298,-0.00224,-0.21482,-0.50756,1.18454,1.09251,-0.08174,-0.00979,-0.00062
37.26,0.06845,0.03163,-0.03357,-0.46412,0.00829,0.12836,0.20135,-0.04934,-0.24195,-0.02463,0.22124,0,-0.15483,0.00226,0.00593,0.00412,0.18597,-0.01414,0.10545,-0.42339,-0.66014,0.6501,0.06821,1.16017,-0.75412,-0.1533,-0.65899,0.44005,-0.30236,1.84602,-0.19782,0.01069,-0.00298,-0.16077,-0.52164,1.14445,0.84454,-0.07558,0.00212,0.00531
37.28,0.07735,0.03247,-0.02196,-0.47676,-0.01042,0.14052,0.21723,-0.04243,-0.19445,-0.03762,0.20502,0,-0.15877,0.00183,0.00587,0.05402,0.17901,0.03275,0.10306,-0.54335,-0.41282,0.39635,0.07147,1.82676,-1.12647,-0.23875,-0.62164,0.46653,-0.23583,1.78663,-0.18063,0.00902,-0.00317,-0.11575,-0.52416,1.11128,0.6076,-0.0664,0.01472,0.01142
37.3,0.08541,0.03316,-0.00966,-0.48643,-0.02874,0.14885,0.23022,-0.03183,-0.14593,-0.05041,0.18274,0,-0.15386,0.00127,0.00502,0.09644,0.16925,0.0751,0.10167,-0.63638,-0.18279,0.16571,0.0751,2.40113,-1.45672,-0.31077,-0.56928,0.48777,-0.16908,1.68292,-0.15946,0.00786,-0.00292,-0.08132,-0.51381,1.08931,0.3861,-0.05426,0.02703,0.01721
37.32,0.09216,0.03363,0.00312,-0.49437,-0.04639,0.15497,0.23941,-0.01897,-0.09993,-0.06213,0.15321,0,-0.14029,0.00059,0.00353,0.12882,0.15958,0.1121,0.10075,-0.68952,0.0098,-0.01793,0.07677,2.81507,-1.70834,-0.36017,-0.50366,0.502,-0.10991,1.54123,-0.13604,0.00707,-0.00239,-0.05872,-0.48961,1.08105,0.18433,-0.03948,0.03785,0.02206
37.34,0.09721,0.03379,0.01627,-0.50183,-0.06312,0.1606,0.24401,-0.0054,-0.05909,-0.07186,0.1157,0,-0.1188,-0.00021,0.00151,0.14911,0.15292,0.14362,0.09953,-0.69493,0.15147,-0.13864,0.07448,3.02146,-1.85487,-0.3808,-0.42704,0.50798,-0.06524,1.36892,-0.11196,0.0065,-0.0017,-0.04833,-0.45111,1.08627,0.00502,-0.02268,0.04606,0.02544
37.36,0.10027,0.03349,0.02978,-0.50999,-0.07882,0.16739,0.24345,0.0074,-0.02487,-0.07887,0.06993,0,-0.09019,-0.00112,-0.00095,0.15635,0.15169,0.17044,0.09721,-0.65211,0.23803,-0.19208,0.06677,3.00609,-1.88617,-0.37132,-0.34207,0.50538,-0.03991,1.17395,-0.08845,0.00609,-0.00094,-0.04932,-0.39872,1.10116,-0.15109,-0.00491,0.05082,0.02696
37.38,0.10119,0.03251,0.04366,-0.51982,-0.09344,0.1768,0.23736,0.01798,0.0022,-0.08249,0.01635,0,-0.05544,-0.00216,-0.0038,0.15069,0.15771,0.19413,0.09296,-0.56869,0.2744,-0.18579,0.05282,2.79017,-1.80942,-0.33556,-0.25235,0.49487,-0.03664,0.96609,-0.06646,0.00585,-0.00013,-0.05958,-0.3341,1.11805,-0.28413,0.0122,0.05157,0.02641
37.4,0.09984,0.03057,0.05782,-0.53203,-0.10682,0.19003,0.22556,0.02487,0.02221,-0.08211,-0.04358,0,-0.01583,-0.00331,-0.00694,0.13315,0.17225,0.21665,0.08604,-0.45938,0.27274,-0.13712,0.03242,2.42531,-1.64652,-0.28183,-0.16283,0.47803,-0.05639,0.75784,-0.04684,0.00587,0.00074,-0.07592,-0.26035,1.12597,-0.39382,0.02641,0.04798,0.02373
37.42,0.09617,0.02741,0.07212,-0.54694,-0.1188,0.20787,0.20798,0.02673,0.03557,-0.07718,-0.10765,0,0.02711,-0.00454,-0.01026,0.10533,0.19598,0.23976,0.07583,-0.34165,0.24839,-0.06767,0.00592,1.97725,-1.42655,-0.22027,-0.07898,0.45689,-0.09871,0.56258,-0.03033,0.00628,0.00171,-0.09458,-0.1813,1.11301,-0.47954,0.03532,0.04001,0.01905
37.44,0.09016,0.0228,0.08643,-0.56436,-0.12927,0.23053,0.1846,0.02268,0.0429,-0.06729,-0.17345,0,0.07183,-0.00577,-0.01359,0.06896,0.22893,0.26423,0.06204,-0.22926,0.21458,0.00437,-0.026,1.50275,-1.17551,-0.15914,-0.00522,0.43335,-0.162,0.39089,-0.0173,0.00718,0.00282,-0.11202,-0.10031,1.06987,-0.54124,0.03705,0.02803,0.01264
37.46,0.08182,0.01664,0.10067,-0.58342,-0.13826,0.25738,0.15547,0.01249,0.04479,-0.05226,-0.23852,0,0.11681,-0.00689,-0.01661,0.02577,0.27029,0.28926,0.04487,-0.12829,0.17897,0.06912,-0.0623,1.03563,-0.91023,-0.1024,0.05599,0.40889,-0.24345,0.24863,-0.00775,0.00859,0.00407,-0.12534,-0.01972,0.99254,-0.57993,0.03076,0.01295,0.00504
37.48,0.0713,0.00902,0.11466,-0.60239,-0.14586,0.28674,0.12096,-0.00325,0.04185,-0.03226,-0.2999,0,0.16016,-0.00775,-0.01891,-0.02225,0.31811,0.31213,0.02514,-0.03682,0.143,0.12585,-0.1013,0.58643,-0.63861,-0.04956,0.10383,0.38464,-0.33849,0.13758,-0.00128,0.01042,0.00543,-0.13232,0.0587,0.88342,-0.59743,0.0168,-0.00362,-0.00294
37.5,0.05891,0.00021,0.12808,-0.61867,-0.15216,0.31586,0.08187,-0.0232,0.03459,-0.00793,-0.35374,0,0.19943,-0.0081,-0.01994,-0.07258,0.36911,0.32818,0.00437,0.05321,0.10294,0.18129,-0.14057,0.14861,-0.36264,0.00335,0.13856,0.36156,-0.4404,0.05684,0.00271,0.0125,0.00682,-0.13131,0.1331,0.75103,-0.59596,-0.00338,-0.01943,-0.01018
37.52,0.04502,-0.00939,0.14049,-0.6292,-0.15714,0.3415,0.03924,-0.04561,0.0236,0.01971,-0.384,0,0.2319,-0.00773,-0.01915,-0.12246,0.41903,0.33166,-0.01553,0.1523,0.0528,0.24526,-0.17729,-0.29193,-0.08201,0.06163,0.16108,0.34035,-0.54128,0.00385,0.00494,0.01462,0.00813,-0.12119,0.20152,0.60727,-0.5779,-0.02752,-0.03197,-0.01549
37.54,0.03002,-0.01936,0.15146,-0.63124,-0.16066,0.36095,-0.00602,-0.06887,0.00968,0.04935,-0.384,0,0.2553,-0.00651,-0.01623,-0.16933,0.46333,0.31694,-0.0328,0.26829,-0.0116,0.32468,-0.20897,-0.74531,0.20183,0.12912,0.1727,0.3212,-0.6336,-0.0251,0.00605,0.01654,0.00926,-0.10156,0.26223,0.463,-0.54582,-0.05312,-0.03919,-0.0179
37.56,0.01427,-0.02939,0.16069,-0.62283,-0.16236,0.37268,-0.05331,-0.09183,-0.00595,0.07934,-0.384,0,0.26827,-0.00447,-0.01125,-0.21114,0.49759,0.27951,-0.04606,0.40263,-0.08953,0.41916,-0.23388,-1.20822,0.48193,0.20609,0.17497,0.30371,-0.71105,-0.03441,0.00655,0.01812,0.01014,-0.07286,0.31376,0.3256,-0.50256,-0.07762,-0.03993,-0.01697
37.58,-0.00182,-0.03913,0.16793,-0.60298,-0.16167,0.37639,-0.10197,-0.11363,-0.02154,0.10745,-0.384,0,0.2703,-0.00183,-0.00477,-0.24597,0.51726,0.21644,-0.05436,0.54831,-0.174,0.51913,-0.25093,-1.65788,0.74269,0.28804,0.16962,0.28699,-0.76811,-0.02894,0.00672,0.01926,0.01073,-0.0366,0.35448,0.19939,-0.45158,-0.0983,-0.03406,-0.01275
37.6,-0.01767,-0.04818,0.17287,-0.57166,-0.15783,0.37279,-0.15096,-0.13361,-0.03479,0.13079,-0.384,0,0.26159,0.00103,0.00226,-0.27182,0.5176,0.12663,-0.05698,0.69011,-0.25218,0.60656,-0.25947,-2.05171,0.95935,0.3659,0.15843,0.26985,-0.79953,-0.01378,0.00668,0.01988,0.01102,0.00454,0.38233,0.08686,-0.3971,-0.1122,-0.02234,-0.00579
37.62,-0.03257,-0.05611,0.17524,-0.52949,-0.15005,0.36314,-0.19889,-0.15112,-0.04335,0.14609,-0.34439,0,0.24291,0.00364,0.00868,-0.2869,0.49463,0.01109,-0.05358,0.80887,-0.30889,0.66004,-0.25922,-2.33872,1.10399,0.42848,0.14309,0.25106,-0.80094,0.00627,0.00643,0.01996,0.011,0.04726,0.39523,-0.01059,-0.34347,-0.11665,-0.00614,0.00304
37.64,-0.04595,-0.06258,0.17482,-0.47753,-0.13777,0.34882,-0.24425,-0.16564,-0.04561,0.15047,-0.2806,0,0.21557,0.00562,0.01354,-0.29017,0.44673,-0.12664,-0.04438,0.88828,-0.33201,0.66271,-0.25039,-2.4785,1.15577,0.46651,0.125,0.22962,-0.77006,0.02723,0.00594,0.01947,0.01067,0.0884,0.39212,-0.09229,-0.29415,-0.11009,0.01294,0.01281
37.66,-0.05738,-0.06735,0.17159,-0.4172,-0.12093,0.33095,-0.28547,-0.17668,-0.04125,0.14186,-0.20292,0,0.18144,0.00677,0.01635,-0.28186,0.3759,-0.27973,-0.0303,0.91947,-0.31626,0.60772,-0.23381,-2.45425,1.10801,0.47533,0.1052,0.20501,-0.70782,0.04629,0.00522,0.01844,0.01005,0.12541,0.37362,-0.15792,-0.2511,-0.09273,0.03326,0.02267
37.68,-0.06657,-0.07033,0.16569,-0.35068,-0.1001,0.31051,-0.3206,-0.1837,-0.03141,0.1192,-0.11546,0,0.14324,0.00709,0.01712,-0.26361,0.28866,-0.43676,-0.01312,0.90177,-0.2642,0.49997,-0.21107,-2.27575,0.97011,0.45541,0.08451,0.17744,-0.619,0.06171,0.00433,0.01693,0.00918,0.15615,0.34232,-0.20672,-0.21503,-0.06679,0.05305,0.03179
37.7,-0.07322,-0.07144,0.15747,-0.28127,-0.07657,0.28838,-0.34707,-0.18603,-0.0185,0.08237,-0.02406,0,0.1046,0.00675,0.01626,-0.23826,0.19572,-0.58145,0.00456,0.84142,-0.1852,0.35486,-0.18446,-1.97589,0.76554,0.41166,0.06368,0.14796,-0.51208,0.07265,0.00341,0.01501,0.00811,0.17864,0.30262,-0.2372,-0.18575,-0.03635,0.07031,0.03933
37.72,-0.0771,-0.07068,0.14737,-0.21275,-0.05197,0.26537,-0.36214,-0.18301,-0.00555,0.03215,0.06462,0,0.06935,0.00599,0.01442,-0.20918,0.10952,-0.69597,0.01992,0.74845,-0.0921,0.19296,-0.15655,-1.59924,0.52446,0.35133,0.04336,0.1181,-0.3974,0.07894,0.00259,0.01282,0.00689,0.19118,0.25974,-0.24766,-0.1625,-0.00632,0.0831,0.04452
37.74,-0.07809,-0.06811,0.13578,-0.14839,-0.02784,0.242,-0.36375,-0.17424,0.00475,-0.02992,0.14499,0,0.04033,0.00507,0.01221,-0.17927,0.04016,-0.76649,0.03078,0.63237,0.00379,0.03217,-0.12943,-1.1859,0.27303,0.28128,0.02403,0.08933,-0.28426,0.08083,0.00199,0.01046,0.0056,0.19284,0.21825,-0.23746,-0.14403,0.0191,0.0901,0.04686
37.76,-0.0763,-0.06387,0.12304,-0.09034,-0.00529,0.21852,-0.35114,-0.15978,0.01072,-0.10134,0.21345,0,0.01874,0.00416,0.01008,-0.15036,-0.00713,-0.78684,0.03619,0.49974,0.09574,-0.11704,-0.10431,-0.76194,0.02708,0.20622,0.00602,0.06273,-0.17937,0.07893,0.0016,0.00805,0.00429,0.18372,0.18116,-0.20794,-0.12878,0.03741,0.09087,0.04627
37.78,-0.07206,-0.05824,0.10946,-0.04,0.01484,0.19508,-0.32504,-0.14028,0.01177,-0.17812,0.26813,0,0.00408,0.00336,0.00826,-0.12325,-0.03226,-0.75915,0.03653,0.35443,0.18168,-0.2518,-0.08159,-0.33999,-0.2078,0.12888,-0.01038,0.03914,-0.08719,0.07414,0.00135,0.00572,0.00303,0.1651,0.15006,-0.16288,-0.11501,0.0479,0.08601,0.04308
37.8,-0.06589,-0.05162,0.09545,0.00151,0.03184,0.17187,-0.28757,-0.11705,0.00827,-0.25451,0.30825,0,-0.00547,0.00271,0.00679,-0.09806,-0.0393,-0.69267,0.03328,0.1989,0.26295,-0.37481,-0.06116,0.0762,-0.43323,0.05075,-0.02478,0.01936,-0.01087,0.06756,0.00109,0.00363,0.00189,0.13931,0.12543,-0.10825,-0.101,0.05132,0.07693,0.03803
37.82,-0.05844,-0.04447,0.08144,0.03339,0.04513,0.14912,-0.24172,-0.09173,0.00119,-0.32396,0.33377,0,-0.01235,0.00218,0.00563,-0.07448,-0.03466,-0.60057,0.0285,0.03525,0.34243,-0.49124,-0.04257,0.48677,-0.65392,-0.02731,-0.0367,0.00403,0.04755,0.06029,0.00063,0.00193,0.00095,0.10922,0.10703,-0.05099,-0.08529,0.04932,0.06551,0.03203
37.84,-0.05028,-0.0372,0.06774,0.05541,0.05448,0.12692,-0.19045,-0.06589,-0.0083,-0.38085,0.34532,0,-0.01879,0.00174,0.00467,-0.05205,-0.02468,-0.49567,0.02402,-0.13367,0.42204,-0.60504,-0.0253,0.89054,-0.87294,-0.1044,-0.04578,-0.00654,0.08736,0.05299,-0.00014,0.00071,0.00027,0.07748,0.09415,0.00288,-0.06697,0.04374,0.05343,0.02588
37.86,-0.04186,-0.03007,0.05451,0.06815,0.06005,0.10521,-0.13641,-0.0408,-0.01909,-0.42148,0.34417,0,-0.0262,0.00137,0.00382,-0.03046,-0.01406,-0.38781,0.02097,-0.30305,0.50098,-0.71599,-0.00888,1.2801,-1.08766,-0.1789,-0.05178,-0.0126,0.10927,0.04571,-0.00128,-1e-05,-0.00015,0.04606,0.08583,0.04944,-0.04594,0.03614,0.04189,0.02012
37.88,-0.03355,-0.0233,0.04183,0.07285,0.06238,0.08389,-0.08215,-0.01754,-0.03014,-0.44399,0.33218,0,-0.03497,0.00105,0.00304,-0.00975,-0.0055,-0.28398,0.01967,-0.46444,0.57451,-0.81806,0.00686,1.63747,-1.2871,-0.24773,-0.0546,-0.01485,0.11519,0.03786,-0.0027,-0.00028,-0.00035,0.0164,0.08102,0.08678,-0.02311,0.02778,0.03153,0.01504
37.9,-0.02568,-0.01706,0.02982,0.07121,0.06228,0.06302,-0.03052,0.00277,-0.04041,-0.44787,0.31163,0,-0.04453,0.00077,0.00232,0.00958,4e-05,-0.18926,0.01971,-0.60527,0.63407,-0.89955,0.02177,1.93313,-1.45167,-0.30606,-0.05421,-0.01441,0.10787,0.02836,-0.0042,-0.00026,-0.00037,-0.01031,0.07863,0.11444,-0.00039,0.01962,0.02261,0.01071
37.92,-0.01856,-0.01148,0.01861,0.06511,0.06064,0.04279,0.01571,0.01915,-0.04901,-0.43355,0.28485,0,-0.05374,0.00052,0.00167,0.0268,0.00281,-0.10704,0.0203,-0.7117,0.66957,-0.94645,0.03541,2.13355,-1.55852,-0.34846,-0.05066,-0.01248,0.09039,0.01604,-0.00555,-0.0001,-0.00032,-0.03314,0.07765,0.13292,0.01983,0.01237,0.01512,0.00708
37.94,-0.01234,-0.00663,0.00829,0.05619,0.05818,0.02329,0.05462,0.03099,-0.05541,-0.40204,0.25365,0,-0.06157,0.00032,0.00112,0.04134,0.00357,-0.03891,0.02066,-0.77367,0.67329,-0.94814,0.04739,2.21421,-1.59039,-0.37085,-0.04418,-0.01007,0.06561,0.00022,-0.00653,6e-05,-0.00024,-0.05155,0.07718,0.14312,0.03562,0.00648,0.0089,0.00405
37.96,-0.00706,-0.00249,-0.00113,0.04568,0.05527,0.00455,0.08548,0.03823,-0.05962,-0.35486,0.21907,0,-0.06751,0.00017,0.00068,0.05311,0.00306,0.01528,0.02034,-0.78828,0.64257,-0.9013,0.05747,2.16855,-1.54182,-0.37193,-0.03524,-0.00779,0.03582,-0.01889,-0.00703,0.00014,-0.0002,-0.06537,0.07648,0.146,0.04607,0.00218,0.00379,0.00149
37.98,-0.00264,0.00105,-0.00964,0.03438,0.05192,-0.0134,0.10866,0.04136,-0.06218,-0.29433,0.18154,0,-0.07163,6e-05,0.00034,0.06242,0.0019,0.05693,0.01928,-0.7604,0.58062,-0.81119,0.0655,2.01031,-1.42086,-0.35339,-0.02463,-0.0058,0.00293,-0.03989,-0.00703,0.00011,-0.00018,-0.07474,0.07497,0.1424,0.05141,-0.00054,-0.00035,-0.00064
38,0.00107,0.00408,-0.01716,0.02278,0.04787,-0.03035,0.1252,0.04123,-0.06407,-0.22372,0.14118,0,-0.07444,-2e-05,0.0001,0.06986,0.00057,0.08813,0.01779,-0.70152,0.49597,-0.69079,0.07136,1.77096,-1.24755,-0.31956,-0.01348,-0.00388,-0.03133,-0.06029,-0.0066,1e-05,-0.00019,-0.07994,0.07224,0.13303,0.05271,-0.00179,-0.00358,-0.00236
38.02,0.00424,0.00674,-0.02356,0.01114,0.0427,-0.04598,0.1365,0.0389,-0.06644,-0.14679,0.09797,0,-0.07669,-7e-05,-7e-05,0.07612,-0.00055,0.11116,0.01634,-0.62638,0.39988,-0.55701,0.0749,1.49095,-1.04816,-0.27614,-0.00303,-0.0016,-0.06543,-0.0771,-0.00586,-7e-05,-0.00018,-0.08136,0.06803,0.11853,0.05154,-0.0018,-0.00591,-0.00364
38.04,0.00704,0.00911,-0.02879,-0.00037,0.03605,-0.06003,0.14388,0.03532,-0.07034,-0.06686,0.05174,0,-0.07908,-9e-05,-0.00017,0.08176,-0.00121,0.12823,0.01543,-0.54837,0.30257,-0.4251,0.07598,1.20699,-0.84673,-0.22853,0.00573,0.00142,-0.09813,-0.08792,-0.00494,-8e-05,-0.00012,-0.07947,0.06219,0.09953,0.04943,-0.00082,-0.00734,-0.00445
38.06,0.0096,0.01128,-0.03288,-0.0116,0.02782,-0.07235,0.14836,0.03114,-0.0765,0.01347,0.00246,0,-0.08202,-0.0001,-0.00022,0.08714,-0.00123,0.14114,0.01535,-0.47668,0.21098,-0.30528,0.07447,0.94435,-0.65998,-0.18081,0.01228,0.00533,-0.12847,-0.09158,-0.00394,3e-05,0,-0.07488,0.0547,0.07683,0.04752,0.00091,-0.00794,-0.00481
38.08,0.01202,0.01327,-0.03592,-0.0223,0.01825,-0.08284,0.15047,0.02677,-0.08518,0.09182,-0.04942,0,-0.08557,-0.0001,-0.00023,0.09226,-0.00054,0.15113,0.01621,-0.41604,0.12885,-0.20278,0.07024,0.71695,-0.49748,-0.1359,0.01653,0.00998,-0.15553,-0.08833,-0.00292,0.00025,0.00018,-0.06833,0.04569,0.05156,0.04647,0.00318,-0.00782,-0.00478
38.1,0.01434,0.01507,-0.03805,-0.03206,0.00794,-0.09134,0.15035,0.02233,-0.09622,0.1655,-0.10266,0,-0.08946,-9e-05,-0.00022,0.09679,0.00086,0.15879,0.01793,-0.36762,0.05771,-0.11917,0.06319,0.5301,-0.3635,-0.09589,0.01877,0.01493,-0.17822,-0.07957,-0.00194,0.00056,0.0004,-0.06071,0.03551,0.02533,0.04653,0.00574,-0.00713,-0.00442
38.12,0.01652,0.01661,-0.03943,-0.04037,-0.00233,-0.09767,0.14778,0.01783,-0.10911,0.23165,-0.15552,0,-0.09321,-8e-05,-0.0002,0.1002,0.00289,0.16421,0.02029,-0.33021,-0.00244,-0.05356,0.05326,0.38314,-0.2585,-0.06217,0.01947,0.01961,-0.19542,-0.06731,-0.00103,0.0009,0.00063,-0.05291,0.02466,-2e-05,0.04762,0.0084,-0.00604,-0.00382
38.14,0.01852,0.01782,-0.04017,-0.04681,-0.01184,-0.10175,0.14247,0.01322,-0.12323,0.28795,-0.20646,0,-0.09632,-7e-05,-0.00017,0.10195,0.00541,0.16725,0.023,-0.30142,-0.05246,-0.00376,0.04046,0.27192,-0.18025,-0.03534,0.01905,0.02354,-0.20637,-0.05338,-0.0002,0.00122,0.00084,-0.04563,0.01363,-0.02287,0.04947,0.01099,-0.00468,-0.00308
38.16,0.02028,0.01865,-0.04037,-0.05119,-0.02011,-0.10365,0.13422,0.00849,-0.13792,0.33287,-0.25439,0,-0.09839,-6e-05,-0.00014,0.10166,0.00825,0.16772,0.02574,-0.27864,-0.09357,0.0328,0.02492,0.19064,-0.12485,-0.01521,0.01774,0.02647,-0.21094,-0.03889,0.0006,0.00148,0.001,-0.03924,0.0029,-0.04197,0.05168,0.01341,-0.00319,-0.00227
38.18,0.02172,0.01908,-0.04012,-0.05349,-0.02686,-0.10363,0.12302,0.00376,-0.15235,0.3654,-0.2984,0,-0.09913,-4e-05,-0.00011,0.09911,0.01113,0.1654,0.02814,-0.25949,-0.1268,0.0585,0.00706,0.13313,-0.08742,-0.00097,0.01557,0.02842,-0.20955,-0.02429,0.00143,0.00164,0.00109,-0.03384,-0.007,-0.05641,0.05374,0.01561,-0.00164,-0.00143
38.2,0.02273,0.0191,-0.03945,-0.05383,-0.03195,-0.10201,0.10909,-0.00075,-0.16551,0.38466,-0.33741,0,-0.09836,-3e-05,-8e-05,0.09427,0.01373,0.16006,0.02978,-0.24196,-0.15275,0.07532,-0.01239,0.09354,-0.06272,0.00857,0.01238,0.0296,-0.20315,-0.00947,0.00238,0.00168,0.0011,-0.02929,-0.01545,-0.06544,0.05505,0.01756,-0.00013,-0.00062
38.22,0.0232,0.01871,-0.03838,-0.05241,-0.03534,-0.0992,0.09282,-0.00476,-0.17625,0.38995,-0.3702,0,-0.09594,-3e-05,-6e-05,0.08718,0.01562,0.15147,0.03025,-0.22432,-0.17177,0.08498,-0.03247,0.06626,-0.04536,0.0148,0.00798,0.03031,-0.19289,0.00584,0.00353,0.00159,0.00102,-0.02533,-0.02182,-0.06857,0.055,0.01924,0.00129,0.00011
38.24,0.02305,0.01794,-0.0369,-0.04948,-0.0371,-0.09552,0.07471,-0.00804,-0.18351,0.38103,-0.384,0,-0.09177,-2e-05,-4e-05,0.07791,0.01636,0.13942,0.02922,-0.2049,-0.1845,0.08949,-0.05222,0.04546,-0.02991,0.01912,0.00239,0.0308,-0.17989,0.02175,0.00498,0.00132,0.00082,-0.02166,-0.0257,-0.06574,0.05317,0.02063,0.00255,0.00075
38.26,0.02229,0.01682,-0.03504,-0.0453,-0.03743,-0.09119,0.0553,-0.01053,-0.1865,0.3584,-0.384,0,-0.08579,-1e-05,-3e-05,0.06653,0.0155,0.12387,0.02652,-0.18191,-0.19219,0.09151,-0.07081,0.02473,-0.01095,0.02278,-0.00407,0.03117,-0.16501,0.03782,0.00682,0.00084,0.00048,-0.01805,-0.02698,-0.05755,0.04943,0.02172,0.00363,0.00126
38.28,0.02098,0.01542,-0.03281,-0.04022,-0.03664,-0.0863,0.0354,-0.0123,-0.18462,0.32353,-0.384,0,-0.07802,0,-2e-05,0.05318,0.01257,0.10499,0.02221,-0.15365,-0.19671,0.09441,-0.08743,-0.00283,0.01678,0.02688,-0.01061,0.03132,-0.14898,0.05288,0.00908,9e-05,-2e-05,-0.01433,-0.02593,-0.04532,0.04404,0.02245,0.00449,0.00164
38.3,0.01928,0.01385,-0.03029,-0.0346,-0.03511,-0.08092,0.01612,-0.01351,-0.17749,0.27884,-0.384,0,-0.06856,1e-05,-1e-05,0.03819,0.00713,0.08332,0.01652,-0.11861,-0.20046,0.10217,-0.10112,-0.04444,0.05822,0.03232,-0.01606,0.03099,-0.13246,0.06505,0.01178,-0.00097,-0.00071,-0.01047,-0.0231,-0.03104,0.03757,0.02277,0.00509,0.00188
38.32,0.01739,0.01222,-0.02753,-0.02886,-0.03327,-0.07505,-0.00136,-0.01441,-0.16495,0.2273,-0.384,0,-0.05762,3e-05,-1e-05,0.02196,-0.00129,0.05964,0.00989,-0.07535,-0.20612,0.1191,-0.11095,-0.10742,0.11798,0.03993,-0.01907,0.02986,-0.11601,0.0721,0.01487,-0.0024,-0.00161,-0.00649,-0.0192,-0.01703,0.03078,0.0226,0.00541,0.00199
38.34,0.01548,0.01064,-0.0246,-0.02332,-0.03148,-0.06868,-0.01611,-0.01525,-0.1471,0.1718,-0.384,0,-0.04544,5e-05,-1e-05,0.005,-0.01323,0.03477,0.00288,-0.02232,-0.21646,0.1494,-0.11625,-0.19896,0.20027,0.05058,-0.0185,0.02762,-0.10004,0.07223,0.0182,-0.00419,-0.00271,-0.00242,-0.01495,-0.00538,0.02437,0.02185,0.00544,0.00197
38.36,0.01367,0.00916,-0.02154,-0.01821,-0.03,-0.06178,-0.02775,-0.01628,-0.12443,0.11486,-0.37237,0,-0.03228,7e-05,-1e-05,-0.01214,-0.02919,0.0096,-0.00377,0.0421,-0.23412,0.19673,-0.11683,-0.32562,0.30856,0.06528,-0.01374,0.02413,-0.08472,0.06452,0.02156,-0.00628,-0.00397,0.00172,-0.01093,0.00235,0.01883,0.02049,0.0052,0.00184
38.38,0.01207,0.00779,-0.01838,-0.01366,-0.02897,-0.0544,-0.03638,-0.01769,-0.09801,0.05902,-0.33905,0,-0.01856,0.0001,-0,-0.02873,-0.04961,-0.01482,-0.00913,0.11919,-0.26145,0.26383,-0.11297,-0.49238,0.4448,0.08511,-0.00475,0.01942,-0.07015,0.04912,0.02459,-0.0085,-0.00529,0.00595,-0.00766,0.00522,0.01445,0.0185,0.00476,0.00165
38.4,0.01071,0.00653,-0.01516,-0.00975,-0.02847,-0.04669,-0.04247,-0.01965,-0.06953,0.00718,-0.29976,0,-0.0049,0.00014,1e-05,-0.04372,-0.07465,-0.03707,-0.01209,0.20927,-0.30029,0.35206,-0.10539,-0.70147,0.60851,0.11099,0.00791,0.01374,-0.05645,0.02719,0.0268,-0.01061,-0.00652,0.01026,-0.00554,0.00272,0.01137,0.01592,0.00419,0.00145
38.42,0.00965,0.00536,-0.01195,-0.00656,-0.02848,-0.03883,-0.04663,-0.02227,-0.04107,-0.03776,-0.25655,-0,0.00796,0.00017,2e-05,-0.05598,-0.10408,-0.05563,-0.01158,0.31127,-0.35135,0.4608,-0.09508,-0.95099,0.79627,0.14336,0.02332,0.00745,-0.04384,0.00055,0.02747,-0.01223,-0.00744,0.01463,-0.00489,-0.00521,0.00961,0.01279,0.00362,0.00127
38.44,0.00888,0.00426,-0.00877,-0.00417,-0.02899,-0.03101,-0.04948,-0.02556,-0.0145,-0.0737,-0.21138,-0,0.01931,0.0002,4e-05,-0.06454,-0.13703,-0.06927,-0.00706,0.42225,-0.41347,0.58668,-0.0831,-1.23344,1.00125,0.18165,0.04041,0.00096,-0.03256,-0.02874,0.0257,-0.01288,-0.00776,0.01906,-0.00583,-0.01827,0.00904,0.00921,0.00314,0.00118
38.46,0.00841,0.00321,-0.00565,-0.00263,-0.02997,-0.02331,-0.05153,-0.02943,0.00878,-0.09975,-0.16591,-0,0.0286,0.00023,8e-05,-0.06885,-0.17181,-0.07736,0.00125,0.53679,-0.48284,0.72264,-0.07051,-1.53356,1.21219,0.22389,0.05808,-0.00534,-0.02296,-0.05867,0.02033,-0.01196,-0.00711,0.02359,-0.00826,-0.03576,0.00941,0.00524,0.0028,0.00121
38.48,0.00819,0.00221,-0.00261,-0.00205,-0.03138,-0.0158,-0.05309,-0.03364,0.02768,-0.11612,-0.12184,-0,0.03538,0.00025,0.00012,-0.06876,-0.20555,-0.07983,0.01215,0.64582,-0.55224,0.85663,-0.05839,-1.8256,1.41154,0.26619,0.07513,-0.01103,-0.01552,-0.08702,0.01001,-0.00876,-0.00505,0.02827,-0.01181,-0.05642,0.01036,0.00101,0.00265,0.00135
38.5,0.00817,0.00126,0.0003,-0.00253,-0.03318,-0.00859,-0.05427,-0.03781,0.04133,-0.12382,-0.08114,-0,0.03922,0.00024,0.00017,-0.06444,-0.23419,-0.07706,0.02365,0.73662,-0.61121,0.97162,-0.04796,-2.07316,1.57524,0.30281,0.09017,-0.01563,-0.01092,-0.11131,-0.00676,-0.00247,-0.00108,0.0331,-0.01586,-0.07843,0.01138,-0.0033,0.0027,0.0016
38.52,0.00831,0.00038,0.00304,-0.00418,-0.03531,-0.0018,-0.05506,-0.04148,0.04904,-0.12431,-0.04581,-0,0.03972,0.0002,0.00023,-0.0563,-0.25332,-0.06974,0.03335,0.79547,-0.64837,1.04921,-0.04038,-2.23702,1.67773,0.32747,0.1018,-0.01867,-0.00983,-0.1291,-0.03157,0.00776,0.00533,0.03803,-0.01965,-0.0996,0.01195,-0.00747,0.00294,0.00195
38.54,0.00853,-0.00041,0.00555,-0.00702,-0.03771,0.00447,-0.05541,-0.04431,0.05059,-0.11922,-0.01722,-0,0.03665,0.00011,0.00029,-0.04494,-0.25968,-0.05872,0.03929,0.81235,-0.65512,1.07565,-0.03649,-2.28812,1.70045,0.33541,0.10905,-0.01983,-0.01259,-0.13867,-0.06599,0.02274,0.01469,0.04298,-0.02249,-0.11783,0.01162,-0.01127,0.00334,0.00237
38.56,0.00878,-0.00109,0.00778,-0.01091,-0.04028,0.01014,-0.05523,-0.0461,0.04633,-0.11013,0.00421,0,0.03001,-4e-05,0.00036,-0.03111,-0.25214,-0.04498,0.04044,0.78409,-0.6283,1.04605,-0.03659,-2.21661,1.6378,0.32487,0.11159,-0.01902,-0.01894,-0.13947,-0.11133,0.04313,0.0274,0.04775,-0.02379,-0.13134,0.01009,-0.01452,0.00386,0.00282
38.58,0.00899,-0.00167,0.0097,-0.01555,-0.04292,0.01515,-0.05448,-0.04688,0.03726,-0.09861,0.01891,0,0.02011,-0.00027,0.00042,-0.0158,-0.23196,-0.0297,0.03676,0.7153,-0.57095,0.96548,-0.04045,-2.03432,1.49886,0.29748,0.10979,-0.01642,-0.0279,-0.13219,-0.16831,0.06923,0.04363,0.05209,-0.02314,-0.1386,0.00725,-0.01701,0.00445,0.00326
38.6,0.00911,-0.00214,0.01123,-0.02044,-0.04544,0.01939,-0.05314,-0.04682,0.02498,-0.08621,0.02794,0,0.00756,-0.00059,0.00046,-0.00032,-0.20254,-0.01427,0.02915,0.61754,-0.4917,0.84783,-0.04733,-1.77232,1.30584,0.25789,0.1046,-0.01245,-0.03788,-0.11858,-0.23661,0.10085,0.06325,0.05557,-0.02028,-0.13824,0.00315,-0.01852,0.00505,0.00365
38.62,0.00906,-0.0025,0.01231,-0.02499,-0.04762,0.0227,-0.05122,-0.04617,0.01135,-0.07441,0.03265,0,-0.00679,-0.00102,0.00046,0.01394,-0.16835,-0.00015,0.01905,0.50596,-0.40204,0.71154,-0.05619,-1.47165,1.08753,0.21232,0.09723,-0.00767,-0.04688,-0.10101,-0.31421,0.13702,0.08565,0.05775,-0.01512,-0.12921,-0.00209,-0.0188,0.00556,0.00392
38.64,0.0088,-0.00275,0.01287,-0.02859,-0.04919,0.02499,-0.04885,-0.04516,-0.00188,-0.06437,0.03446,0,-0.022,-0.00157,0.00041,0.02585,-0.13335,0.0115,0.00794,0.39441,-0.31241,0.57336,-0.06592,-1.16967,0.86983,0.16655,0.0888,-0.00269,-0.05301,-0.08174,-0.39677,0.17571,0.10952,0.05827,-0.00785,-0.11096,-0.00838,-0.01758,0.00586,0.00399
38.66,0.00829,-0.00292,0.01288,-0.03078,-0.04988,0.0262,-0.04626,-0.04394,-0.01336,-0.05682,0.03463,0,-0.03708,-0.00222,0.00028,0.03473,-0.10008,0.02005,-0.0029,0.29254,-0.22982,0.44461,-0.07552,-0.89194,0.66997,0.1246,0.08006,0.00194,-0.0547,-0.0626,-0.47674,0.21352,0.13272,0.057,0.00104,-0.08382,-0.01578,-0.01462,0.0058,0.00378
38.68,0.0075,-0.003,0.01237,-0.03114,-0.04942,0.02634,-0.04386,-0.04259,-0.02207,-0.05214,0.03424,0,-0.05089,-0.00297,4e-05,0.04038,-0.06968,0.02533,-0.01244,0.20583,-0.15788,0.33117,-0.08401,-0.65212,0.49656,0.08877,0.07139,0.00567,-0.05083,-0.04497,-0.5426,0.24527,0.152,0.05405,0.01062,-0.04916,-0.02443,-0.00967,0.00523,0.00318
38.7,0.00646,-0.00304,0.01135,-0.02937,-0.04746,0.02549,-0.04222,-0.04111,-0.02725,-0.05042,0.03413,0,-0.06203,-0.00375,-0.00033,0.04291,-0.04222,0.0276,-0.01979,0.13656,-0.09764,0.23485,-0.09044,-0.455,0.35182,0.06006,0.06291,0.00795,-0.04057,-0.02997,-0.5792,0.26419,0.16309,0.04974,0.01958,-0.00947,-0.03448,-0.00253,0.00394,0.0021
38.72,0.00519,-0.00305,0.00989,-0.02515,-0.04368,0.02375,-0.04205,-0.03948,-0.02841,-0.05157,0.03492,0,-0.06896,-0.00451,-0.00088,0.04259,-0.01718,0.02735,-0.0243,0.08475,-0.04836,0.15453,-0.09401,-0.29932,0.2339,0.0385,0.05457,0.00819,-0.02326,-0.01859,-0.57171,0.26364,0.16184,0.04465,0.02628,0.03206,-0.04615,0.00696,0.0017,0.00041
38.74,0.0037,-0.00305,0.00803,-0.01815,-0.03772,0.02129,-0.04411,-0.03767,-0.02538,-0.05537,0.03691,0,-0.07015,-0.00512,-0.00163,0.0397,0.0061,0.02528,-0.02565,0.04875,-0.00819,0.08725,-0.09433,-0.18026,0.13925,0.02342,0.0462,0.00577,0.0018,-0.01163,-0.51167,0.23987,0.14591,0.03957,0.02913,0.07232,-0.05971,0.01898,-0.00173,-0.00202
38.76,0.00201,-0.00307,0.00582,-0.00803,-0.02929,0.01838,-0.04919,-0.03574,-0.0184,-0.06155,0.04008,0,-0.0643,-0.00543,-0.00258,0.03445,0.02804,0.02217,-0.02402,0.02575,0.02527,0.02909,-0.09159,-0.09158,0.06439,0.01365,0.03769,9e-05,0.03545,-0.00982,-0.4016,0.19404,0.11608,0.03552,0.02672,0.10866,-0.07548,0.03369,-0.00663,-0.00534
38.78,0.00017,-0.0031,0.00332,0.00553,-0.0182,0.01538,-0.05806,-0.03381,-0.00817,-0.06974,0.04403,0,-0.05033,-0.00524,-0.00375,0.02693,0.04854,0.01897,-0.02005,0.01222,0.05457,-0.02412,-0.08666,-0.02687,0.00711,0.00771,0.02898,-0.0094,0.07839,-0.0138,-0.25685,0.13305,0.07676,0.03375,0.01789,0.13868,-0.09371,0.0511,-0.01322,-0.00968
38.8,-0.00177,-0.00318,0.00061,0.02273,-0.0044,0.01279,-0.0714,-0.03211,0.00415,-0.07947,0.04802,0,-0.02741,-0.00429,-0.0051,0.01718,0.06682,0.01672,-0.01486,0.00412,0.08206,-0.07626,-0.08096,0.01964,-0.03307,0.00388,0.02017,-0.02318,0.13101,-0.02417,-0.10422,0.06889,0.03558,0.03579,0.00176,0.16003,-0.11437,0.07099,-0.02168,-0.0151
38.82,-0.00377,-0.0033,-0.00223,0.04362,0.01206,0.01114,-0.08977,-0.03085,0.01718,-0.09022,0.05115,0,0.00524,-0.00226,-0.00657,0.00531,0.08137,0.01662,-0.00976,-0.0027,0.10968,-0.1307,-0.07608,0.05306,-0.05532,0.00032,0.01153,-0.04164,0.1932,-0.04157,0.02563,0.01518,0.0012,0.04308,-0.02208,0.17079,-0.13691,0.09275,-0.03206,-0.02161
38.84,-0.00578,-0.00351,-0.00514,0.06807,0.03109,0.01094,-0.11355,-0.0302,0.02958,-0.10161,0.05266,0,0.04859,0.00118,-0.00804,-0.00846,0.09006,0.01995,-0.00599,-0.01219,0.13884,-0.1902,-0.07318,0.07828,-0.05856,-0.00481,0.00342,-0.06506,0.26436,-0.06663,0.10969,-0.01809,-0.01994,0.05659,-0.05332,0.17017,-0.15986,0.11534,-0.04425,-0.0291
38.86,-0.00779,-0.00389,-0.0081,0.09569,0.0526,0.0126,-0.14276,-0.0302,0.04026,-0.11344,0.05207,0,0.10376,0.00639,-0.00932,-0.02363,0.09014,0.02803,-0.00452,-0.02778,0.17022,-0.25665,-0.07259,0.1002,-0.04221,-0.01327,-0.00372,-0.09347,0.3431,-0.09991,0.14034,-0.02799,-0.02589,0.07643,-0.09059,0.15904,-0.1805,0.13711,-0.05788,-0.0373
38.88,-0.00982,-0.00455,-0.01112,0.12557,0.07631,0.01639,-0.17684,-0.03073,0.04835,-0.1256,0.04931,0,0.17167,0.01373,-0.01015,-0.03935,0.07825,0.04217,-0.00599,-0.05228,0.20349,-0.33055,-0.07374,0.1237,-0.00647,-0.02669,-0.00926,-0.12649,0.42656,-0.14167,0.12699,-0.0195,-0.01963,0.10165,-0.13113,0.14012,-0.19465,0.15561,-0.07224,-0.0457
38.9,-0.0119,-0.00561,-0.01422,0.15622,0.10165,0.02245,-0.21455,-0.03153,0.05304,-0.13807,0.04457,0,0.25265,0.02344,-0.01017,-0.05424,0.05035,0.06351,-0.01079,-0.08774,0.23717,-0.41063,-0.07525,0.15328,0.04774,-0.04647,-0.01243,-0.16315,0.51016,-0.19163,0.09346,-0.00427,-0.00837,0.13024,-0.17077,0.11772,-0.1968,0.16762,-0.08616,-0.05354
38.92,-0.01403,-0.00721,-0.01741,0.18592,0.12781,0.03074,-0.25413,-0.03226,0.0534,-0.15098,0.03809,0,0.34645,0.03565,-0.00893,-0.06652,0.00161,0.09259,-0.0193,-0.13548,0.26884,-0.49421,-0.07532,0.19274,0.11918,-0.07378,-0.01243,-0.20213,0.58844,-0.24897,0.06978,0.00326,-0.0011,0.15972,-0.20468,0.09652,-0.18144,0.16988,-0.09829,-0.0599
38.94,-0.01621,-0.00947,-0.02068,0.21345,0.15401,0.04096,-0.29387,-0.03252,0.04819,-0.16484,0.02983,0,0.4524,0.05023,-0.00587,-0.07419,-0.07363,0.12874,-0.03217,-0.1961,0.29569,-0.57809,-0.07233,0.24472,0.20679,-0.10949,-0.00874,-0.24219,0.65685,-0.31249,0.08062,-0.00851,-0.00512,0.188,-0.2288,0.07983,-0.14513,0.16023,-0.10731,-0.06402
38.96,-0.01843,-0.01246,-0.02406,0.23844,0.17957,0.05255,-0.33225,-0.03189,0.03575,-0.18069,0.01921,0,0.56919,0.06667,-0.00036,-0.07507,-0.1816,0.16947,-0.05043,-0.2693,0.31479,-0.6588,-0.06517,0.31016,0.30975,-0.154,-0.00129,-0.28237,0.71269,-0.38046,0.13718,-0.04446,-0.02362,0.2139,-0.24069,0.06837,-0.08805,0.13856,-0.11224,-0.06535
38.98,-0.02063,-0.01614,-0.02754,0.26128,0.20368,0.06449,-0.36771,-0.02996,0.01404,-0.19998,0.00513,0,0.6939,0.08394,0.00827,-0.06687,-0.32836,0.21005,-0.07547,-0.35331,0.32298,-0.7321,-0.05345,0.38776,0.42676,-0.20692,0.0094,-0.32167,0.7549,-0.45007,0.23476,-0.10151,-0.05495,0.23711,-0.23962,0.06011,-0.01482,0.10711,-0.11237,-0.06363
39,-0.02271,-0.02041,-0.03104,0.28289,0.22531,0.07536,-0.39838,-0.02629,-0.01926,-0.22438,-0.01388,0,0.82137,0.10035,0.02066,-0.047,-0.51878,0.24335,-0.10883,-0.44448,0.3167,-0.79241,-0.0375,0.47278,0.55578,-0.26664,0.02231,-0.35886,0.78352,-0.51723,0.35444,-0.16938,-0.09315,0.25789,-0.22629,0.05068,0.06572,0.07029,-0.10721,-0.05885
39.02,-0.02454,-0.02511,-0.03449,0.30449,0.24328,0.08345,-0.42228,-0.02045,-0.0666,-0.25559,-0.03973,0,0.94458,0.1133,0.03719,-0.01203,-0.75522,0.2604,-0.152,-0.53769,0.29219,-0.83311,-0.01857,0.55386,0.69586,-0.3299,0.03629,-0.39263,0.79937,-0.57749,0.47006,-0.23415,-0.12998,0.27682,-0.20227,0.03462,0.14236,0.03352,-0.09659,-0.05118
39.04,-0.02601,-0.03004,-0.03786,0.32746,0.25659,0.08715,-0.43772,-0.01195,-0.13032,-0.295,-0.07466,0,1.05587,0.11907,0.05768,0.04294,-1.03595,0.25129,-0.20614,-0.62728,0.24574,-0.84735,0.0011,0.60896,0.8502,-0.39138,0.05065,-0.42203,0.8039,-0.62789,0.55857,-0.28352,-0.15815,0.29453,-0.1693,0.00719,0.20463,0.00144,-0.08061,-0.04096
39.06,-0.02708,-0.03506,-0.04119,0.35309,0.26459,0.08513,-0.44355,-0.00027,-0.21228,-0.34334,-0.12113,0,1.14746,0.11266,0.08111,0.12459,-1.35304,0.206,-0.27169,-0.7073,0.17418,-0.82872,0.01805,0.6023,1.02767,-0.44316,0.06551,-0.44669,0.79914,-0.66794,0.60692,-0.3103,-0.17334,0.31145,-0.12896,-0.03438,0.24464,-0.02324,-0.05989,-0.02864
39.08,-0.02772,-0.03998,-0.04455,0.38243,0.26693,0.07645,-0.43921,0.01502,-0.3132,-0.40024,-0.18145,0,1.21075,0.08779,0.10537,0.24089,-1.68954,0.11474,-0.34784,-0.771,0.07543,-0.77133,0.02741,0.48321,1.24209,-0.47419,0.08179,-0.46673,0.78769,-0.69963,0.61332,-0.31304,-0.1746,0.32769,-0.08283,-0.0902,0.2572,-0.0398,-0.03561,-0.01494
39.1,-0.02797,-0.04458,-0.04808,0.41605,0.26351,0.06049,-0.42453,0.03424,-0.43218,-0.46405,-0.25744,0,1.23582,0.03695,0.1271,0.4003,-2.01773,-0.03168,-0.4321,-0.81058,-0.05103,-0.67018,0.02308,0.19057,1.50962,-0.47067,0.10101,-0.48247,0.7726,-0.72681,0.58564,-0.2952,-0.16386,0.34288,-0.03276,-0.15785,0.23938,-0.0491,-0.00969,-0.00086
39.12,-0.02784,-0.04862,-0.05187,0.45413,0.25432,0.03695,-0.39966,0.0575,-0.56708,-0.53228,-0.35014,0,1.2123,-0.04817,0.14173,0.61077,-2.30074,-0.24143,-0.52042,-0.81863,-0.20389,-0.522,-0.00118,-0.32983,1.8441,-0.41933,0.12493,-0.49431,0.75691,-0.75424,0.53734,-0.26308,-0.14478,0.3564,0.01912,-0.23373,0.19006,-0.053,0.01566,0.0125
39.14,-0.02735,-0.05185,-0.05604,0.49667,0.23944,0.00585,-0.36483,0.0848,-0.71523,-0.60239,-0.384,0,1.13128,-0.17602,0.14361,0.87838,-2.49668,-0.52091,-0.6077,-0.79074,-0.37995,-0.32683,-0.05,-1.09945,2.25068,-0.31258,0.15508,-0.50273,0.74306,-0.7865,0.4819,-0.22311,-0.12106,0.36772,0.07067,-0.31506,0.10975,-0.05352,0.0385,0.02417
39.16,-0.02643,-0.0541,-0.06067,0.54344,0.21898,-0.03237,-0.32042,0.11585,-0.87349,-0.67219,-0.384,0,0.98698,-0.3542,0.12617,1.20534,-2.56096,-0.87317,-0.68778,-0.72754,-0.57336,-0.0898,-0.12493,-2.08594,2.72002,-0.15249,0.19238,-0.5082,0.73247,-0.82705,0.42924,-0.18011,-0.09554,0.37661,0.11968,-0.40109,0.00077,-0.05235,0.05744,0.03354
39.18,-0.02498,-0.05523,-0.06579,0.59362,0.19331,-0.07655,-0.26729,0.14986,-1.03709,-0.73933,-0.384,0,0.77811,-0.5881,0.08196,1.58736,-2.44568,-1.29516,-0.75284,-0.6355,-0.77405,0.17678,-0.22364,-3.19078,3.22331,0.04709,0.23674,-0.51116,0.7255,-0.87771,0.38521,-0.13716,-0.07007,0.38313,0.16351,-0.49272,-0.13194,-0.05072,0.07167,0.04028
39.2,-0.02289,-0.05511,-0.0713,0.64564,0.16309,-0.12464,-0.20696,0.1854,-1.1988,-0.80095,-0.384,0,0.50808,-0.87937,0.00282,2.01177,-2.1021,-1.77547,-0.7932,-0.52654,-0.96708,0.45291,-0.33992,-4.25315,3.71225,0.26119,0.28691,-0.51191,0.72172,-0.93854,0.35223,-0.09604,-0.04574,0.38749,0.19888,-0.5916,-0.28054,-0.04939,0.08071,0.04427
39.22,-0.01997,-0.05365,-0.07707,0.69744,0.12917,-0.17411,-0.14133,0.22064,-1.35019,-0.85404,-0.384,0,0.18274,-1.22474,-0.11996,2.45933,-1.49323,-2.2949,-0.79924,-0.41507,-1.13546,0.71538,-0.46551,-5.08892,4.13105,0.45986,0.34083,-0.51061,0.72035,-1.00815,0.33028,-0.05755,-0.02313,0.38996,0.22263,-0.69886,-0.43568,-0.04875,0.08435,0.04552
39.24,-0.01609,-0.05084,-0.0829,0.74729,0.0923,-0.22266,-0.07204,0.25391,-1.4842,-0.8964,-0.384,0,-0.19331,-1.61485,-0.29519,2.90813,-0.61343,-2.82874,-0.7645,-0.3134,-1.26521,0.94518,-0.59304,-5.5525,4.43625,0.61783,0.39632,-0.50722,0.72084,-1.08438,0.3179,-0.02195,-0.00246,0.39066,0.233,-0.81382,-0.58902,-0.04892,0.08272,0.04418
39.26,-0.01111,-0.04674,-0.08862,0.79412,0.05311,-0.26857,-0.00031,0.28392,-1.59655,-0.92717,-0.384,0,-0.61787,-2.03193,-0.53085,3.33473,0.49437,-3.34644,-0.68811,-0.22903,-1.34853,1.13206,-0.71762,-5.57845,4.60952,0.72072,0.45131,-0.5015,0.72335,-1.16451,0.313,0.01076,0.01623,0.3895,0.23059,-0.93257,-0.73446,-0.04979,0.07628,0.04054
39.28,-0.00497,-0.04158,-0.09397,0.83724,0.01238,-0.31041,0.0726,0.30961,-1.68517,-0.9467,-0.384,0,-1.08847,-2.44622,-0.83226,3.7112,1.72647,-3.8075,-0.57584,-0.16455,-1.38377,1.27406,-0.8363,-5.19069,4.65933,0.76564,0.50349,-0.49307,0.72877,-1.24469,0.31309,0.04046,0.03287,0.38617,0.21859,-1.04677,-0.86732,-0.05108,0.06585,0.03503
39.3,0.00229,-0.03572,-0.09862,0.87601,-0.02877,-0.34674,0.14493,0.32994,-1.74914,-0.95615,-0.384,0,-1.59928,-2.81476,-1.20064,4.00307,2.92121,-4.16027,-0.4398,-0.11877,-1.37418,1.37521,-0.94699,-4.49113,4.61605,0.75925,0.55006,-0.48147,0.73865,-1.31961,0.31541,0.0667,0.04722,0.38008,0.20231,-1.14352,-0.98325,-0.05231,0.05264,0.02822
39.32,0.01056,-0.02962,-0.10224,0.90987,-0.06897,-0.37617,0.21457,0.34391,-1.78829,-0.95705,-0.384,0,-2.14111,-3.08857,-1.63337,4.17438,3.89765,-4.35221,-0.29581,-0.08822,-1.32604,1.44273,-1.04787,-3.62374,4.52043,0.71382,0.58803,-0.4663,0.7546,-1.38343,0.31729,0.0888,0.05895,0.37048,0.18786,-1.2083,-1.07812,-0.05294,0.03802,0.02077
39.34,0.01972,-0.02364,-0.10459,0.93871,-0.10713,-0.39779,0.27974,0.3509,-1.80333,-0.9508,-0.384,0,-2.70308,-3.22515,-2.12523,4.19732,4.51729,-4.3478,-0.15926,-0.06879,-1.24656,1.48397,-1.13725,-2.72396,4.4081,0.64248,0.61515,-0.44742,0.77758,-1.43151,0.31654,0.10615,0.06779,0.35646,0.18006,-1.22981,-1.14885,-0.05247,0.02328,0.01326
39.36,0.02965,-0.01806,-0.10561,0.96299,-0.14256,-0.41135,0.33922,0.35075,-1.79582,-0.93842,-0.384,0,-3.27196,-3.19705,-2.66743,4.05919,4.72517,-4.1414,-0.04273,-0.05693,-1.14284,1.5043,-1.21319,-1.88732,4.29945,0.55615,0.63038,-0.42521,0.80726,-1.46152,0.31179,0.11845,0.07363,0.33708,0.18109,-1.20337,-1.19369,-0.05057,0.00942,0.00618
39.38,0.04016,-0.01305,-0.10545,0.98356,-0.17477,-0.4172,0.39196,0.34388,-1.76825,-0.92051,-0.384,0,-3.82766,-2.99361,-3.2435,3.76467,4.55773,-3.76142,0.04364,-0.05005,-1.02225,1.5063,-1.27275,-1.16758,4.19776,0.46336,0.63392,-0.40075,0.84163,-1.47343,0.30256,0.12557,0.0765,0.31149,0.19016,-1.13182,-1.21189,-0.04712,-0.00274,-8e-05
39.4,0.05092,-0.00874,-0.10441,1.00148,-0.20317,-0.41609,0.4366,0.33113,-1.72383,-0.89739,-0.384,0,-4.34019,-2.61962,-3.82652,3.33432,4.12952,-3.26749,0.09129,-0.04658,-0.89292,1.48971,-1.31152,-0.58597,4.09148,0.37093,0.62691,-0.37584,0.87706,-1.46902,0.28924,0.12748,0.0765,0.27906,0.20382,-1.02474,-1.20323,-0.04215,-0.01245,-0.00515
39.42,0.06152,-0.0052,-0.10286,1.0177,-0.22716,-0.40892,0.47172,0.31357,-1.66602,-0.86922,-0.384,0,-4.77409,-2.09181,-4.38364,2.79721,3.59552,-2.73689,0.09368,-0.04578,-0.76287,1.45179,-1.32412,-0.14018,3.9596,0.28426,0.61109,-0.35255,0.90909,-1.45127,0.27282,0.12416,0.07372,0.23937,0.2173,-0.89529,-1.16779,-0.0358,-0.01909,-0.0087
39.44,0.0716,-0.00245,-0.10119,1.03296,-0.24633,-0.39653,0.49633,0.29217,-1.59788,-0.83617,-0.384,0,-4.974,-1.43428,-4.88511,2.18013,3.09825,-2.24424,0.04747,-0.04731,-0.63833,1.38814,-1.30532,0.18701,3.77888,0.20725,0.58835,-0.3324,0.93375,-1.42359,0.25455,0.11555,0.06825,0.19206,0.22627,-0.7557,-1.10604,-0.02806,-0.02229,-0.01056
39.46,0.08088,-0.00044,-0.09967,1.04756,-0.26057,-0.37953,0.5103,0.26773,-1.52184,-0.79861,-0.384,0,-4.974,-0.678,-5.30897,1.50265,2.73348,-1.84933,-0.0462,-0.05099,-0.52298,1.29357,-1.25108,0.42109,3.52958,0.14258,0.56054,-0.3159,0.9484,-1.3895,0.23575,0.10161,0.06017,0.13697,0.22809,-0.61469,-1.01913,-0.01875,-0.022,-0.01071
39.48,0.08908,0.00096,-0.09853,1.0612,-0.26998,-0.35841,0.51423,0.24093,-1.44021,-0.7575,-0.384,0,-4.974,0.13395,-5.63876,0.78051,2.54433,-1.59723,-0.18095,-0.05666,-0.41863,1.16283,-1.15897,0.59196,3.19854,0.09225,0.52965,-0.30251,0.9518,-1.35272,0.21789,0.0824,0.04959,0.07453,0.22207,-0.47787,-0.90955,-0.00753,-0.01851,-0.00931
39.5,0.09592,0.00192,-0.0979,1.07295,-0.27477,-0.33366,0.50926,0.21256,-1.35561,-0.7145,-0.384,0,-4.974,0.94342,-5.85999,0.03067,2.52836,-1.52091,-0.34515,-0.06415,-0.32612,0.99127,-1.0284,0.73096,2.78005,0.0581,0.49788,-0.29091,0.94381,-1.31726,0.20268,0.05816,0.0367,0.00608,0.20928,-0.34892,-0.78152,0.00598,-0.01243,-0.0067
39.52,0.10107,0.00258,-0.09786,1.08133,-0.27512,-0.30574,0.49669,0.18348,-1.27061,-0.67152,-0.384,0,-4.974,1.68626,-5.95966,-0.7286,2.65127,-1.63811,-0.52393,-0.0731,-0.24518,0.77486,-0.86018,0.86699,2.27317,0.04167,0.46745,-0.27928,0.92471,-1.28673,0.19165,0.0293,0.02177,-0.06638,0.19185,-0.23025,-0.64025,0.02204,-0.0045,-0.00329
39.54,0.10423,0.00312,-0.09844,1.08462,-0.27122,-0.27501,0.47759,0.15438,-1.1868,-0.62987,-0.384,0,-4.58346,2.30908,-5.92822,-1.48062,2.8645,-1.94416,-0.70251,-0.08262,-0.17367,0.50995,-0.65579,1.02226,1.67691,0.04366,0.44005,-0.26565,0.89444,-1.26315,0.18555,-0.00363,0.0051,-0.1408,0.17205,-0.12313,-0.49067,0.04063,0.00451,0.00053
39.56,0.10519,0.00364,-0.09959,1.08104,-0.26328,-0.24177,0.4526,0.12586,-1.10447,-0.58987,-0.384,0,-4.06544,2.77893,-5.76142,-2.20981,3.11611,-2.40548,-0.86779,-0.09117,-0.10721,0.19417,-0.41771,1.20886,0.98926,0.06347,0.41664,-0.24822,0.85213,-1.24627,0.18394,-0.03987,-0.01297,-0.21528,0.1517,-0.02814,-0.33699,0.0612,0.01392,0.00442
39.58,0.10382,0.00423,-0.10122,1.06881,-0.25158,-0.20656,0.42204,0.09853,-1.02314,-0.551,-0.384,0,-3.45715,3.08173,-5.46141,-2.89592,3.35197,-2.9549,-1.00747,-0.09635,-0.03966,-0.1712,-0.15113,1.42656,0.21167,0.09901,0.39756,-0.2255,0.79625,-1.23345,0.18503,-0.07817,-0.03188,-0.28751,0.13217,0.05391,-0.18378,0.0825,0.02308,0.00812
39.6,0.10004,0.00494,-0.10316,1.04616,-0.23649,-0.17033,0.38611,0.07328,-0.94221,-0.51228,-0.32759,0,-2.80638,3.21714,-5.03721,-3.50962,3.51543,-3.49419,-1.10912,-0.09486,0.03619,-0.57944,0.13459,1.66211,-0.64643,0.14672,0.3827,-0.19651,0.72505,-1.22005,0.18599,-0.11659,-0.05081,-0.35433,0.11454,0.12143,-0.03692,0.10255,0.03132,0.01138
39.62,0.09385,0.00576,-0.10525,1.0116,-0.21851,-0.13427,0.34497,0.05109,-0.86133,-0.47239,-0.24477,0,-2.16706,3.1946,-4.5032,-4.01654,3.5531,-3.91444,-1.16138,-0.08247,0.12792,-1.01989,0.42684,1.89137,-1.56907,0.20194,0.37163,-0.16081,0.63678,-1.19997,0.18345,-0.1527,-0.06867,-0.41211,0.09954,0.17264,0.09706,0.11906,0.03806,0.01401
39.64,0.08536,0.00669,-0.10734,0.96423,-0.19817,-0.09943,0.29874,0.03266,-0.78035,-0.42971,-0.16866,0,-1.58375,3.03061,-3.87674,-4.38709,3.425,-4.12821,-1.15678,-0.05405,0.24266,-1.48147,0.71216,2.0833,-2.53869,0.2596,0.36348,-0.11857,0.53008,-1.16642,0.17449,-0.18408,-0.0844,-0.45771,0.08736,0.20696,0.21262,0.13022,0.04286,0.01588
39.66,0.07479,0.00771,-0.10941,0.90412,-0.17617,-0.0666,0.24768,0.01825,-0.69962,-0.38251,-0.0998,0,-1.08294,2.74791,-3.17896,-4.60224,3.11215,-4.09111,-1.09376,-0.00373,0.38615,-1.95347,0.97685,2.20206,-3.53614,0.31438,0.35696,-0.07081,0.40459,-1.11265,0.15726,-0.20856,-0.09701,-0.48898,0.07758,0.22589,0.30611,0.1352,0.04563,0.01699
39.68,0.06265,0.0088,-0.1115,0.83288,-0.15346,-0.03647,0.19265,0.00771,-0.62069,-0.32928,-0.03901,0,-0.6748,2.3769,-2.43995,-4.65287,2.6203,-3.80693,-0.97751,0.07481,0.56151,-2.42228,1.20514,2.2063,-4.53334,0.36035,0.35038,-0.01971,0.26202,-1.03238,0.13125,-0.22408,-0.10552,-0.50461,0.06923,0.23308,0.37512,0.13418,0.04654,0.01742
39.7,0.04969,0.00989,-0.11372,0.75386,-0.13142,-0.00988,0.13532,0.00064,-0.54669,-0.26907,0.01218,0,-0.35835,1.9558,-1.70188,-4.53725,1.97902,-3.32181,-0.81931,0.18787,0.7682,-2.8685,1.37782,2.0508,-5.48728,0.39084,0.34179,0.03115,0.10675,-0.92023,0.09727,-0.22854,-0.10889,-0.50388,0.06088,0.23386,0.41782,0.12822,0.04601,0.01735
39.72,0.0368,0.01093,-0.11622,0.67144,-0.11153,0.01232,0.07782,-0.00349,-0.48162,-0.20137,0.05179,0,-0.12548,1.5248,-1.0119,-4.26004,1.23191,-2.70464,-0.63312,0.34126,1.00161,-3.26948,1.47521,1.69725,-6.34544,0.39962,0.32913,0.07771,-0.05508,-0.77196,0.05683,-0.22018,-0.10619,-0.48669,0.05092,0.23418,0.43303,0.11896,0.04461,0.01701
39.74,0.0248,0.01188,-0.11917,0.58976,-0.09492,0.02971,0.02197,-0.00537,-0.42882,-0.12576,0.07824,0,0.03586,1.1163,-0.40854,-3.83251,0.42154,-2.01944,-0.43052,0.53971,1.25311,-3.6053,1.48284,1.13096,-7.05865,0.38282,0.31053,0.11672,-0.21738,-0.58464,0.01131,-0.1982,-0.09702,-0.45393,0.03781,0.23933,0.4211,0.10814,0.04302,0.01667
39.76,0.01425,0.01274,-0.12272,0.51214,-0.08209,0.04249,-0.03108,-0.00579,-0.3901,-0.04193,0.09078,0,0.13936,0.74965,0.08586,-3.27461,-0.41788,-1.309,-0.21793,0.78561,1.50917,-3.86193,1.39568,0.37499,-7.58795,0.34047,0.2845,0.14667,-0.37486,-0.35761,-0.03849,-0.16336,-0.0817,-0.40781,0.02029,0.25292,0.38452,0.0974,0.04191,0.0166
39.78,0.00555,0.01349,-0.12697,0.44152,-0.07295,0.05146,-0.08054,-0.00563,-0.36586,0.04973,0.08954,0,0.19863,0.43268,0.463,-2.61926,-1.25632,-0.59568,0.00255,1.07709,1.7491,-4.02983,1.21946,-0.50114,-7.90154,0.2771,0.2502,0.16769,-0.52202,-0.0942,-0.09213,-0.11829,-0.06154,-0.35228,-0.00241,0.27663,0.3283,0.08823,0.042,0.0171
39.8,-0.00097,0.01418,-0.13197,0.38097,-0.06697,0.05781,-0.12554,-0.00582,-0.35553,0.14762,0.07529,0,0.2261,0.16541,0.72369,-1.91389,-2.06187,0.11129,0.23098,1.40671,1.94478,-4.102,0.96987,-1.38363,-7.97112,0.20138,0.20754,0.18117,-0.65216,0.19718,-0.14907,-0.06752,-0.03873,-0.29302,-0.0305,0.31027,0.25979,0.0821,0.04399,0.01846
39.82,-0.00509,0.01484,-0.13771,0.3334,-0.0635,0.06284,-0.16503,-0.00718,-0.35781,0.24941,0.04923,0,0.23234,-0.0567,0.87497,-1.2123,-2.80175,0.80865,0.46732,1.76302,2.06626,-4.07503,0.66804,-2.14149,-7.77543,0.12396,0.1571,0.18921,-0.75837,0.50497,-0.20855,-0.01642,-0.01587,-0.23625,-0.06361,0.35251,0.18712,0.08026,0.04854,0.02093
39.84,-0.00668,0.01552,-0.14409,0.30077,-0.06207,0.06769,-0.19801,-0.01026,-0.37087,0.35309,0.01287,0,0.2258,-0.24013,0.92874,-0.56037,-3.44793,1.49212,0.70922,2.13375,2.09157,-3.95225,0.3341,-2.66957,-7.30898,0.05419,0.09982,0.19398,-0.83568,0.81822,-0.26958,0.03032,0.00477,-0.18679,-0.10093,0.40188,0.1169,0.08353,0.05604,0.0247
39.86,-0.00581,0.01629,-0.15097,0.28353,-0.06265,0.07303,-0.22344,-0.0151,-0.3924,0.4573,-0.03202,0,0.21261,-0.39094,0.90098,0.01169,-3.97907,2.14937,0.94962,2.50676,2.01353,-3.74667,-0.01615,-2.91675,-6.59046,-0.00196,0.03701,0.19725,-0.88241,1.12811,-0.33066,0.06969,0.02178,-0.14691,-0.14111,0.45731,0.05291,0.09207,0.06658,0.02977
39.88,-0.00267,0.01724,-0.15808,0.28072,-0.06569,0.07905,-0.24013,-0.02128,-0.41946,0.5607,-0.08303,0,0.19669,-0.51296,0.81147,0.4867,-4.37651,2.75302,1.17426,2.86748,1.84177,-3.48295,-0.36948,-2.89052,-5.66939,-0.04193,-0.02914,0.20029,-0.90006,1.42598,-0.38932,0.1002,0.03452,-0.11631,-0.18196,0.51788,-0.00381,0.10534,0.07977,0.03598
39.9,0.00236,0.01845,-0.16501,0.29028,-0.07206,0.08537,-0.24651,-0.0278,-0.44852,0.6612,-0.13693,0,0.17994,-0.60678,0.68288,0.85538,-4.62077,3.2585,1.36129,3.19682,1.60094,-3.19677,-0.71274,-2.6481,-4.62623,-0.06586,-0.09532,0.20382,-0.8925,1.70124,-0.44184,0.12153,0.04298,-0.09278,-0.22033,0.58242,-0.05414,0.12207,0.09477,0.04296
39.92,0.00884,0.01999,-0.17126,0.30968,-0.0828,0.09125,-0.24098,-0.03339,-0.47595,0.75634,-0.19013,0,0.16305,-0.67096,0.53777,1.11441,-4.69492,3.61456,1.48646,3.47398,1.32309,-2.92767,-1.03324,-2.27401,-3.55574,-0.07569,-0.15769,0.20802,-0.86484,1.94244,-0.48393,0.1341,0.04754,-0.07314,-0.25281,0.64953,-0.09992,0.14057,0.11043,0.05017
39.94,0.01629,0.02195,-0.17643,0.33674,-0.09872,0.09575,-0.22245,-0.03674,-0.49899,0.84417,-0.23954,0,0.14639,-0.70439,0.3941,1.26662,-4.59262,3.78222,1.53193,3.68238,1.03666,-2.70773,-1.32097,-1.84969,-2.53983,-0.07415,-0.21307,0.21253,-0.82203,2.14025,-0.51216,0.13886,0.04881,-0.05451,-0.27689,0.71787,-0.14281,0.15922,0.12557,0.05711
39.96,0.02422,0.02439,-0.1803,0.36995,-0.12008,0.0979,-0.19085,-0.03672,-0.5162,0.92367,-0.28294,0,0.13081,-0.70807,0.26283,1.32113,-4.32454,3.74769,1.49245,3.81326,0.75987,-2.5545,-1.56927,-1.43442,-1.63239,-0.06418,-0.25959,0.21645,-0.76811,2.28909,-0.52478,0.13701,0.04744,-0.03516,-0.29174,0.78613,-0.18338,0.17668,0.13917,0.06329
39.98,0.03213,0.02731,-0.18281,0.40841,-0.14636,0.09672,-0.14747,-0.03239,-0.52749,0.99421,-0.31879,0,0.11795,-0.68537,0.14819,1.29249,-3.92151,3.52529,1.37695,3.86533,0.50111,-2.47049,-1.773,-1.0633,-0.86253,-0.0488,-0.2965,0.21834,-0.70639,2.38616,-0.52183,0.12999,0.04414,-0.01493,-0.29826,0.85251,-0.22062,0.19181,0.15023,0.06824
40,0.03938,0.0307,-0.18401,0.45156,-0.17618,0.09121,-0.09497,-0.02304,-0.53383,1.05496,-0.34585,0,0.11017,-0.6416,0.04933,1.19933,-3.433,3.15404,1.20688,3.84294,0.2618,-2.44601,-1.92666,-0.75222,-0.24301,-0.03101,-0.32368,0.21619,-0.63979,2.43013,-0.50483,0.11943,0.03964,0.00482,-0.29876,0.9143,-0.25177,0.20359,0.15776,0.07149
40.02,0.04534,0.03447,-0.18403,0.499,-0.20769,0.08057,-0.03676,-0.00828,-0.53657,1.10487,-0.36312,0,0.11004,-0.58285,-0.03773,1.06168,-2.91639,2.68663,1.01003,3.75379,0.03908,-2.46453,-2.02494,-0.50397,0.22513,-0.01348,-0.34144,0.2078,-0.57085,2.4208,-0.47618,0.10692,0.03464,0.02186,-0.29635,0.96821,-0.27329,0.21108,0.16083,0.07257
40.04,0.04942,0.03849,-0.18297,0.55045,-0.23908,0.06449,0.02389,0.01189,-0.53668,1.134,-0.37006,0,0.11935,-0.51448,-0.11785,0.89778,-2.42034,2.17397,0.81157,3.60673,-0.17166,-2.50951,-2.06491,-0.31497,0.55092,0.00207,-0.35039,0.19124,-0.50139,2.35964,-0.43843,0.09381,0.02969,0.03413,-0.29417,1.01128,-0.28226,0.21362,0.15873,0.07116
40.06,0.05123,0.04262,-0.18093,0.60549,-0.2689,0.04345,0.08442,0.03684,-0.53418,1.134,-0.36667,0,0.13847,-0.44033,-0.19502,0.72253,-1.97517,1.65647,0.62867,3.4108,-0.37449,-2.56871,-2.04761,-0.1802,0.75176,0.01522,-0.3514,0.16523,-0.43258,2.25053,-0.39394,0.08104,0.02516,0.04038,-0.29482,1.04135,-0.27746,0.21088,0.15124,0.06716
40.08,0.05051,0.04663,-0.17796,0.66308,-0.2959,0.01894,0.14253,0.06511,-0.52804,1.134,-0.35355,0,0.16605,-0.36302,-0.27132,0.54834,-1.59375,1.16565,0.47049,3.17635,-0.57066,-2.63508,-1.97833,-0.09594,0.85085,0.02681,-0.34554,0.12945,-0.36548,2.10056,-0.34511,0.06923,0.02127,0.04032,-0.30025,1.05689,-0.25958,0.20292,0.13858,0.06072
40.1,0.04715,0.05019,-0.17409,0.7213,-0.31879,-0.00657,0.19585,0.09438,-0.51628,1.134,-0.33182,0,0.19909,-0.28456,-0.34652,0.38635,-1.27642,0.72794,0.34013,2.91587,-0.75749,-2.70567,-1.86613,-0.06042,0.87467,0.03875,-0.33401,0.08462,-0.30142,1.92026,-0.2946,0.05877,0.0181,0.03448,-0.31174,1.05673,-0.23109,0.19014,0.12149,0.05223
40.12,0.04114,0.05293,-0.16931,0.77758,-0.3363,-0.03009,0.24208,0.12191,-0.4965,1.134,-0.30295,0,0.2338,-0.20647,-0.41887,0.24594,-1.01587,0.36422,0.23666,2.64217,-0.92982,-2.77945,-1.72215,-0.07261,0.85031,0.05347,-0.31794,0.0323,-0.24158,1.72193,-0.24509,0.04989,0.01566,0.0239,-0.32986,1.04006,-0.19553,0.17314,0.10096,0.04224
40.14,0.03253,0.05454,-0.16357,0.82949,-0.34744,-0.04891,0.27957,0.14533,-0.46658,1.134,-0.26853,0,0.26677,-0.12964,-0.48652,0.1333,-0.80186,0.08646,0.15691,2.36505,-1.08306,-2.8544,-1.55737,-0.12947,0.80287,0.07329,-0.29821,-0.02539,-0.18604,1.51681,-0.19873,0.04259,0.01388,0.00985,-0.35438,1.00654,-0.15665,0.15247,0.07784,0.0312
40.16,0.02152,0.05482,-0.15676,0.87496,-0.3516,-0.06116,0.30764,0.16309,-0.42535,1.12562,-0.23023,0,0.29574,-0.0545,-0.54839,0.05069,-0.62496,-0.10395,0.09701,2.08989,-1.21487,-2.92518,-1.38159,-0.2237,0.75408,0.0999,-0.27534,-0.08586,-0.13328,1.3139,-0.15691,0.03671,0.01261,-0.00634,-0.38407,0.95667,-0.11787,0.12864,0.05278,0.01944
40.18,0.00848,0.05367,-0.14877,0.91209,-0.34857,-0.06578,0.32635,0.17444,-0.37298,1.08322,-0.19008,0,0.31956,0.0184,-0.60388,-0.00304,-0.47909,-0.21478,0.05326,1.81936,-1.32456,-2.98196,-1.20457,-0.34259,0.72226,0.13403,-0.24965,-0.14559,-0.0804,1.12118,-0.12047,0.03195,0.01168,-0.02321,-0.41648,0.89209,-0.08252,0.10219,0.02626,0.00718
40.2,-0.006,0.05109,-0.13955,0.9388,-0.33842,-0.06238,0.33624,0.17925,-0.31112,1.03148,-0.1506,0,0.33784,0.08785,-0.65235,-0.03139,-0.36246,-0.26047,0.02263,1.55554,-1.41182,-3.01067,-1.03682,-0.46762,0.7227,0.17526,-0.22143,-0.1999,-0.02385,0.9469,-0.0901,0.02797,0.01088,-0.03915,-0.4479,0.81581,-0.05397,0.0739,-0.00114,-0.00533
40.22,-0.02114,0.04717,-0.12908,0.95312,-0.32145,-0.0511,0.33811,0.17775,-0.24238,0.97196,-0.11442,0,0.35068,0.1524,-0.69321,-0.03917,-0.2759,-0.25884,0.00277,1.29996,-1.47611,-2.99575,-0.88804,-0.5748,0.76777,0.22189,-0.19099,-0.24377,0.0398,0.79881,-0.06623,0.02437,0.01,-0.05256,-0.47415,0.73146,-0.03534,0.04464,-0.02885,-0.01789
40.24,-0.03624,0.04202,-0.11736,0.95389,-0.29804,-0.03255,0.33287,0.17043,-0.16945,0.90596,-0.08337,0,0.35837,0.21114,-0.72624,-0.03136,-0.2195,-0.22759,-0.00841,1.05238,-1.51653,-2.92467,-0.7639,-0.63576,0.8667,0.27092,-0.15861,-0.27338,0.11281,0.68186,-0.04877,0.0208,0.00886,-0.06227,-0.49177,0.64221,-0.02872,0.01515,-0.05645,-0.03034
40.26,-0.05071,0.03578,-0.10441,0.9412,-0.26877,-0.00777,0.32148,0.15792,-0.09464,0.8345,-0.05806,0,0.36116,0.26419,-0.7518,-0.01248,-0.19032,-0.18223,-0.01297,0.8107,-1.53159,-2.79138,-0.66422,-0.61834,1.02494,0.3178,-0.12463,-0.28708,0.19529,0.59697,-0.03695,0.017,0.00736,-0.0678,-0.49883,0.55028,-0.03473,-0.01404,-0.08372,-0.04263
40.28,-0.06396,0.02868,-0.0904,0.91661,-0.23454,0.02154,0.305,0.14106,-0.02042,0.75872,-0.03794,0,0.35922,0.31232,-0.77066,0.01348,-0.18213,-0.13572,-0.01297,0.5728,-1.51903,-2.59802,-0.58328,-0.48644,1.24307,0.35599,-0.08975,-0.28548,0.28443,0.54146,-0.02936,0.01277,0.00546,-0.06936,-0.49506,0.45746,-0.05231,-0.04243,-0.11044,-0.05469
40.3,-0.07536,0.02104,-0.07569,0.88301,-0.19679,0.05302,0.28465,0.12096,0.05017,0.68041,-0.02164,0,0.35248,0.35647,-0.78356,0.04298,-0.18616,-0.09878,-0.01035,0.3384,-1.47579,-2.35484,-0.51143,-0.20234,1.51586,0.37717,-0.05514,-0.27106,0.3742,0.51009,-0.02417,0.00807,0.00321,-0.06772,-0.48162,0.36584,-0.07895,-0.06933,-0.13618,-0.06638
40.32,-0.08424,0.01325,-0.0608,0.84398,-0.15727,0.08399,0.26175,0.09882,0.11406,0.60169,-0.00738,0,0.34037,0.39729,-0.79048,0.07289,-0.19276,-0.07982,-0.00677,0.10911,-1.39906,-2.07702,-0.43789,0.2641,1.83248,0.37312,-0.02221,-0.24744,0.45676,0.49611,-0.01946,0.00292,0.00072,-0.06402,-0.4605,0.27771,-0.11128,-0.0939,-0.16037,-0.07746
40.34,-0.0901,0.00567,-0.04623,0.80283,-0.11762,0.11224,0.23765,0.07563,0.16925,0.52431,0.00654,0,0.32145,0.43478,-0.78974,0.10057,-0.19358,-0.08456,-0.00345,-0.11255,-1.28786,-1.77963,-0.35428,0.92145,2.17731,0.33895,0.00809,-0.21827,0.52477,0.49226,-0.01364,-0.00266,-0.00196,-0.05945,-0.43387,0.19507,-0.14591,-0.11542,-0.18252,-0.08773
40.36,-0.09268,-0.00141,-0.03245,0.76211,-0.07925,0.13636,0.21373,0.05215,0.21542,0.44941,0.02133,0,0.29321,0.46791,-0.77736,0.1238,-0.18309,-0.11568,-0.00097,-0.32321,-1.14468,-1.47524,-0.25739,1.74437,2.52923,0.27544,0.03554,-0.18669,0.57284,0.49142,-0.00576,-0.00871,-0.0048,-0.05511,-0.40364,0.1195,-0.17995,-0.13336,-0.20229,-0.09704
40.38,-0.09196,-0.00772,-0.01993,0.72376,-0.04357,0.15565,0.19159,0.02895,0.25368,0.378,0.03757,0,0.25224,0.49426,-0.74693,0.14061,-0.159,-0.17265,0.00065,-0.51698,-0.97681,-1.17559,-0.15056,2.66472,2.85878,0.19002,0.06055,-0.1554,0.59749,0.48682,0.00438,-0.01529,-0.00781,-0.05198,-0.37159,0.05276,-0.21086,-0.14727,-0.21938,-0.10523
40.4,-0.08812,-0.01294,-0.00927,0.68945,-0.01225,0.16991,0.17314,0.00668,0.28608,0.31156,0.0551,0,0.19463,0.51006,-0.69023,0.14908,-0.12205,-0.25185,0.00195,-0.68438,-0.79663,-0.89348,-0.04353,3.57255,3.12748,0.09618,0.08388,-0.12687,0.5966,0.47208,0.01621,-0.0224,-0.01102,-0.05095,-0.33955,-0.00274,-0.23621,-0.15665,-0.23333,-0.11205
40.42,-0.08149,-0.0168,-0.00112,0.66052,0.01304,0.17921,0.1603,-0.01403,0.31502,0.25181,0.0733,0,0.11708,0.51113,-0.5994,0.14742,-0.07516,-0.34774,0.00372,-0.81444,-0.61884,-0.64145,0.05076,4.34108,3.2951,0.00989,0.10632,-0.10318,0.56942,0.4415,0.02871,-0.03002,-0.01447,-0.05273,-0.30933,-0.04433,-0.25386,-0.16099,-0.24359,-0.11722
40.44,-0.07244,-0.0191,0.00407,0.63782,0.03106,0.18371,0.15436,-0.03272,0.34262,0.20013,0.09154,0,0.01837,0.49459,-0.47006,0.13422,-0.02218,-0.45462,0.00673,-0.89877,-0.45585,-0.42826,0.12116,4.86685,3.33225,-0.05592,0.12848,-0.08574,0.51669,0.3904,0.04085,-0.03808,-0.01815,-0.05781,-0.28238,-0.07005,-0.26239,-0.15997,-0.24966,-0.12045
40.46,-0.06141,-0.01977,0.00612,0.62159,0.04141,0.18362,0.15557,-0.04916,0.37031,0.15731,0.10937,0,-0.09923,0.46009,-0.30406,0.1087,0.03281,-0.56744,0.01143,-0.93427,-0.31519,-0.25713,0.16169,5.09613,3.22921,-0.09498,0.1505,-0.07506,0.44108,0.31564,0.05182,-0.04644,-0.02201,-0.06625,-0.25973,-0.07931,-0.26136,-0.15359,-0.25118,-0.12154
40.48,-0.04898,-0.01895,0.00517,0.61154,0.04443,0.17908,0.1631,-0.06322,0.39841,0.12382,0.12648,0,-0.22876,0.41037,-0.11132,0.07092,0.08523,-0.68114,0.0179,-0.9234,-0.19988,-0.12672,0.17193,5.02904,2.99848,-0.10822,0.17185,-0.07082,0.34774,0.2162,0.06107,-0.05482,-0.02596,-0.07769,-0.24211,-0.07288,-0.25136,-0.14227,-0.24792,-0.12035
40.5,-0.03592,-0.01686,0.00161,0.60709,0.04105,0.1702,0.17508,-0.07473,0.42608,0.10013,0.14255,0,-0.35846,0.351,0.09023,0.02187,0.12982,-0.78994,0.02582,-0.87317,-0.10994,-0.0329,0.15614,4.71156,2.67259,-0.10263,0.19123,-0.07207,0.24445,0.09351,0.06816,-0.06278,-0.02975,-0.09129,-0.23013,-0.0527,-0.23389,-0.12678,-0.23976,-0.11679
40.52,-0.02306,-0.01382,-0.00404,0.60736,0.0325,0.15713,0.1891,-0.08348,0.45176,0.08675,0.15727,0,-0.4744,0.28893,0.27896,-0.03679,0.16138,-0.88773,0.03457,-0.7932,-0.04344,0.02991,0.1214,4.2164,2.29462,-0.08837,0.2069,-0.07748,0.14009,-0.04906,0.07281,-0.06976,-0.03312,-0.10593,-0.22415,-0.02142,-0.21097,-0.10811,-0.22675,-0.11084
40.54,-0.01111,-0.01017,-0.01126,0.61118,0.01991,0.14007,0.20279,-0.08927,0.47387,0.08392,0.1705,0,-0.56485,0.23021,0.43648,-0.10315,0.17623,-0.96916,0.0433,-0.69322,0.0027,0.06779,0.0753,3.61729,1.90441,-0.07491,0.21721,-0.0857,0.04224,-0.20728,0.07499,-0.0752,-0.03577,-0.12042,-0.22402,0.01808,-0.18458,-0.08719,-0.20913,-0.10262
40.56,-0.00053,-0.00619,-0.01959,0.61707,0.00419,0.11949,0.21415,-0.09193,0.49132,0.0914,0.18226,0,-0.62305,0.17863,0.55209,-0.1751,0.17313,-1.03014,0.05106,-0.58176,0.03208,0.08665,0.0245,2.97386,1.53057,-0.06841,0.22105,-0.0955,-0.04422,-0.37615,0.07491,-0.07866,-0.03745,-0.1337,-0.22884,0.06287,-0.15642,-0.06477,-0.18748,-0.09239
40.58,0.00838,-0.0022,-0.02857,0.62314,-0.01396,0.09623,0.22161,-0.09128,0.50347,0.10839,0.1927,0,-0.64735,0.13575,0.62279,-0.24978,0.15353,-1.0675,0.05669,-0.46656,0.04834,0.09178,-0.02529,2.33223,1.19117,-0.07112,0.21781,-0.10584,-0.11676,-0.54872,0.07311,-0.07975,-0.03795,-0.14472,-0.2369,0.10975,-0.12799,-0.04159,-0.16291,-0.0807
40.6,0.01542,0.00149,-0.03774,0.62721,-0.03392,0.07162,0.22387,-0.08713,0.50992,0.1336,0.202,0,-0.64028,0.1015,0.65171,-0.32331,0.12122,-1.07838,0.05887,-0.35529,0.05489,0.0877,-0.06898,1.72994,0.89709,-0.08176,0.20736,-0.11573,-0.17435,-0.71517,0.07035,-0.07818,-0.03705,-0.15236,-0.24574,0.15499,-0.10082,-0.01848,-0.13708,-0.06837
40.62,0.02044,0.00457,-0.04661,0.62699,-0.05515,0.04718,0.21988,-0.07926,0.51052,0.16548,0.21036,0,-0.60694,0.07478,0.64572,-0.39132,0.08128,-1.06028,0.05638,-0.2549,0.05468,0.07804,-0.10236,1.19614,0.65363,-0.09681,0.18986,-0.12436,-0.21681,-0.86386,0.06744,-0.07373,-0.03462,-0.15559,-0.25258,0.19496,-0.07631,0.00354,-0.11192,-0.05636
40.64,0.02335,0.00682,-0.05479,0.62062,-0.07718,0.0241,0.20887,-0.06742,0.50539,0.20257,0.21814,0,-0.55319,0.05406,0.61273,-0.45025,0.03857,-1.01136,0.04856,-0.17022,0.05016,0.06557,-0.12277,0.74868,0.46082,-0.11224,0.16563,-0.13119,-0.24436,-0.98385,0.06494,-0.0664,-0.03064,-0.15363,-0.25488,0.22714,-0.05537,0.02342,-0.08903,-0.04545
40.66,0.02414,0.00811,-0.062,0.60696,-0.0996,0.00299,0.19042,-0.05141,0.49499,0.24357,0.22588,0,-0.48461,0.03786,0.56009,-0.49804,-0.00315,-0.93101,0.03571,-0.10321,0.04322,0.05231,-0.12952,0.3934,0.31414,-0.12461,0.13517,-0.1361,-0.25729,-1.06621,0.06302,-0.0565,-0.02529,-0.1462,-0.25074,0.2507,-0.03829,0.04007,-0.06934,-0.03608
40.68,0.02285,0.00843,-0.068,0.58578,-0.12188,-0.01602,0.16453,-0.03118,0.48019,0.28713,0.23426,0,-0.40669,0.02497,0.49445,-0.53388,-0.04113,-0.82045,0.01918,-0.05339,0.03531,0.03961,-0.12387,0.127,0.20596,-0.13132,0.09929,-0.13931,-0.25566,-1.1036,0.06141,-0.04472,-0.01899,-0.13355,-0.23901,0.2665,-0.02477,0.05218,-0.05323,-0.02837
40.7,0.01958,0.00787,-0.07258,0.55773,-0.14319,-0.03313,0.13178,-0.00695,0.46224,0.33154,0.244,0,-0.32516,0.0146,0.422,-0.55777,-0.07321,-0.68304,0.00139,-0.01857,0.02739,0.02828,-0.10871,-0.05931,0.12722,-0.13046,0.05939,-0.14131,-0.23939,-1.08979,0.05949,-0.03215,-0.0124,-0.11647,-0.2193,0.27664,-0.01421,0.05822,-0.04068,-0.02227
40.72,0.01447,0.00656,-0.07554,0.52405,-0.16258,-0.04865,0.09315,0.02081,0.44246,0.3749,0.25577,0,-0.24536,0.00628,0.34804,-0.57031,-0.09759,-0.52385,-0.01488,0.00429,0.02011,0.01874,-0.08772,-0.17722,0.0689,-0.12079,0.01724,-0.14282,-0.2088,-1.02072,0.05652,-0.02005,-0.00627,-0.09608,-0.19182,0.28375,-0.0058,0.05668,-0.03144,-0.01757
40.74,0.00768,0.00466,-0.07679,0.48606,-0.17928,-0.06298,0.04979,0.0515,0.42177,0.41544,0.26997,0,-0.17107,-0.00034,0.27603,-0.57265,-0.11259,-0.34859,-0.02741,0.01828,0.01383,0.01111,-0.06418,-0.23948,0.02334,-0.10184,-0.02522,-0.14466,-0.16568,-0.89668,0.05199,-0.00943,-0.0012,-0.07346,-0.15722,0.29003,0.00125,0.04663,-0.0251,-0.01404
40.76,-0.00053,0.00234,-0.0764,0.44498,-0.19282,-0.07646,0.00302,0.08432,0.40036,0.45174,0.28664,0,-0.10391,-0.00565,0.20736,-0.56652,-0.11656,-0.16361,-0.03513,0.02598,0.00869,0.00533,-0.04027,-0.25874,-0.01476,-0.07401,-0.06599,-0.14765,-0.11418,-0.72439,0.04591,-0.00084,0.00254,-0.04959,-0.11668,0.29655,0.00757,0.02812,-0.0212,-0.01143
40.78,-0.00976,-0.00022,-0.07459,0.40216,-0.203,-0.08926,-0.04536,0.11802,0.37784,0.48241,0.30527,0,-0.04373,-0.01002,0.14165,-0.55421,-0.10768,0.0228,-0.03827,0.02919,0.0047,0.00119,-0.01703,-0.2469,-0.04773,-0.03879,-0.10272,-0.15261,-0.06139,-0.51862,0.03888,0.00562,0.00497,-0.02543,-0.07211,0.30307,0.01357,0.00243,-0.01925,-0.00954
40.8,-0.01944,-0.00281,-0.07172,0.35932,-0.20973,-0.10128,-0.09279,0.15072,0.35344,0.50586,0.32479,0,0.01069,-0.01378,0.07755,-0.53851,-0.0841,0.1995,-0.03809,0.02897,0.00175,-0.00156,0.00531,-0.21476,-0.075,0.00114,-0.13245,-0.16029,-0.01711,-0.30213,0.03206,0.01022,0.00638,-0.00209,-0.02637,0.3081,0.01938,-0.02799,-0.0188,-0.00822
40.82,-0.02889,-0.00522,-0.06821,0.31825,-0.21301,-0.1122,-0.13639,0.1802,0.32634,0.52053,0.34387,0,0.06104,-0.01715,0.01331,-0.5222,-0.04433,0.35441,-0.03645,0.0258,-0.00027,-0.0032,0.02706,-0.17156,-0.0942,0.04239,-0.15216,-0.17112,0.00838,-0.1008,0.02679,0.01339,0.00717,0.01935,0.01726,0.30953,0.02487,-0.06006,-0.01943,-0.00737
40.84,-0.03753,-0.0073,-0.0644,0.28024,-0.21291,-0.12162,-0.17375,0.20446,0.29602,0.52533,0.36155,0,0.10893,-0.02023,-0.05262,-0.50734,0.012,0.47815,-0.03502,0.02002,-0.00155,-0.004,0.04862,-0.12469,-0.10312,0.08155,-0.1596,-0.18499,0.00793,0.06404,0.02407,0.0156,0.00772,0.03809,0.05604,0.30547,0.02976,-0.09091,-0.02078,-0.00693
40.86,-0.04487,-0.00898,-0.06053,0.24573,-0.20962,-0.12912,-0.20336,0.22197,0.26262,0.52006,0.37752,0,0.15538,-0.02294,-0.12096,-0.49489,0.08338,0.56622,-0.03495,0.01208,-0.00225,-0.00419,0.07023,-0.07957,-0.10105,0.11557,-0.15398,-0.20095,-0.02004,0.18043,0.02417,0.01716,0.00826,0.05384,0.08829,0.29491,0.03367,-0.11832,-0.02251,-0.00679
40.88,-0.05057,-0.01025,-0.05672,0.21454,-0.20343,-0.1342,-0.22452,0.23169,0.22725,0.50542,0.384,0,0.20027,-0.025,-0.19092,-0.48461,0.16578,0.61876,-0.03663,0.00268,-0.00252,-0.00398,0.09163,-0.04003,-0.08907,0.14159,-0.13608,-0.21703,-0.07073,0.24601,0.02653,0.01824,0.00886,0.06668,0.11323,0.27789,0.03603,-0.1407,-0.02431,-0.00686
40.9,-0.0543,-0.01118,-0.05302,0.18618,-0.19477,-0.1363,-0.23698,0.23283,0.1921,0.48297,0.384,0,0.24221,-0.02594,-0.25993,-0.47539,0.25248,0.6394,-0.03986,-0.0072,-0.00249,-0.00352,0.11203,-0.00863,-0.06987,0.15675,-0.1081,-0.23032,-0.13368,0.26614,0.02989,0.01884,0.00943,0.07694,0.1307,0.25552,0.03617,-0.15681,-0.02587,-0.00703
40.92,-0.05581,-0.01183,-0.04943,0.16006,-0.18412,-0.13489,-0.24082,0.22498,0.15986,0.45474,0.384,0,0.27897,-0.02527,-0.32429,-0.46565,0.33541,0.63371,-0.04401,-0.01651,-0.00227,-0.00295,0.13028,0.0131,-0.04702,0.15862,-0.07312,-0.23759,-0.19578,0.25085,0.0327,0.01886,0.00977,0.08503,0.14092,0.22947,0.03337,-0.16569,-0.0269,-0.00718
40.94,-0.05499,-0.01224,-0.04598,0.13559,-0.17199,-0.1298,-0.23636,0.20834,0.13265,0.42265,0.384,0,0.30846,-0.02272,-0.38056,-0.45403,0.40739,0.60763,-0.04835,-0.02434,-0.00195,-0.00235,0.14528,0.02476,-0.02408,0.146,-0.03425,-0.23636,-0.24585,0.21117,0.03366,0.01821,0.00973,0.09135,0.14437,0.20135,0.02711,-0.16683,-0.02716,-0.00724
40.96,-0.0519,-0.01241,-0.04272,0.11236,-0.15891,-0.12137,-0.22415,0.1839,0.11144,0.38826,0.384,0,0.32931,-0.01841,-0.42627,-0.43986,0.46342,0.56648,-0.05223,-0.03014,-0.00158,-0.00177,0.15623,0.02701,-0.00393,0.11953,0.00574,-0.22562,-0.27757,0.15685,0.03218,0.01689,0.00923,0.09617,0.14172,0.17232,0.01728,-0.16018,-0.0265,-0.00711
40.98,-0.04684,-0.01224,-0.0398,0.09033,-0.14549,-0.1106,-0.20505,0.15372,0.09605,0.35297,0.384,0,0.34082,-0.01296,-0.45981,-0.42339,0.50058,0.51502,-0.05516,-0.03369,-0.00122,-0.00126,0.16258,0.02154,0.01115,0.08203,0.04427,-0.20605,-0.2899,0.09607,0.0284,0.01498,0.00829,0.09961,0.13382,0.14326,0.00422,-0.1462,-0.02481,-0.00674
41,-0.04029,-0.01158,-0.03745,0.06994,-0.13254,-0.09909,-0.18023,0.12089,0.08546,0.31826,0.384,0,0.34278,-0.00741,-0.47998,-0.40574,0.51748,0.45763,-0.0567,-0.03503,-0.0009,-0.00083,0.16396,0.01094,0.01936,0.03836,0.0787,-0.17989,-0.28637,0.03582,0.02319,0.01271,0.00706,0.10158,0.12166,0.11496,-0.01122,-0.1259,-0.02208,-0.00609
41.02,-0.03287,-0.01028,-0.0359,0.05191,-0.12084,-0.08862,-0.15113,0.08891,0.07825,0.2856,0.384,0,0.33539,-0.00297,-0.48603,-0.3885,0.51392,0.39817,-0.05656,-0.03438,-0.00061,-0.00049,0.16017,-0.00191,0.01952,-0.0057,0.10655,-0.15027,-0.2731,-0.01819,0.01774,0.01033,0.00573,0.1019,0.10626,0.08807,-0.02786,-0.1006,-0.01837,-0.00516
41.04,-0.02514,-0.00825,-0.03526,0.03672,-0.11094,-0.08048,-0.11932,0.06073,0.07308,0.2562,0.384,0,0.31935,-0.00063,-0.47793,-0.37298,0.49098,0.33964,-0.0546,-0.0321,-0.00038,-0.00023,0.15136,-0.01447,0.0113,-0.04512,0.12608,-0.1201,-0.2564,-0.06196,0.01311,0.00809,0.00447,0.10046,0.08855,0.06299,-0.04448,-0.07175,-0.01381,-0.00394
41.06,-0.01758,-0.00554,-0.03543,0.02435,-0.1029,-0.07515,-0.08642,0.03811,0.06909,0.23097,0.384,0,0.29597,-0.00088,-0.45666,-0.35978,0.45105,0.28411,-0.0509,-0.02862,-0.0002,-5e-05,0.13814,-0.02501,-0.0045,-0.07667,0.13662,-0.09156,-0.24111,-0.09337,0.00989,0.00619,0.00343,0.09734,0.06933,0.03979,-0.05995,-0.04087,-0.00858,-0.0025
41.08,-0.01058,-0.00235,-0.03608,0.0143,-0.09641,-0.07213,-0.05448,0.02168,0.06603,0.21064,0.384,0,0.26737,-0.00366,-0.42437,-0.34881,0.39814,0.2331,-0.0458,-0.02452,-7e-05,8e-05,0.12168,-0.03265,-0.02582,-0.0989,0.13858,-0.06608,-0.23027,-0.11188,0.00812,0.00477,0.00268,0.09289,0.04944,0.01841,-0.07313,-0.00974,-0.003,-0.0009
41.1,-0.00451,0.00095,-0.03666,0.00576,-0.09083,-0.07019,-0.026,0.0112,0.06417,0.19596,0.384,0,0.23645,-0.00839,-0.38433,-0.3394,0.33781,0.18803,-0.03986,-0.02044,2e-05,0.00015,0.10369,-0.03719,-0.0494,-0.1118,0.13316,-0.04461,-0.22535,-0.11816,0.00742,0.00391,0.00226,0.08765,0.02981,-0.00118,-0.08283,0.01944,0.00248,0.0007
41.12,0.00031,0.00393,-0.03657,-0.00217,-0.0854,-0.06775,-0.00351,0.00589,0.06407,0.18751,0.384,0,0.20633,-0.01427,-0.34011,-0.33057,0.27606,0.1501,-0.03375,-0.01707,8e-05,0.00019,0.08615,-0.03892,-0.07152,-0.11631,0.12202,-0.02767,-0.22645,-0.11361,0.00717,0.00369,0.00218,0.08225,0.01146,-0.01888,-0.08793,0.04439,0.00736,0.00216
41.14,0.0037,0.00623,-0.0353,-0.01022,-0.07944,-0.06344,0.01125,0.00469,0.06607,0.18533,0.384,0,0.17934,-0.02058,-0.29448,-0.32119,0.21757,0.11984,-0.02798,-0.01488,0.00011,0.0002,0.07063,-0.03836,-0.08903,-0.11387,0.10679,-0.01527,-0.23255,-0.09991,0.00677,0.00407,0.0024,0.07713,-0.00473,-0.03454,-0.08773,0.06337,0.01123,0.00334
41.16,0.00568,0.00768,-0.03258,-0.01877,-0.07252,-0.05655,0.01788,0.0065,0.07,0.18861,0.384,0,0.15646,-0.0269,-0.24876,-0.31018,0.1646,0.09692,-0.02281,-0.0141,0.00012,0.00019,0.05807,-0.03611,-0.10009,-0.10615,0.08872,-0.00684,-0.24164,-0.07871,0.00588,0.00497,0.00286,0.07244,-0.01808,-0.04786,-0.08217,0.07558,0.01388,0.00417
41.18,0.00645,0.0083,-0.02844,-0.0277,-0.06454,-0.04715,0.01737,0.01022,0.07504,0.19563,0.38137,0,0.1374,-0.03313,-0.20293,-0.29668,0.11721,0.08025,-0.01822,-0.01464,0.00012,0.00017,0.0487,-0.03283,-0.10419,-0.095,0.06882,-0.00135,-0.25069,-0.05173,0.0044,0.00621,0.00345,0.06798,-0.02805,-0.05837,-0.07194,0.08113,0.01528,0.00463
41.2,0.00638,0.00825,-0.02315,-0.03641,-0.05577,-0.03606,0.01192,0.01474,0.07982,0.20385,0.34588,0,0.12084,-0.03938,-0.15627,-0.28004,0.07392,0.06824,-0.01397,-0.01616,0.00011,0.00015,0.04226,-0.02919,-0.10199,-0.08241,0.04796,0.00256,-0.25579,-0.02083,0.00252,0.00749,0.00404,0.0633,-0.0341,-0.06529,-0.05837,0.08087,0.01554,0.00473
41.22,0.00587,0.00777,-0.01719,-0.04403,-0.04665,-0.02452,0.00429,0.01905,0.0827,0.21034,0.31172,0,0.10507,-0.04575,-0.108,-0.25981,0.03281,0.05905,-0.00976,-0.01818,0.0001,0.00012,0.03813,-0.0258,-0.09496,-0.07024,0.02687,0.00632,-0.25294,0.01205,0.00056,0.00854,0.00448,0.05788,-0.03583,-0.06782,-0.04315,0.07606,0.01485,0.00453
41.24,0.0053,0.00711,-0.01098,-0.04975,-0.03758,-0.01368,-0.00295,0.02238,0.08225,0.21241,0.28117,0,0.08868,-0.0521,-0.05814,-0.23556,-0.00723,0.0507,-0.00534,-0.02019,8e-05,9e-05,0.03553,-0.02306,-0.0849,-0.05976,0.00608,0.01105,-0.23919,0.04524,-0.00116,0.00909,0.00466,0.05121,-0.03315,-0.06548,-0.02777,0.06797,0.01345,0.00409
41.26,0.0049,0.00645,-0.00488,-0.05309,-0.02878,-0.00428,-0.00794,0.0242,0.07759,0.20801,0.25558,0,0.07103,-0.05784,-0.00828,-0.20693,-0.04542,0.0412,-0.00061,-0.02181,6e-05,7e-05,0.03365,-0.02105,-0.07375,-0.05133,-0.01406,0.01732,-0.21356,0.07734,-0.00245,0.00901,0.0045,0.04302,-0.02649,-0.05844,-0.01324,0.05773,0.01154,0.00346
41.28,0.00479,0.00589,0.00085,-0.05387,-0.02028,0.00334,-0.00962,0.02431,0.06845,0.1959,0.23548,0,0.0526,-0.06181,0.03785,-0.17379,-0.0786,0.02869,0.00427,-0.02273,5e-05,5e-05,0.03166,-0.01952,-0.06355,-0.04447,-0.03319,0.02503,-0.17741,0.10701,-0.00326,0.00829,0.00402,0.03332,-0.01683,-0.04761,-0.00017,0.04629,0.00933,0.00273
41.3,0.00494,0.00548,0.00597,-0.05219,-0.01204,0.00915,-0.00762,0.02274,0.05523,0.17556,0.22086,0,0.0349,-0.06237,0.07446,-0.13643,-0.10133,0.01153,0.00896,-0.02275,3e-05,3e-05,0.0288,-0.01798,-0.0565,-0.03796,-0.05083,0.03348,-0.13428,0.13279,-0.00365,0.00704,0.00327,0.02246,-0.00568,-0.03459,0.01116,0.03454,0.00703,0.00196
41.32,0.00524,0.00521,0.01029,-0.04833,-0.00399,0.01329,-0.0021,0.01969,0.03874,0.14714,0.21133,0,0.01986,-0.05783,0.09536,-0.09557,-0.10762,-0.0115,0.01303,-0.02176,2e-05,2e-05,0.02442,-0.01581,-0.05459,-0.03033,-0.06647,0.04159,-0.08882,0.15326,-0.00376,0.0054,0.00235,0.01098,0.00522,-0.02131,0.02067,0.0232,0.00482,0.00125
41.34,0.00557,0.00506,0.01368,-0.04261,0.00392,0.01599,0.00651,0.01545,0.01995,0.11127,0.2063,0,0.0089,-0.04718,0.09658,-0.05211,-0.09372,-0.04093,0.01626,-0.01978,1e-05,1e-05,0.01819,-0.01253,-0.05919,-0.0204,-0.07971,0.04843,-0.04512,0.16747,-0.00371,0.00353,0.00133,-0.00061,0.01438,-0.00943,0.02843,0.01284,0.00284,0.00063
41.36,0.00583,0.00499,0.01612,-0.03538,0.01171,0.01749,0.01762,0.01034,-7e-05,0.06917,0.20503,0,0.00226,-0.0306,0.07831,-0.00725,-0.06001,-0.07629,0.01879,-0.01695,1e-05,0,0.01016,-0.00798,-0.07062,-0.00768,-0.09042,0.05342,-0.00568,0.17524,-0.00363,0.00156,0.00029,-0.01191,0.02083,-2e-05,0.03466,0.00377,0.00119,0.00017
41.38,0.00593,0.00499,0.01765,-0.02698,0.01926,0.01796,0.03043,0.00477,-0.0201,0.02286,0.20672,0,-0.00113,-0.0097,0.04549,0.03722,-0.01177,-0.11583,0.02113,-0.01358,0,-0,0.00085,-0.00233,-0.08804,0.00735,-0.09866,0.05647,0.02853,0.1771,-0.00358,-0.00044,-0.00074,-0.0226,0.02414,0.00646,0.03959,-0.00383,-0.0001,-0.00015
41.4,0.00582,0.00502,0.01838,-0.01788,0.02626,0.01755,0.04393,-0.00082,-0.03864,-0.02457,0.21053,0,-0.00335,0.01259,0.00715,0.07869,0.04131,-0.15642,0.02408,-0.01015,-0,-1e-05,-0.00872,0.00386,-0.10946,0.02337,-0.10456,0.05778,0.05763,0.17417,-0.00361,-0.00241,-0.00172,-0.03235,0.02435,0.01003,0.04346,-0.00985,-0.00102,-0.00032
41.42,0.00547,0.00506,0.01842,-0.00855,0.03234,0.01635,0.05696,-0.00591,-0.0541,-0.06956,0.21558,0,-0.00691,0.03273,-0.02594,0.11418,0.08761,-0.19423,0.02846,-0.00718,-0,-1e-05,-0.01733,0.00986,-0.13227,0.03852,-0.10827,0.05775,0.0822,0.16785,-0.00373,-0.00429,-0.00265,-0.04083,0.02181,0.01103,0.04645,-0.01427,-0.00158,-0.00036
41.44,0.00488,0.00509,0.0179,0.00061,0.03716,0.01442,0.06856,-0.0101,-0.06524,-0.10893,0.221,0,-0.01381,0.04778,-0.04492,0.14123,0.11725,-0.22592,0.03466,-0.00512,-1e-05,-1e-05,-0.02393,0.01498,-0.15399,0.05111,-0.11,0.05675,0.10277,0.15944,-0.00394,-0.00603,-0.00349,-0.04777,0.017,0.0099,0.0487,-0.01712,-0.00181,-0.00029
41.46,0.00407,0.0051,0.01693,0.00929,0.04049,0.01185,0.07801,-0.01313,-0.07139,-0.14046,0.22593,0,-0.02489,0.05612,-0.0452,0.15843,0.12458,-0.24933,0.04238,-0.00421,-1e-05,-1e-05,-0.02786,0.01878,-0.17266,0.06001,-0.10997,0.05498,0.11925,0.14996,-0.00422,-0.00757,-0.00422,-0.053,0.01046,0.00709,0.05028,-0.01854,-0.00176,-0.00014
41.48,0.00309,0.00506,0.01562,0.01721,0.04224,0.00872,0.08485,-0.01486,-0.07246,-0.16268,0.22942,0,-0.03964,0.05763,-0.0271,0.16539,0.1087,-0.26346,0.05045,-0.0045,-0,-1e-05,-0.02894,0.02104,-0.18686,0.06467,-0.10841,0.05244,0.13073,0.14015,-0.00455,-0.00882,-0.00479,-0.05642,0.00282,0.00303,0.05117,-0.01872,-0.00149,6e-05
41.5,0.00205,0.00497,0.01409,0.02409,0.0424,0.00519,0.08878,-0.01525,-0.06883,-0.17467,0.23051,0,-0.05622,0.05335,0.00478,0.16255,0.07288,-0.26816,0.05697,-0.00583,-0,-0,-0.02737,0.02173,-0.1955,0.06499,-0.10555,0.04899,0.13548,0.13051,-0.00491,-0.00967,-0.00516,-0.05795,-0.00518,-0.00187,0.05128,-0.01794,-0.00107,0.00029
41.52,0.00105,0.00481,0.01243,0.02964,0.04102,0.0014,0.08963,-0.01436,-0.06119,-0.17594,0.22825,0,-0.07217,0.04507,0.04348,0.15086,0.02296,-0.26387,0.05981,-0.00798,-0,-0,-0.02356,0.02098,-0.19784,0.06121,-0.1016,0.04441,0.13156,0.12137,-0.00526,-0.01,-0.00526,-0.05753,-0.0128,-0.0072,0.05045,-0.01644,-0.00057,0.00052
41.54,0.00019,0.00458,0.01071,0.03365,0.0382,-0.00247,0.08736,-0.01227,-0.05034,-0.16657,0.22195,0,-0.08531,0.03452,0.08244,0.13161,-0.03484,-0.25125,0.05747,-0.01063,-0,-0,-0.01805,0.01896,-0.19354,0.05382,-0.09671,0.0386,0.11786,0.11286,-0.00558,-0.00973,-0.00505,-0.05519,-0.01941,-0.01259,0.04859,-0.01449,-7e-05,0.00073
41.56,-0.00049,0.00428,0.00895,0.03605,0.0341,-0.00627,0.08216,-0.00913,-0.03714,-0.14732,0.2113,0,-0.0944,0.02297,0.11723,0.10635,-0.09525,-0.23111,0.04966,-0.01353,-0,-0,-0.01136,0.01593,-0.18279,0.04344,-0.09093,0.03163,0.09484,0.10493,-0.00586,-0.00887,-0.00455,-0.05108,-0.02459,-0.01769,0.04567,-0.01227,0.0004,0.0009
41.58,-0.00098,0.00393,0.00717,0.03687,0.02897,-0.00982,0.07443,-0.00517,-0.02254,-0.1198,0.19651,0,-0.09917,0.0112,0.14574,0.07702,-0.1538,-0.20449,0.03751,-0.01639,-0,-0,-0.00406,0.01221,-0.16636,0.03095,-0.08429,0.02389,0.06487,0.09741,-0.0061,-0.00754,-0.00382,-0.04552,-0.02811,-0.02212,0.04179,-0.00994,0.0008,0.00103
41.6,-0.00132,0.00355,0.00535,0.03623,0.02317,-0.01289,0.0648,-0.00069,-0.00769,-0.08646,0.1783,0,-0.1002,-0.00039,0.16763,0.04604,-0.20637,-0.17273,0.02338,-0.01894,-0,-1e-05,0.00325,0.00821,-0.14559,0.01748,-0.07684,0.01603,0.03213,0.0901,-0.00631,-0.00591,-0.00295,-0.03901,-0.02987,-0.02547,0.03719,-0.00763,0.00112,0.00109
41.62,-0.00154,0.00319,0.00351,0.0343,0.01707,-0.01527,0.05403,0.00398,0.00623,-0.05018,0.15771,0,-0.09841,-0.01154,0.18348,0.01602,-0.24921,-0.13744,0.01018,-0.0209,-0,-1e-05,0.00994,0.00435,-0.12217,0.00422,-0.06863,0.00885,0.0016,0.0828,-0.0065,-0.00422,-0.00209,-0.03208,-0.02987,-0.02735,0.03215,-0.00544,0.00134,0.0011
41.64,-0.00169,0.00287,0.00161,0.03126,0.01102,-0.01681,0.04286,0.0085,0.01821,-0.01363,0.1358,0,-0.09457,-0.02197,0.19357,-0.01088,-0.27922,-0.10033,0.00025,-0.02206,-0,-1e-05,0.01547,0.001,-0.09768,-0.00781,-0.05973,0.00305,-0.02245,0.07538,-0.00671,-0.00268,-0.00133,-0.02522,-0.0282,-0.02753,0.02693,-0.00343,0.00147,0.00105
41.66,-0.00179,0.00261,-0.00033,0.02735,0.00522,-0.01749,0.0319,0.01261,0.02755,0.02108,0.11351,0,-0.08894,-0.03111,0.19716,-0.03322,-0.29407,-0.06324,-0.00538,-0.02229,-0,-1e-05,0.01948,-0.00157,-0.07344,-0.01797,-0.0503,-0.00097,-0.03742,0.06782,-0.00696,-0.00142,-0.00075,-0.01873,-0.02509,-0.02605,0.02169,-0.00163,0.00149,0.00093
41.68,-0.00183,0.00243,-0.00232,0.02283,-0.00018,-0.01742,0.02176,0.01608,0.03381,0.05221,0.09177,0,-0.0812,-0.03804,0.19219,-0.05018,-0.29211,-0.02843,-0.00705,-0.02154,-1e-05,-1e-05,0.02175,-0.00318,-0.05062,-0.02595,-0.0406,-0.00307,-0.04252,0.06025,-0.00728,-0.00053,-0.00039,-0.01276,-0.02085,-0.02322,0.0165,-1e-05,0.00142,0.00077
41.7,-0.00179,0.00232,-0.00431,0.01803,-0.00506,-0.01682,0.01304,0.01867,0.03673,0.07811,0.07167,0,-0.07056,-0.04148,0.17554,-0.06139,-0.27227,0.00132,-0.00634,-0.01987,-1e-05,-1e-05,0.02214,-0.00373,-0.03042,-0.03163,-0.03108,-0.00336,-0.03848,0.05303,-0.0077,-1e-05,-0.00024,-0.00742,-0.01596,-0.01958,0.01142,0.00143,0.00126,0.00056
41.72,-0.00163,0.0023,-0.00624,0.01332,-0.00934,-0.01596,0.00631,0.02017,0.03618,0.0974,0.05429,0,-0.05622,-0.0402,0.14425,-0.06678,-0.23451,0.02324,-0.00534,-0.01736,-1e-05,-2e-05,0.0206,-0.0032,-0.01397,-0.03507,-0.02227,-0.00206,-0.02702,0.04662,-0.00825,0.00016,-0.00028,-0.00275,-0.01091,-0.01578,0.00652,0.00273,0.00103,0.00032
41.74,-0.00133,0.00233,-0.00802,0.00901,-0.01294,-0.01508,0.00189,0.0204,0.03224,0.1092,0.04038,0,-0.03788,-0.03363,0.09736,-0.06664,-0.18061,0.03571,-0.00586,-0.0141,-1e-05,-2e-05,0.01715,-0.00162,-0.00205,-0.03641,-0.01466,0.00049,-0.01021,0.04141,-0.00897,2e-05,-0.00048,0.00125,-0.00612,-0.01228,0.00181,0.00384,0.00073,6e-05
41.76,-0.00089,0.0024,-0.00957,0.00534,-0.01585,-0.01431,-0.00021,0.01924,0.02519,0.11342,0.0302,0,-0.01619,-0.02229,0.0373,-0.06159,-0.11489,0.03885,-0.00875,-0.01017,-1e-05,-2e-05,0.01192,0.00087,0.00503,-0.03591,-0.00855,0.00396,0.00989,0.03763,-0.00987,-0.00036,-0.00079,0.00459,-0.00184,-0.00924,-0.00269,0.0047,0.00036,-0.0002
41.78,-0.00031,0.00248,-0.0108,0.00245,-0.01804,-0.01371,-0.00034,0.01667,0.01558,0.11073,0.02356,0,0.00692,-0.00805,-0.02926,-0.05263,-0.04495,0.03474,-0.01379,-0.00565,-0,-1e-05,0.00512,0.00398,0.00738,-0.03385,-0.00412,0.00796,0.03117,0.03534,-0.011,-0.0009,-0.00116,0.00724,0.00184,-0.00646,-0.0069,0.00518,-8e-05,-0.00048
41.8,0.00036,0.0025,-0.01159,0.00048,-0.01949,-0.01326,0.00084,0.01274,0.00426,0.10241,0.01991,0,0.02841,0.00608,-0.09177,-0.04111,0.01864,0.02709,-0.01978,-0.00065,-0,-1e-05,-0.00286,0.00735,0.00549,-0.0306,-0.00145,0.01204,0.05143,0.03447,-0.01235,-0.00149,-0.00155,0.00918,0.00493,-0.00349,-0.01073,0.00506,-0.0006,-0.00075
41.82,0.00107,0.00242,-0.01179,-0.00048,-0.02012,-0.01288,0.00251,0.0075,-0.00789,0.09004,0.01849,0,0.04496,0.01673,-0.13862,-0.02845,0.06492,0.02022,-0.02502,0.00474,-0,-1e-05,-0.01158,0.01052,0,-0.02648,-0.00051,0.01581,0.06855,0.03472,-0.01388,-0.00204,-0.0019,0.01036,0.00744,0.00021,-0.01405,0.0041,-0.00119,-0.00101
41.84,0.00177,0.00217,-0.01127,-0.00045,-0.01982,-0.01243,0.00375,0.00095,-0.02018,0.07509,0.01842,0,0.05445,0.0214,-0.16151,-0.01584,0.08662,0.01777,-0.02813,0.01051,-0,-1e-05,-0.0207,0.01307,-0.00843,-0.02164,-0.00107,0.01899,0.08103,0.03552,-0.0155,-0.00247,-0.00216,0.01084,0.00935,0.00502,-0.01683,0.00208,-0.00183,-0.00125
41.86,0.00245,0.0017,-0.0099,0.00048,-0.01841,-0.0118,0.00364,-0.00702,-0.03233,0.05867,0.01879,0,0.05692,0.01933,-0.15849,-0.00399,0.08305,0.02173,-0.02852,0.01679,-0,-0,-0.02999,0.01465,-0.01922,-0.01603,-0.00267,0.02155,0.08816,0.03591,-0.01699,-0.00273,-0.00232,0.01081,0.01053,0.01099,-0.01919,-0.00119,-0.00249,-0.00143
41.88,0.00309,0.00094,-0.00759,0.00208,-0.0157,-0.01085,0.00131,-0.01658,-0.0444,0.04163,0.01863,0,0.0548,0.01168,-0.13461,0.00681,0.06073,0.03218,-0.0265,0.02379,-1e-05,0,-0.0393,0.015,-0.0318,-0.0094,-0.00457,0.02367,0.09009,0.03456,-0.01801,-0.0028,-0.00234,0.01062,0.01072,0.01772,-0.02137,-0.00581,-0.00309,-0.00153
41.9,0.00372,-0.00015,-0.00426,0.00402,-0.01145,-0.00945,-0.00411,-0.02785,-0.05669,0.02463,0.01695,0,0.05245,0.00128,-0.10094,0.01658,0.03234,0.04755,-0.02319,0.03175,-1e-05,0,-0.04849,0.01389,-0.04556,-0.00134,-0.00577,0.02571,0.08762,0.02976,-0.01812,-0.00271,-0.00223,0.01076,0.00953,0.02439,-0.02372,-0.01178,-0.00356,-0.00149
41.92,0.00435,-0.0016,0.0001,0.00584,-0.00537,-0.00752,-0.01339,-0.04094,-0.06956,0.00806,0.01277,0,0.05491,-0.0084,-0.07077,0.02558,0.01294,0.06554,-0.02008,0.04088,-1e-05,1e-05,-0.05733,0.01106,-0.05981,0.00856,-0.00514,0.02814,0.08185,0.01966,-0.01672,-0.00248,-0.002,0.01178,0.00656,0.0299,-0.02663,-0.01902,-0.00376,-0.00125
41.94,0.00499,-0.00344,0.00551,0.00699,0.00281,-0.00506,-0.02713,-0.05584,-0.08337,-0.0081,0.00517,0,0.06588,-0.0147,-0.05427,0.03432,0.01448,0.0845,-0.01845,0.05127,-2e-05,1e-05,-0.06542,0.00616,-0.0738,0.02065,-0.00152,0.0315,0.07361,0.00254,-0.01312,-0.00216,-0.00163,0.01414,0.00159,0.03313,-0.03041,-0.02745,-0.00359,-0.00074
41.96,0.00565,-0.00568,0.01191,0.00684,0.01334,-0.00219,-0.04565,-0.07241,-0.09829,-0.02443,-0.00666,0,0.08641,-0.01679,-0.05476,0.04349,0.04197,0.10427,-0.01898,0.06281,-3e-05,1e-05,-0.07215,-0.00134,-0.08667,0.0351,0.0061,0.03625,0.06322,-0.02288,-0.00656,-0.00181,-0.00114,0.01818,-0.00532,0.0331,-0.03525,-0.03693,-0.00291,8e-05
41.98,0.00632,-0.0083,0.01918,0.00465,0.02639,0.00082,-0.06881,-0.09021,-0.1142,-0.04187,-0.02328,0,0.11435,-0.01587,-0.06786,0.0539,0.09241,0.12628,-0.02161,0.07512,-3e-05,1e-05,-0.07657,-0.01205,-0.09738,0.05171,0.01855,0.04281,0.05044,-0.05726,0.00376,-0.00145,-0.00049,0.02401,-0.01374,0.02901,-0.04112,-0.04724,-0.00163,0.00127
42,0.00695,-0.01122,0.02705,-0.00039,0.04193,0.00354,-0.09596,-0.10843,-0.13059,-0.06166,-0.04501,0,0.14466,-0.0149,-0.08245,0.06637,0.15559,0.1532,-0.02567,0.08745,-4e-05,1e-05,-0.07747,-0.02662,-0.10461,0.0699,0.03634,0.05146,0.03456,-0.10034,0.0186,-0.00115,0.0003,0.03153,-0.02283,0.02025,-0.04782,-0.05799,0.00037,0.00285
42.02,0.00751,-0.01435,0.03514,-0.00902,0.05979,0.00547,-0.12603,-0.12602,-0.14671,-0.08509,-0.07188,0,0.1707,-0.01763,-0.08423,0.0818,0.21786,0.18825,-0.0302,0.09884,-5e-05,1e-05,-0.07359,-0.04548,-0.10693,0.08874,0.05953,0.0622,0.0145,-0.15053,0.03854,-0.001,0.00123,0.0404,-0.03156,0.00642,-0.055,-0.06863,0.00313,0.00485
42.04,0.00797,-0.01757,0.04308,-0.02179,0.07969,0.00614,-0.15783,-0.14202,-0.16186,-0.11339,-0.1038,0,0.18637,-0.0272,-0.06085,0.10115,0.26752,0.23421,-0.03438,0.10832,-5e-05,1e-05,-0.06405,-0.06855,-0.10313,0.10718,0.08738,0.07463,-0.01114,-0.20445,0.06381,-0.00111,0.00224,0.05008,-0.03897,-0.0126,-0.06233,-0.07857,0.00666,0.0072
42.06,0.00833,-0.02075,0.05052,-0.03888,0.10121,0.00522,-0.19011,-0.15569,-0.17551,-0.14747,-0.14045,0,0.18744,-0.04515,-0.00556,0.12537,0.29842,0.29256,-0.03788,0.11509,-5e-05,0,-0.04872,-0.09495,-0.09245,0.12406,0.11807,0.08779,-0.04392,-0.25633,0.09405,-0.00169,0.00322,0.05979,-0.04431,-0.03651,-0.06955,-0.08712,0.01087,0.00985
42.08,0.0086,-0.02377,0.05707,-0.0599,0.12367,0.00254,-0.2213,-0.16641,-0.18724,-0.18768,-0.18103,0,0.17186,-0.07101,0.08151,0.15528,0.31063,0.36293,-0.04089,0.11843,-4e-05,-1e-05,-0.02835,-0.12271,-0.07468,0.13806,0.14844,0.09998,-0.08532,-0.29752,0.12804,-0.00302,0.00396,0.0684,-0.04705,-0.06437,-0.07642,-0.09345,0.01554,0.01261
42.1,0.00882,-0.02642,0.06224,-0.08391,0.14597,-0.00195,-0.24944,-0.17364,-0.19665,-0.2336,-0.22405,0,0.13958,-0.10249,0.19371,0.19139,0.30944,0.44286,-0.04402,0.11774,-2e-05,-2e-05,-0.00462,-0.14877,-0.05025,0.1476,0.17395,0.10886,-0.13631,-0.31666,0.16364,-0.00541,0.00421,0.07448,-0.04686,-0.0946,-0.08272,-0.0966,0.02032,0.01526
42.12,0.00903,-0.02852,0.06557,-0.10968,0.16694,-0.00818,-0.27245,-0.17683,-0.20346,-0.28435,-0.26769,0,0.09201,-0.13618,0.32036,0.23399,0.30304,0.52877,-0.04813,0.1126,1e-05,-3e-05,0.02021,-0.16944,-0.02014,0.15131,0.18963,0.11191,-0.19682,-0.302,0.19813,-0.00923,0.00367,0.07647,-0.0435,-0.1253,-0.08824,-0.09558,0.02481,0.0175
42.14,0.0092,-0.02993,0.06671,-0.13618,0.18576,-0.01599,-0.28892,-0.17559,-0.20766,-0.3392,-0.31039,0,0.03135,-0.16885,0.45044,0.28334,0.29921,0.61749,-0.05402,0.10302,6e-05,-4e-05,0.04384,-0.1813,0.01418,0.14863,0.19152,0.10733,-0.26492,-0.24509,0.22899,-0.01483,0.00204,0.07312,-0.0368,-0.15496,-0.09291,-0.08972,0.02864,0.01913
42.16,0.00926,-0.03062,0.06552,-0.16282,0.20233,-0.02518,-0.29853,-0.16968,-0.20972,-0.3977,-0.35116,0,-0.03964,-0.19816,0.57467,0.33965,0.30308,0.70699,-0.06222,0.08963,0.00013,-5e-05,0.06425,-0.18177,0.05063,0.14039,0.17773,0.09461,-0.33607,-0.14364,0.25425,-0.02249,-0.00088,0.06379,-0.02673,-0.18282,-0.09686,-0.07885,0.03163,0.02004
42.18,0.00907,-0.03065,0.06213,-0.18936,0.21715,-0.03541,-0.30203,-0.15912,-0.21052,-0.45936,-0.384,0,-0.11719,-0.22257,0.68511,0.40266,0.31662,0.79595,-0.0729,0.07381,0.00023,-6e-05,0.07959,-0.16925,0.0863,0.12894,0.14877,0.07477,-0.40238,-0.00282,0.27246,-0.03238,-0.00524,0.04852,-0.01339,-0.20871,-0.10037,-0.06343,0.03373,0.02024
42.2,0.0084,-0.03019,0.05687,-0.21564,0.2311,-0.04616,-0.30105,-0.14418,-0.2113,-0.52321,-0.384,0,-0.1962,-0.24118,0.77439,0.47125,0.33877,0.88293,-0.08577,0.0577,0.00036,-7e-05,0.08809,-0.14296,0.11733,0.11791,0.10737,0.05023,-0.45269,0.16487,0.28239,-0.04447,-0.01105,0.02813,0.00288,-0.23285,-0.10386,-0.04461,0.03499,0.01982
42.22,0.00703,-0.02944,0.05023,-0.2416,0.24517,-0.05677,-0.29761,-0.12537,-0.21337,-0.58787,-0.384,0,-0.27092,-0.25365,0.83621,0.54347,0.3663,0.96592,-0.1002,0.04365,0.00051,-6e-05,0.08841,-0.10269,0.13973,0.11125,0.05771,0.02404,-0.47497,0.34258,0.28313,-0.05852,-0.0182,0.00403,0.02161,-0.2557,-0.10773,-0.02386,0.03552,0.01897
42.24,0.00476,-0.02863,0.04274,-0.26742,0.25999,-0.06662,-0.29337,-0.10343,-0.21769,-0.65186,-0.384,0,-0.33627,-0.26037,0.86702,0.61686,0.39489,1.04208,-0.11528,0.03358,0.00068,-5e-05,0.08022,-0.04846,0.15074,0.11164,0.00433,-0.00125,-0.46015,0.51369,0.27427,-0.07399,-0.02642,-0.02194,0.04223,-0.27792,-0.11234,-0.00267,0.0355,0.01785
42.26,0.0015,-0.028,0.03489,-0.29344,0.27556,-0.07513,-0.28926,-0.0794,-0.22461,-0.71367,-0.384,0,-0.38851,-0.26256,0.86699,0.68833,0.41982,1.10732,-0.12983,0.02842,0.00086,-2e-05,0.06469,0.01948,0.14973,0.11949,-0.04851,-0.02426,-0.40493,0.66443,0.25606,-0.09001,-0.03525,-0.04755,0.06411,-0.30029,-0.11781,0.01775,0.03509,0.01663
42.28,-0.00273,-0.02776,0.0272,-0.32003,0.29103,-0.08171,-0.28535,-0.05481,-0.23371,-0.77127,-0.384,0,-0.42501,-0.26224,0.84017,0.75367,0.43594,1.15568,-0.14228,0.02811,0.00104,3e-05,0.04469,0.1002,0.13838,0.13262,-0.09652,-0.04485,-0.3128,0.78331,0.22963,-0.10521,-0.04396,-0.06997,0.08639,-0.32351,-0.12404,0.03631,0.03449,0.01546
42.3,-0.00774,-0.02811,0.02025,-0.34735,0.30471,-0.08577,-0.28097,-0.03173,-0.24386,-0.82176,-0.384,0,-0.44383,-0.26211,0.79402,0.8072,0.43767,1.17923,-0.15069,0.03168,0.00119,0.0001,0.02462,0.1916,0.1204,0.14654,-0.13516,-0.06374,-0.19347,0.86004,0.19693,-0.1177,-0.05153,-0.0858,0.10788,-0.34802,-0.13065,0.05193,0.03388,0.01447
42.32,-0.01325,-0.02922,0.01464,-0.37537,0.31453,-0.08676,-0.27513,-0.01246,-0.25349,-0.86186,-0.384,0,-0.44375,-0.26502,0.73768,0.84268,0.41977,1.16978,-0.15309,0.03767,0.00128,0.0002,0.00942,0.2903,0.10039,0.1558,-0.16014,-0.08208,-0.06006,0.88567,0.16042,-0.12546,-0.05687,-0.09167,0.1273,-0.37399,-0.13705,0.06366,0.03345,0.01378
42.34,-0.01895,-0.03111,0.01081,-0.40394,0.3188,-0.0844,-0.26692,0.00119,-0.26099,-0.88898,-0.384,0,-0.42477,-0.27333,0.67973,0.85503,0.37868,1.12174,-0.14805,0.0446,0.00125,0.00033,0.00303,0.39168,0.08219,0.15594,-0.16855,-0.10087,0.07525,0.85392,0.1225,-0.12698,-0.05912,-0.08538,0.14373,-0.40139,-0.14262,0.07092,0.03332,0.01347
42.36,-0.02449,-0.03365,0.00902,-0.43276,0.3167,-0.07883,-0.25594,0.00825,-0.26503,-0.90184,-0.384,0,-0.3885,-0.28835,0.6268,0.84149,0.31362,1.03444,-0.13518,0.05126,0.00105,0.00049,0.00735,0.48969,0.06791,0.14481,-0.15958,-0.12051,0.20375,0.76229,0.08526,-0.12173,-0.05795,-0.06666,0.15691,-0.42993,-0.14674,0.07369,0.03352,0.01354
42.38,-0.02948,-0.03648,0.0093,-0.46119,0.30845,-0.07071,-0.24246,0.00868,-0.26454,-0.90051,-0.384,0,-0.33847,-0.31016,0.58364,0.80195,0.22727,0.91315,-0.11529,0.05675,0.00061,0.00069,0.02199,0.57593,0.05773,0.123,-0.13474,-0.14055,0.31983,0.61279,0.05071,-0.11026,-0.05354,-0.03751,0.16712,-0.45886,-0.14878,0.07251,0.034,0.01393
42.4,-0.03345,-0.03907,0.0115,-0.48809,0.29516,-0.06111,-0.22742,0.00318,-0.25868,-0.88615,-0.384,0,-0.28007,-0.33759,0.55356,0.73873,0.1258,0.76896,-0.09032,0.06042,-0.00015,0.0009,0.04448,0.63952,0.05022,0.09357,-0.09757,-0.15963,0.41981,0.41199,0.02096,-0.09413,-0.04659,-0.00201,0.17511,-0.48681,-0.14812,0.06839,0.03466,0.01453
42.42,-0.03591,-0.04081,0.01537,-0.51208,0.27844,-0.05134,-0.21212,-0.00706,-0.24684,-0.86051,-0.384,0,-0.21951,-0.36868,0.53851,0.65563,0.01739,0.616,-0.06284,0.06192,-0.00132,0.00112,0.07127,0.66929,0.043,0.06099,-0.05274,-0.17593,0.50143,0.16917,-0.00191,-0.07544,-0.03806,0.03475,0.18177,-0.5122,-0.14417,0.06257,0.03533,0.0152
42.44,-0.03654,-0.04122,0.02062,-0.53213,0.25981,-0.04247,-0.19778,-0.02073,-0.22864,-0.82538,-0.384,0,-0.16205,-0.4013,0.5389,0.55673,-0.09008,0.46728,-0.0352,0.0613,-0.00297,0.00133,0.09899,0.65749,0.03361,0.02951,-0.00456,-0.18782,0.56365,-0.10646,-0.01642,-0.05621,-0.02889,0.06827,0.18786,-0.53383,-0.13653,0.05629,0.03588,0.0158
42.46,-0.03524,-0.04011,0.02697,-0.54788,0.24043,-0.03511,-0.18523,-0.03656,-0.20401,-0.78235,-0.35348,0,-0.1111,-0.43351,0.55342,0.44582,-0.19032,0.33223,-0.00914,0.05903,-0.00518,0.00148,0.12531,0.60255,0.02017,0.00222,0.04375,-0.19435,0.60647,-0.40666,-0.02196,-0.03798,-0.01982,0.09563,0.19383,-0.55132,-0.1251,0.05053,0.03625,0.01628
42.48,-0.03218,-0.03755,0.03407,-0.55954,0.2211,-0.02945,-0.17499,-0.05323,-0.17342,-0.73305,-0.31486,0,-0.06835,-0.46338,0.57893,0.32712,-0.27817,0.2172,0.01419,0.05609,-0.00797,0.00154,0.14893,0.51006,0.00165,-0.01903,0.08991,-0.1953,0.63039,-0.72222,-0.01881,-0.02186,-0.01143,0.11555,0.19969,-0.56502,-0.1102,0.04609,0.03647,0.01659
42.5,-0.02777,-0.03392,0.04152,-0.5678,0.20243,-0.02526,-0.16736,-0.06934,-0.13795,-0.67937,-0.27567,0,-0.03428,-0.48887,0.61067,0.20587,-0.34892,0.12651,0.03398,0.05391,-0.01133,0.00143,0.1693,0.39215,-0.02221,-0.03327,0.13218,-0.19102,0.63603,-1.04116,-0.00801,-0.00869,-0.00421,0.12797,0.20501,-0.57581,-0.09259,0.0436,0.0366,0.01677
42.52,-0.02256,-0.02971,0.04891,-0.57358,0.18498,-0.02211,-0.16251,-0.08354,-0.0991,-0.62337,-0.23679,0,-0.0085,-0.50814,0.64341,0.0877,-0.39883,0.06274,0.04972,0.05424,-0.01514,0.00108,0.18631,0.26441,-0.05125,-0.04006,0.16924,-0.18221,0.62396,-1.34987,0.00894,0.00094,0.00148,0.13362,0.20921,-0.58482,-0.07325,0.04352,0.03678,0.01685
42.54,-0.01706,-0.02542,0.05589,-0.57795,0.16917,-0.01945,-0.16061,-0.09483,-0.05847,-0.56687,-0.19885,0,0.00993,-0.52035,0.67308,-0.02288,-0.42637,0.02618,0.06129,0.05898,-0.01919,0.0004,0.19996,0.1412,-0.08555,-0.03907,0.20019,-0.16967,0.59468,-1.63631,0.03043,0.00672,0.00541,0.13341,0.21188,-0.59309,-0.05309,0.04611,0.03711,0.0169
42.56,-0.01167,-0.02137,0.06228,-0.58196,0.15542,-0.01672,-0.1618,-0.10272,-0.01762,-0.51135,-0.16229,0,0.02232,-0.52606,0.69777,-0.1231,-0.43309,0.01461,0.069,0.07003,-0.02309,-0.0007,0.21011,0.03286,-0.12573,-0.02982,0.22449,-0.15413,0.54886,-1.89131,0.05488,0.00867,0.0075,0.12808,0.21306,-0.60137,-0.03276,0.05136,0.03768,0.01695
42.58,-0.00665,-0.01777,0.06798,-0.58664,0.14423,-0.01342,-0.16626,-0.10722,0.02168,-0.45839,-0.12758,0,0.03016,-0.52731,0.71784,-0.21131,-0.42371,0.02338,0.07351,0.08915,-0.02629,-0.00234,0.21634,-0.05413,-0.17273,-0.01169,0.24176,-0.13634,0.48759,-2.10679,0.08058,0.00713,0.00784,0.11812,0.21327,-0.60994,-0.01275,0.05901,0.03853,0.01705
42.6,-0.00224,-0.01471,0.07296,-0.5929,0.13626,-0.0091,-0.17416,-0.10872,0.05715,-0.40997,-0.09548,0,0.035,-0.52735,0.73541,-0.28616,-0.40556,0.04597,0.07573,0.11789,-0.02798,-0.00461,0.2179,-0.11634,-0.22753,0.01599,0.25162,-0.11713,0.41272,-2.27407,0.10561,0.00265,0.00665,0.10387,0.21344,-0.61869,0.00638,0.06848,0.03967,0.01723
42.62,0.00141,-0.0122,0.0772,-0.60145,0.13214,-0.00342,-0.18555,-0.10781,0.08628,-0.36819,-0.067,0,0.03818,-0.52971,0.75317,-0.34639,-0.38696,0.07548,0.07665,0.15745,-0.02712,-0.00756,0.21404,-0.15348,-0.29095,0.05359,0.25381,-0.09728,0.32677,-2.38482,0.12806,-0.00401,0.00422,0.08565,0.21457,-0.62732,0.02408,0.07904,0.04107,0.0175
42.64,0.00429,-0.01022,0.0807,-0.6127,0.13208,0.00378,-0.20015,-0.10507,0.10692,-0.33451,-0.04306,0,0.04068,-0.53703,0.77287,-0.39106,-0.37492,0.10667,0.0771,0.20844,-0.02238,-0.01122,0.20449,-0.16928,-0.36364,0.1007,0.24867,-0.07727,0.23271,-2.43398,0.14648,-0.01203,0.00091,0.06405,0.21734,-0.63579,0.03983,0.09003,0.04269,0.01787
42.66,0.00647,-0.00869,0.08347,-0.62661,0.13561,0.01245,-0.21718,-0.10097,0.11762,-0.30933,-0.02438,0,0.04293,-0.55017,0.7942,-0.41962,-0.37362,0.13717,0.07768,0.2706,-0.01218,-0.01552,0.18979,-0.17204,-0.44578,0.15559,0.2374,-0.05714,0.13414,-2.42175,0.1601,-0.02053,-0.00287,0.04017,0.22173,-0.64462,0.05319,0.10088,0.0445,0.01836
42.68,0.00818,-0.00751,0.08553,-0.64257,0.14154,0.02225,-0.23517,-0.09584,0.1176,-0.29211,-0.0116,-0,0.04478,-0.56788,0.81429,-0.43169,-0.38403,0.16767,0.07865,0.34221,0.00525,-0.02027,0.17158,-0.17474,-0.53637,0.21473,0.22222,-0.03662,0.03603,-2.35398,0.16884,-0.0285,-0.0066,0.01586,0.22693,-0.65485,0.06364,0.11116,0.04646,0.01895
42.7,0.00971,-0.00655,0.08683,-0.65938,0.14798,0.03252,-0.25197,-0.08992,0.10661,-0.28164,-0.00538,-0,0.04553,-0.58694,0.82791,-0.42676,-0.40433,0.2013,0.08003,0.41988,0.03177,-0.02516,0.15244,-0.19404,-0.63276,0.2726,0.2063,-0.01533,-0.05475,-2.24146,0.17307,-0.03485,-0.00971,-0.00622,0.23147,-0.66788,0.07056,0.12041,0.04849,0.01961
42.72,0.01141,-0.00573,0.08733,-0.67553,0.15272,0.04249,-0.26507,-0.0834,0.08498,-0.27637,-0.0063,-0,0.04426,-0.60299,0.82854,-0.40441,-0.43105,0.24232,0.08163,0.49915,0.06914,-0.02961,0.13543,-0.2467,-0.73092,0.32253,0.1931,0.00719,-0.13059,-2.09764,0.17351,-0.03854,-0.01165,-0.02308,0.23361,-0.68493,0.07328,0.12817,0.05053,0.02033
42.74,0.01358,-0.00495,0.08699,-0.68974,0.15376,0.05159,-0.27225,-0.07646,0.05364,-0.27461,-0.0145,-0,0.04029,-0.61176,0.81021,-0.36468,-0.46086,0.29439,0.08323,0.57559,0.11874,-0.03286,0.1231,-0.34429,-0.82619,0.3582,0.18547,0.03137,-0.18513,-1.93546,0.17095,-0.03895,-0.01205,-0.0322,0.23213,-0.70637,0.07135,0.13406,0.05251,0.02109
42.76,0.01643,-0.00411,0.08581,-0.70117,0.14965,0.05965,-0.27195,-0.06934,0.01439,-0.27474,-0.02942,-0,0.03348,-0.60986,0.76879,-0.30865,-0.49158,0.35918,0.08468,0.64542,0.18121,-0.0338,0.117,-0.48915,-0.9135,0.37458,0.18498,0.05759,-0.21457,-1.76587,0.16623,-0.03611,-0.01089,-0.03204,0.22671,-0.73112,0.06467,0.13777,0.0544,0.02187
42.78,0.02008,-0.00319,0.08385,-0.70946,0.13961,0.06687,-0.26337,-0.06238,-0.02985,-0.27524,-0.04964,-0,0.02438,-0.59503,0.70254,-0.23883,-0.52224,0.43551,0.08593,0.70504,0.25591,-0.03103,0.11754,-0.67239,-0.98673,0.36794,0.19184,0.0859,-0.21768,-1.59864,0.16019,-0.0308,-0.00852,-0.02219,0.2182,-0.75636,0.05362,0.13904,0.05617,0.02269
42.8,0.02449,-0.00215,0.08123,-0.71461,0.12348,0.07374,-0.24641,-0.05607,-0.07492,-0.2747,-0.07289,-0,0.01423,-0.566,0.61217,-0.15934,-0.55276,0.51928,0.08697,0.75057,0.34066,-0.02282,0.12417,-0.87443,-1.03835,0.33573,0.20504,0.11585,-0.19539,-1.44339,0.1537,-0.0244,-0.00558,-0.0032,0.20839,-0.77758,0.03899,0.13763,0.05781,0.02353
42.82,0.02954,-0.001,0.07808,-0.71677,0.10152,0.08085,-0.22154,-0.0509,-0.1162,-0.27181,-0.09654,-0,0.00477,-0.52232,0.50007,-0.07493,-0.58333,0.6046,0.08786,0.77818,0.43227,-0.00717,0.13556,-1.07048,-1.06087,0.27679,0.22288,0.14646,-0.15044,-1.30877,0.14756,-0.01858,-0.00288,0.02376,0.1996,-0.78964,0.02185,0.13338,0.05926,0.0244
42.84,0.03504,0.00026,0.07457,-0.71618,0.07409,0.08877,-0.18963,-0.04714,-0.14986,-0.26535,-0.11828,-0,-0.00207,-0.46412,0.36912,0.0106,-0.61386,0.68574,0.08869,0.78494,0.52767,0.01814,0.14993,-1.23904,-1.04932,0.19172,0.2438,0.17626,-0.08719,-1.20039,0.1424,-0.01466,-0.00107,0.05736,0.19382,-0.78831,0.00325,0.12627,0.06049,0.02527
42.86,0.04078,0.00161,0.07081,-0.71309,0.04158,0.09784,-0.15203,-0.04472,-0.17368,-0.25423,-0.13652,-0,-0.00434,-0.39215,0.2224,0.09521,-0.6434,0.75826,0.08958,0.76944,0.62429,0.05533,0.16516,-1.36726,-1.00313,0.08364,0.26676,0.20328,-0.01169,-1.11963,0.13857,-0.01332,-0.00044,0.09637,0.19223,-0.77146,-0.01589,0.11651,0.06141,0.02611
42.88,0.04646,0.00303,0.06696,-0.70773,0.0046,0.1081,-0.1108,-0.04319,-0.18698,-0.23755,-0.15041,-0,-6e-05,-0.3083,0.06412,0.1782,-0.66981,0.81866,0.09066,0.73199,0.71943,0.10638,0.1787,-1.45125,-0.92681,-0.04093,0.29123,0.22478,0.06775,-1.06412,0.13618,-0.01444,-0.00096,0.13938,0.19505,-0.73938,-0.03469,0.10463,0.06194,0.02683
42.9,0.05166,0.00449,0.0632,-0.70029,-0.03585,0.11924,-0.06883,-0.04178,-0.19035,-0.21463,-0.15959,-0,0.01274,-0.21601,-0.09943,0.25951,-0.68966,0.86377,0.09208,0.6745,0.80966,0.17282,0.18751,-1.49428,-0.82968,-0.17185,0.31696,0.23726,0.14052,-1.02874,0.13513,-0.01725,-0.00226,0.18462,0.20172,-0.69464,-0.05214,0.0915,0.06193,0.02733
42.92,0.05596,0.00596,0.05974,-0.69093,-0.07855,0.13075,-0.02941,-0.03963,-0.18519,-0.18501,-0.16412,-0,0.03598,-0.11983,-0.26029,0.33946,-0.69887,0.89045,0.09386,0.59988,0.89117,0.25581,0.18819,-1.50431,-0.72378,-0.29719,0.34381,0.23717,0.19564,-1.00686,0.13518,-0.02062,-0.00379,0.23014,0.2112,-0.64098,-0.06725,0.07814,0.06123,0.02749
42.94,0.05904,0.00743,0.05672,-0.67966,-0.12243,0.14209,0.00468,-0.036,-0.17325,-0.14833,-0.1644,-0,0.07132,-0.02465,-0.41011,0.41886,-0.69376,0.89559,0.0958,0.51126,0.96078,0.35649,0.17722,-1.49117,-0.62075,-0.40644,0.37152,0.22213,0.22489,-0.99178,0.13597,-0.02347,-0.00504,0.27433,0.22245,-0.5819,-0.07923,0.06544,0.05972,0.0272
42.96,0.0608,0.00892,0.05424,-0.66629,-0.16674,0.15279,0.03167,-0.03048,-0.15639,-0.10441,-0.16118,-0,0.11987,0.06469,-0.54053,0.49877,-0.67183,0.87621,0.09739,0.41175,1.01647,0.47573,0.15126,-1.46485,-0.53007,-0.49236,0.39956,0.19187,0.225,-0.97758,0.13706,-0.02506,-0.00568,0.31608,0.2347,-0.51978,-0.08761,0.05396,0.05734,0.02642
42.98,0.06136,0.0105,0.05234,-0.65061,-0.21072,0.16246,0.05066,-0.02307,-0.13661,-0.05358,-0.15551,0,0.18185,0.14266,-0.64224,0.57989,-0.63207,0.82943,0.09774,0.30508,1.05699,0.61326,0.1073,-1.43507,-0.45935,-0.55071,0.42679,0.14866,0.19805,-0.95958,0.13794,-0.02507,-0.00555,0.35451,0.24749,-0.45613,-0.09224,0.04399,0.0541,0.02514
43,0.06099,0.01223,0.05101,-0.63237,-0.25331,0.17064,0.0614,-0.01417,-0.11608,0.00313,-0.14874,0,0.25637,0.20268,-0.70431,0.66192,-0.57496,0.75279,0.09566,0.19619,1.08137,0.76708,0.04289,-1.4115,-0.41494,-0.57942,0.45144,0.09713,0.15081,-0.93431,0.13803,-0.02348,-0.0047,0.38868,0.26046,-0.39215,-0.09314,0.03565,0.05011,0.02341
43.02,0.06008,0.0142,0.05024,-0.61138,-0.2933,0.17689,0.06398,-0.00443,-0.09677,0.06429,-0.14222,0,0.34217,0.23804,-0.71557,0.74363,-0.50203,0.64474,0.08991,0.09071,1.08868,0.93429,-0.04379,-1.4036,-0.40178,-0.57817,0.47147,0.04313,0.09251,-0.89943,0.13672,-0.02053,-0.00328,0.41767,0.27321,-0.32891,-0.09046,0.02894,0.04554,0.02133
43.04,0.05897,0.01648,0.04997,-0.58741,-0.32978,0.18095,0.05871,0.00554,-0.07988,0.12875,-0.13689,0,0.43866,0.24382,-0.66753,0.82326,-0.41534,0.50562,0.07961,-0.00626,1.07805,1.11273,-0.15375,-1.4203,-0.42251,-0.54826,0.48537,-0.00819,0.03172,-0.8535,0.13342,-0.01651,-0.00146,0.44083,0.28505,-0.26743,-0.08441,0.02375,0.04057,0.01902
43.06,0.05793,0.01907,0.05011,-0.56022,-0.36228,0.1828,0.04601,0.01524,-0.06546,0.1959,-0.13306,0,0.5464,0.21826,-0.55662,0.89855,-0.31733,0.33882,0.06454,-0.09069,1.04875,1.30157,-0.28664,-1.46964,-0.47667,-0.49281,0.49265,-0.05338,-0.02554,-0.79599,0.12771,-0.01168,0.00061,0.45803,0.29486,-0.20889,-0.07527,0.01985,0.03542,0.01657
43.08,0.0571,0.02198,0.0505,-0.52984,-0.39063,0.18268,0.02649,0.0243,-0.05246,0.26521,-0.13031,0,0.6664,0.1632,-0.38543,0.96614,-0.21151,0.1522,0.04533,-0.15903,1.00039,1.50005,-0.43974,-1.55854,-0.56031,-0.41706,0.49388,-0.09071,-0.0759,-0.72764,0.11928,-0.00627,0.0028,0.46947,0.30091,-0.15514,-0.06343,0.01693,0.03035,0.01415
43.1,0.05654,0.02508,0.05096,-0.49664,-0.41462,0.18101,0.00096,0.03239,-0.03895,0.33576,-0.12768,0,0.79941,0.08379,-0.16262,1.02119,-0.10301,-0.0413,0.02348,-0.20763,0.93304,1.70612,-0.60732,-1.69185,-0.66586,-0.32841,0.4905,-0.1196,-0.11797,-0.65074,0.10806,-0.00051,0.00499,0.47558,0.30095,-0.10901,-0.04947,0.01469,0.02567,0.01191
43.12,0.05626,0.02826,0.05133,-0.46121,-0.43408,0.17831,-0.02962,0.03919,-0.02258,0.40634,-0.12385,0,0.94608,-0.01284,0.09951,1.05784,0.00212,-0.22608,0.00097,-0.23301,0.84719,1.91669,-0.78178,-1.87013,-0.78307,-0.23522,0.48441,-0.14037,-0.15169,-0.56856,0.09414,0.00535,0.00707,0.4769,0.29264,-0.07355,-0.03419,0.01286,0.0217,0.01002
43.14,0.05622,0.03136,0.05143,-0.42401,-0.44903,0.17504,-0.06433,0.04448,-0.00114,0.47588,-0.11757,0,1.10764,-0.11953,0.38898,1.07042,0.0983,-0.38797,-0.02032,-0.2327,0.74362,2.12872,-0.95593,-2.08629,-0.90048,-0.14493,0.47741,-0.15383,-0.17764,-0.48423,0.07774,0.01109,0.00894,0.47414,0.2744,-0.05079,-0.01862,0.01132,0.01865,0.00858
43.16,0.05639,0.03426,0.05119,-0.38521,-0.45977,0.1715,-0.10225,0.0481,0.02689,0.54354,-0.10786,0,1.28584,-0.23005,0.69565,1.05433,0.18111,-0.51665,-0.03887,-0.20593,0.62378,2.33932,-1.1239,-2.3225,-1.00601,-0.06298,0.47084,-0.16118,-0.19652,-0.40034,0.05927,0.01649,0.01052,0.46822,0.246,-0.04084,-0.0041,0.01014,0.01648,0.00757
43.18,0.05676,0.03685,0.05058,-0.34501,-0.4668,0.16786,-0.14219,0.04995,0.06209,0.6082,-0.09425,0,1.48157,-0.33855,1.00949,1.0062,0.24676,-0.60514,-0.05356,-0.15391,0.49062,2.54417,-1.28012,-2.54768,-1.08627,0.00677,0.46558,-0.16376,-0.20881,-0.31944,0.03942,0.02129,0.01176,0.46028,0.20886,-0.04179,0.00762,0.00964,0.01494,0.00686
43.2,0.05729,0.03897,0.04964,-0.30385,-0.47073,0.16417,-0.18248,0.04997,0.10399,0.66803,-0.07666,0,1.6938,-0.4388,1.31861,0.92383,0.29153,-0.64865,-0.06342,-0.07974,0.34924,2.73616,-1.41819,-2.71796,-1.12636,0.06129,0.46207,-0.16304,-0.2147,-0.24455,0.0193,0.0252,0.01258,0.45168,0.16611,-0.05008,0.01424,0.01034,0.01363,0.0062
43.22,0.05798,0.04049,0.04845,-0.26238,-0.47216,0.16039,-0.22126,0.0481,0.15144,0.72073,-0.05531,0,1.91999,-0.52471,1.61062,0.80589,0.31216,-0.64422,-0.06767,0.01223,0.20585,2.90616,-1.53137,-2.7853,-1.11233,0.09808,0.46046,-0.1604,-0.21413,-0.17894,0.00021,0.0279,0.01292,0.44386,0.12166,-0.06148,0.01298,0.01293,0.01205,0.00534
43.24,0.05881,0.04129,0.04706,-0.22117,-0.47159,0.15644,-0.2571,0.04436,0.20327,0.7643,-0.03038,0,2.15757,-0.59156,1.87604,0.65142,0.30686,-0.59121,-0.06583,0.11742,0.06579,3.04526,-1.61428,-2.71121,-1.03544,0.11508,0.46074,-0.157,-0.20716,-0.12517,-0.0167,0.02919,0.01276,0.43804,0.07897,-0.07237,0.00072,0.01816,0.00974,0.00401
43.26,0.05978,0.04131,0.04545,-0.18065,-0.4694,0.1522,-0.28924,0.03886,0.25859,0.79741,-0.00188,0,2.40416,-0.63664,2.10984,0.46017,0.27613,-0.49179,-0.05773,0.23128,-0.06744,3.14596,-1.66381,-2.47681,-0.89552,0.11063,0.46279,-0.15368,-0.19416,-0.08467,-0.03061,0.02906,0.01213,0.43506,0.04027,-0.0806,-0.0258,0.02672,0.00638,0.002
43.28,0.06088,0.04057,0.04359,-0.14141,-0.46584,0.14755,-0.31745,0.03185,0.31639,0.81921,0.03018,0,2.65576,-0.65907,2.30994,0.234,0.22308,-0.35171,-0.04365,0.34857,-0.19128,3.20146,-1.67888,-2.08662,-0.70263,0.08346,0.46639,-0.15094,-0.17597,-0.05798,-0.04099,0.02768,0.01113,0.43536,0.0067,-0.08564,-0.06986,0.03923,0.0018,-0.00078
43.3,0.06208,0.03913,0.04139,-0.10445,-0.46109,0.14244,-0.3417,0.02372,0.37526,0.82906,0.06557,0,2.90518,-0.65919,2.47519,-0.02203,0.15331,-0.18044,-0.02428,0.46274,-0.3032,3.20482,-1.65979,-1.56739,-0.47673,0.0327,0.4713,-0.149,-0.1539,-0.04515,-0.04745,0.02541,0.00992,0.43909,-0.02137,-0.08838,-0.13441,0.05608,-0.00395,-0.00434
43.32,0.06341,0.0371,0.03876,-0.07102,-0.4555,0.13681,-0.36198,0.01493,0.43358,0.82651,0.10392,0,3.14282,-0.63821,2.60475,-0.30048,0.07375,0.01036,-0.00053,0.56666,-0.40052,3.14868,-1.60751,-0.95926,-0.24303,-0.04178,0.47742,-0.14782,-0.12949,-0.04602,-0.0497,0.0227,0.0087,0.44622,-0.04403,-0.09043,-0.22183,0.07747,-0.01064,-0.0086
43.34,0.0649,0.03467,0.03558,-0.04216,-0.44986,0.13061,-0.37809,0.00581,0.49016,0.81156,0.14485,0,3.35905,-0.59779,2.69848,-0.59342,-0.00905,0.20948,0.02668,0.6544,-0.48107,3.0257,-1.52309,-0.30238,-0.02485,-0.13872,0.48511,-0.14711,-0.10406,-0.06031,-0.0476,0.01996,0.00764,0.45682,-0.06165,-0.09333,-0.33332,0.10331,-0.01788,-0.01337
43.36,0.0667,0.03211,0.03176,-0.01846,-0.44571,0.12379,-0.38954,-0.00351,0.54441,0.78486,0.18802,0,3.54517,-0.54009,2.75699,-0.89272,-0.08976,0.40727,0.05656,0.72209,-0.54339,2.82944,-1.40764,0.36988,0.16066,-0.25475,0.49539,-0.14635,-0.07856,-0.08766,-0.04114,0.01754,0.0069,0.4711,-0.07477,-0.09791,-0.46818,0.13307,-0.02511,-0.01834
43.38,0.06899,0.02981,0.02726,-0.00018,-0.44535,0.11631,-0.39539,-0.01307,0.59604,0.74799,0.23276,0,3.69216,-0.4681,2.78106,-1.18793,-0.16393,0.59437,0.08822,0.76761,-0.5862,2.55577,-1.26307,1.02773,0.30201,-0.38331,0.50985,-0.14483,-0.05363,-0.12742,-0.03051,0.01568,0.00656,0.48938,-0.08388,-0.10412,-0.62268,0.16555,-0.03154,-0.02307
43.4,0.07201,0.02823,0.0221,0.01252,-0.45185,0.10823,-0.39426,-0.02294,0.64458,0.70346,0.27777,0,3.7894,-0.38585,2.77108,-1.46453,-0.22738,0.76043,0.12045,0.78986,-0.60798,2.2041,-1.09266,1.64017,0.39186,-0.5143,0.53057,-0.14163,-0.0299,-0.17854,-0.01612,0.01457,0.0067,0.51199,-0.08937,-0.11107,-0.78936,0.19878,-0.03614,-0.02694
43.42,0.076,0.02795,0.01638,0.01967,-0.4686,0.09967,-0.38466,-0.03321,0.68932,0.65444,0.32126,0,3.82574,-0.29777,2.72678,-1.70584,-0.27645,0.89473,0.15174,0.78837,-0.60717,1.77758,-0.90032,2.17598,0.42677,-0.6357,0.55964,-0.13579,-0.00787,-0.2396,0.00144,0.01431,0.00735,0.53924,-0.09156,-0.11738,-0.95794,0.23033,-0.03785,-0.02933
43.44,0.08117,0.02951,0.01019,0.0217,-0.49862,0.09077,-0.36558,-0.04386,0.72943,0.60409,0.36122,0,3.79209,-0.20758,2.64737,-1.8973,-0.30863,0.9881,0.18034,0.76312,-0.58297,1.28268,-0.6891,2.60858,0.40798,-0.73638,0.59867,-0.12648,0.01216,-0.30898,0.02148,0.01492,0.0085,0.5715,-0.09088,-0.1216,-1.11729,0.25791,-0.03599,-0.02978
43.46,0.0876,0.03338,0.0037,0.01957,-0.54403,0.08166,-0.33702,-0.0547,0.76393,0.55544,0.384,0,3.68357,-0.11779,2.53199,-2.02892,-0.32307,1.0341,0.20429,0.71459,-0.53603,0.73081,-0.46096,2.91818,0.34222,-0.80784,0.6482,-0.11311,0.03016,-0.3847,0.04318,0.01631,0.01006,0.60911,-0.08798,-0.12258,-1.2562,0.27977,-0.03042,-0.02812
43.48,0.09526,0.03994,-0.00285,0.01487,-0.60557,0.07256,-0.30025,-0.06526,0.79143,0.5116,0.384,0,3.50052,-0.03023,2.38058,-2.09467,-0.32049,1.02871,0.22123,0.644,-0.46885,0.14272,-0.2183,3.0895,0.24224,-0.84397,0.70728,-0.09555,0.04622,-0.46384,0.06543,0.01825,0.0119,0.65206,-0.0838,-0.11951,-1.36246,0.29455,-0.02173,-0.02459
43.5,0.10389,0.04944,-0.00911,0.00966,-0.68248,0.06382,-0.25787,-0.07476,0.80992,0.47606,0.384,0,3.24868,0.05321,2.19452,-2.09121,-0.30278,0.96984,0.22827,0.5536,-0.38584,-0.44915,0.03447,3.10964,0.1261,-0.84043,0.77325,-0.0741,0.06042,-0.54205,0.08674,0.0204,0.0138,0.69979,-0.07951,-0.11186,-1.42231,0.30113,-0.01112,-0.01971
43.52,0.11314,0.06202,-0.01471,0.00613,-0.77286,0.05586,-0.21306,-0.08225,0.81715,0.45195,0.384,0,2.93749,0.13062,1.97656,-2.01757,-0.27219,0.85707,0.22255,0.44637,-0.29255,-1.00647,0.29143,2.97045,0.01343,-0.795,0.84248,-0.04947,0.07281,-0.61392,0.10543,0.02238,0.01549,0.75129,-0.07629,-0.09935,-1.42271,0.29871,-0.00013,-0.0142
43.54,0.12268,0.07778,-0.01936,0.00605,-0.87451,0.04906,-0.16855,-0.08695,0.81133,0.4409,0.384,0,2.57756,0.20045,1.73013,-1.87562,-0.23031,0.69181,0.20203,0.32561,-0.19431,-1.49618,0.54697,2.67415,-0.08036,-0.7084,0.91148,-0.02262,0.08351,-0.67375,0.12016,0.02381,0.01676,0.80546,-0.07499,-0.08185,-1.35541,0.28705,0.00985,-0.00873
43.56,0.13222,0.0967,-0.02299,0.0104,-0.98507,0.04373,-0.12594,-0.0884,0.79173,0.44217,0.384,0,2.18021,0.26162,1.45988,-1.67111,-0.17751,0.47814,0.16623,0.195,-0.09563,-1.8966,0.79609,2.23863,-0.14773,-0.58537,0.97752,0.0053,0.09271,-0.71602,0.1301,0.02444,0.01744,0.86111,-0.07591,-0.0594,-1.22019,0.26667,0.0179,-0.0038
43.58,0.14149,0.11852,-0.02571,0.01921,-1.10123,0.04007,-0.08595,-0.08653,0.75889,0.45248,0.34895,0,1.76025,0.31305,1.17373,-1.41522,-0.11314,0.22442,0.11663,0.05966,-0.00086,-2.19569,1.0326,1.70163,-0.18939,-0.43573,1.03827,0.03269,0.10062,-0.73503,0.13496,0.0241,0.01745,0.9166,-0.07871,-0.0324,-1.0265,0.23908,0.0235,0.00026
43.6,0.15015,0.14267,-0.02776,0.03168,-1.21813,0.03828,-0.04873,-0.08156,0.71455,0.46634,0.29348,0,1.33804,0.35322,0.88435,-1.12519,-0.03615,-0.05587,0.05664,-0.07327,0.08524,-2.38744,1.24759,1.12046,-0.21276,-0.27438,1.09125,0.05743,0.1074,-0.72478,0.13487,0.02271,0.01675,0.96941,-0.08254,-0.00167,-0.79294,0.20672,0.02653,0.00327
43.62,0.15783,0.16839,-0.02946,0.0464,-1.32999,0.03842,-0.01424,-0.07388,0.66105,0.47721,0.23243,0,0.9367,0.38039,0.60725,-0.82162,0.05414,-0.34635,-0.00908,-0.19577,0.1581,-2.47061,1.43069,0.56036,-0.22864,-0.11834,1.13375,0.07733,0.11304,-0.67979,0.13022,0.02027,0.01537,1.01634,-0.08624,0.03159,-0.54248,0.17247,0.02711,0.00512
43.64,0.16421,0.19508,-0.03111,0.06182,-1.43152,0.04027,0.01758,-0.06382,0.60037,0.4792,0.17078,0,0.57604,0.39328,0.35684,-0.52378,0.15694,-0.63196,-0.07586,-0.30122,0.21465,-2.44949,1.57321,0.07576,-0.24665,0.01807,1.16309,0.09094,0.11736,-0.59662,0.12156,0.01685,0.01336,1.054,-0.08883,0.06602,-0.29508,0.1388,0.0255,0.00583
43.66,0.16905,0.2224,-0.03294,0.07644,-1.5186,0.04323,0.04658,-0.05162,0.53375,0.46822,0.11288,0,0.26955,0.39155,0.14445,-0.24736,0.26896,-0.90082,-0.13959,-0.38569,0.25407,-2.33477,1.66991,-0.30108,-0.27214,0.12617,1.1767,0.09799,0.11991,-0.47536,0.10958,0.01256,0.0108,1.079,-0.08968,0.10019,-0.06343,0.10734,0.02212,0.00552
43.68,0.17219,0.25009,-0.03509,0.08878,-1.58779,0.04629,0.07209,-0.03743,0.46198,0.44231,0.06274,0,0.02614,0.37586,-0.02043,-0.00609,0.3833,-1.14266,-0.19641,-0.44756,0.2777,-2.14423,1.7186,-0.55986,-0.30515,0.20271,1.17199,0.09952,0.12001,-0.32072,0.09515,0.00763,0.00784,1.08784,-0.08866,0.13229,0.14634,0.07895,0.01745,0.00441
43.7,0.17346,0.27778,-0.03756,0.09729,-1.63563,0.04803,0.09278,-0.02144,0.38597,0.40157,0.02432,0,-0.14748,0.34782,-0.1288,0.18651,0.48922,-1.34685,-0.24228,-0.48664,0.28837,-1.90225,1.71907,-0.70728,-0.34093,0.24861,1.14627,0.09766,0.11669,-0.14223,0.07936,0.0024,0.00468,1.07674,-0.08601,0.16002,0.33248,0.05407,0.01213,0.00282
43.72,0.17272,0.30501,-0.04029,0.10045,-1.65898,0.04694,0.10703,-0.00391,0.30686,0.34775,0.00108,0,-0.24721,0.30991,-0.17371,0.31845,0.57437,-1.50271,-0.27351,-0.50371,0.28951,-1.63563,1.67252,-0.76064,-0.3722,0.26741,1.0972,0.09508,0.10902,0.04816,0.06336,-0.00276,0.00154,1.04226,-0.08218,0.18091,0.49606,0.03278,0.00679,0.00111
43.74,0.16984,0.33136,-0.04313,0.09703,-1.65595,0.04182,0.1136,0.01476,0.22587,0.28367,-0.00508,0,-0.27392,0.26548,-0.15375,0.38289,0.62861,-1.60149,-0.28776,-0.50019,0.28406,-1.36725,1.58136,-0.74085,-0.39268,0.26377,1.02351,0.09438,0.09639,0.23997,0.04801,-0.00751,-0.00137,0.98223,-0.07754,0.19309,0.63999,0.01484,0.002,-0.00044
43.76,0.16472,0.35643,-0.04583,0.0863,-1.62669,0.03213,0.11208,0.03398,0.14446,0.21311,0.00542,0,-0.23525,0.21885,-0.07574,0.38048,0.6465,-1.63761,-0.28475,-0.47811,0.27376,-1.11267,1.44956,-0.66798,-0.39949,0.24253,0.92586,0.09755,0.0789,0.42623,0.03374,-0.01161,-0.00394,0.89674,-0.07224,0.19574,0.76792,-0.00024,-0.00192,-0.0016
43.78,0.15737,0.37972,-0.0481,0.06811,-1.57361,0.01808,0.10301,0.0528,0.06505,0.14123,0.02967,0,-0.14609,0.17571,0.04419,0.31983,0.62773,-1.60837,-0.26641,-0.44014,0.259,-0.88123,1.28356,-0.56038,-0.39357,0.20852,0.8077,0.10591,0.05749,0.60257,0.02063,-0.01494,-0.00609,0.78891,-0.06616,0.18915,0.88292,-0.01309,-0.00476,-0.00227
43.8,0.1479,0.40041,-0.04954,0.04291,-1.50133,0.00062,0.08777,0.06981,-0.00861,0.07481,0.06252,0,-0.02758,0.14309,0.18175,0.21633,0.57639,-1.51363,-0.23659,-0.38959,0.23908,-0.67832,1.09274,-0.43491,-0.37925,0.16658,0.67551,0.12011,0.03395,0.76573,0.00851,-0.01739,-0.00778,0.66509,-0.05902,0.17459,0.98655,-0.02432,-0.00648,-0.00242
43.82,0.13645,0.41749,-0.04969,0.01148,-1.41558,-0.0189,0.06821,0.08347,-0.07215,0.02112,0.09775,0,0.09706,0.12773,0.31026,0.08868,0.49949,-1.35644,-0.20017,-0.32999,0.21284,-0.50659,0.88795,-0.30609,-0.36266,0.12114,0.53749,0.14022,0.0105,0.91322,-0.00291,-0.01892,-0.009,0.53344,-0.05044,0.15382,1.07909,-0.03449,-0.00711,-0.00207
43.84,0.12313,0.4301,-0.04817,-0.02535,-1.32166,-0.03926,0.04619,0.09254,-0.12201,-0.01408,0.12975,0,0.20862,0.13362,0.40939,-0.04598,0.405,-1.14429,-0.16183,-0.26442,0.17955,-0.36636,0.67887,-0.18461,-0.34955,0.0756,0.40106,0.16593,-0.01104,1.04386,-0.01392,-0.01949,-0.00973,0.40154,-0.04007,0.12854,1.16056,-0.04407,-0.00676,-0.00128
43.86,0.10798,0.43765,-0.04477,-0.06685,-1.22373,-0.0597,0.02332,0.09652,-0.15635,-0.02786,0.15455,0,0.29568,0.16011,0.47079,-0.1749,0.3009,-0.89095,-0.12528,-0.19528,0.13967,-0.25627,0.47291,-0.07676,-0.34382,0.03198,0.27174,0.19651,-0.02963,1.15773,-0.02481,-0.01911,-0.01,0.27521,-0.02768,0.10005,1.23117,-0.05343,-0.00556,-0.00012
43.88,0.09109,0.43986,-0.0394,-0.11209,-1.12533,-0.0798,0.00109,0.09557,-0.17492,-0.02027,0.16992,0,0.35493,0.20133,0.49906,-0.28951,0.19563,-0.6187,-0.09338,-0.12476,0.09533,-0.17445,0.2765,0.01487,-0.34727,-0.00875,0.1538,0.23067,-0.04499,1.25519,-0.03567,-0.01782,-0.00983,0.15916,-0.01332,0.0694,1.29089,-0.06276,-0.00368,0.00133
43.9,0.07268,0.43662,-0.03221,-0.15972,-1.03001,-0.0993,-0.01903,0.09046,-0.17869,0.0061,0.17501,0,0.38952,0.24686,0.50937,-0.38419,0.09856,-0.35827,-0.06836,-0.0553,0.05031,-0.11926,0.0965,0.09021,-0.35961,-0.04625,0.0512,0.26636,-0.05742,1.33603,-0.04638,-0.01568,-0.00926,0.05788,0.00264,0.03759,1.33891,-0.072,-0.00133,0.00297
43.92,0.05306,0.42792,-0.02344,-0.20807,-0.94093,-0.118,-0.03571,0.08227,-0.16932,0.04698,0.16999,0,0.40615,0.28456,0.52081,-0.45553,0.01864,-0.14192,-0.05172,0.01048,0.00906,-0.08882,-0.06034,0.15034,-0.37865,-0.0803,-0.03262,0.30106,-0.06759,1.39946,-0.05665,-0.01277,-0.00831,-0.02463,0.01965,0.00557,1.3738,-0.08095,0.00126,0.00468
43.94,0.03244,0.41378,-0.01334,-0.25556,-0.85988,-0.13561,-0.04808,0.07199,-0.14885,0.09755,0.15562,0,0.41114,0.30499,0.54725,-0.502,-0.03796,0.00794,-0.04374,0.07025,-0.02507,-0.07969,-0.18916,0.19621,-0.40033,-0.1103,-0.09573,0.33239,-0.07638,1.44467,-0.0662,-0.00917,-0.00702,-0.08604,0.03709,-0.02583,1.39411,-0.08938,0.00389,0.00638
43.96,0.01095,0.3943,-0.00217,-0.30082,-0.78675,-0.15165,-0.05588,0.06034,-0.11943,0.15304,0.13302,0,0.40787,0.30427,0.5908,-0.52362,-0.06944,0.08612,-0.04324,0.12211,-0.05079,-0.08591,-0.28798,0.2276,-0.41867,-0.13484,-0.13829,0.35834,-0.0847,1.47121,-0.07484,-0.00494,-0.00542,-0.12627,0.05442,-0.05591,1.3988,-0.09712,0.00643,0.00797
43.98,-0.01127,0.36979,0.00978,-0.34234,-0.72003,-0.16531,-0.05948,0.04776,-0.08354,0.20848,0.10383,0,0.39603,0.28479,0.63987,-0.52155,-0.07841,0.10585,-0.0475,0.16419,-0.06902,-0.0987,-0.35702,0.24251,-0.42566,-0.15136,-0.16224,0.37712,-0.09346,1.47879,-0.08239,-0.00019,-0.00354,-0.14729,0.07102,-0.08383,1.38721,-0.10403,0.00874,0.00942
44,-0.03388,0.3408,0.02208,-0.37823,-0.65747,-0.17535,-0.05972,0.03453,-0.04405,0.25842,0.07019,0,0.37217,0.25441,0.67098,-0.49786,-0.07105,0.09546,-0.05256,0.19435,-0.08231,-0.10711,-0.39773,0.23734,-0.41162,-0.15626,-0.17078,0.38705,-0.10341,1.46699,-0.08863,0.00494,-0.00143,-0.15252,0.08614,-0.10843,1.35895,-0.10992,0.01073,0.01066
44.02,-0.05642,0.30804,0.03424,-0.40646,-0.59647,-0.18039,-0.05763,0.02085,-0.00395,0.29759,0.03445,0,0.33162,0.22346,0.65657,-0.45525,-0.05521,0.08928,-0.05413,0.21057,-0.09388,-0.10023,-0.41235,0.20832,-0.36756,-0.14589,-0.16764,0.38667,-0.11509,1.43515,-0.09333,0.01026,0.00083,-0.14606,0.09898,-0.12846,1.31366,-0.11459,0.01232,0.01164
44.04,-0.07856,0.272,0.04587,-0.42558,-0.53416,-0.17938,-0.05414,0.00688,0.03423,0.32204,-0.00144,0,0.27139,0.20056,0.57659,-0.39692,-0.03789,0.11495,-0.04897,0.21185,-0.10623,-0.07051,-0.40378,0.1539,-0.28861,-0.11827,-0.15636,0.3752,-0.12868,1.38247,-0.09628,0.0156,0.00318,-0.13182,0.10906,-0.143,1.25078,-0.11785,0.01346,0.01233
44.06,-0.10008,0.23288,0.05669,-0.43504,-0.46779,-0.1719,-0.04987,-0.00715,0.06868,0.32997,-0.03617,0,0.19236,0.18979,0.42693,-0.32673,-0.02347,0.18452,-0.03582,0.1988,-0.1202,-0.01618,-0.37569,0.07671,-0.1768,-0.07437,-0.13991,0.35286,-0.14387,1.3083,-0.09737,0.02077,0.00554,-0.11295,0.11636,-0.15178,1.16972,-0.11955,0.01414,0.01273
44.08,-0.12082,0.19088,0.06652,-0.43526,-0.39526,-0.15833,-0.04508,-0.02085,0.09808,0.32173,-0.06887,0,0.10041,0.19004,0.22252,-0.24973,-0.0135,0.29177,-0.01576,0.1739,-0.13461,0.05776,-0.33258,-0.01552,-0.04249,-0.01873,-0.1206,0.32111,-0.15974,1.21266,-0.09655,0.02559,0.00783,-0.09189,0.12132,-0.1551,1.07032,-0.11961,0.0144,0.01284
44.1,-0.14047,0.14641,0.07517,-0.42741,-0.3155,-0.13977,-0.03978,-0.03355,0.12135,0.29956,-0.09888,0,0.00624,0.19576,-0.00426,-0.17242,-0.00698,0.41399,0.00805,0.14131,-0.14642,0.14017,-0.27991,-0.11015,0.09607,0.04079,-0.1003,0.28263,-0.17475,1.09665,-0.09381,0.02983,0.00994,-0.0705,0.12469,-0.15376,0.95341,-0.11795,0.01432,0.0127
44.12,-0.15862,0.09999,0.08246,-0.41301,-0.22811,-0.11771,-0.03384,-0.04449,0.13761,0.26679,-0.12567,0,-0.07717,0.19922,-0.2129,-0.10194,-0.00133,0.52013,0.03135,0.10606,-0.15184,0.21715,-0.22349,-0.19256,0.21728,0.0949,-0.08048,0.24065,-0.18708,0.962,-0.08922,0.03322,0.01175,-0.05019,0.12737,-0.14883,0.82035,-0.11453,0.01397,0.01235
44.14,-0.17499,0.05191,0.08828,-0.39351,-0.13257,-0.09353,-0.02726,-0.05304,0.14637,0.22687,-0.14898,0,-0.13872,0.19372,-0.36877,-0.04458,0.00635,0.58275,0.05039,0.07276,-0.14792,0.27715,-0.16878,-0.25065,0.30326,0.1359,-0.0624,0.19802,-0.19523,0.81018,-0.08289,0.0356,0.01316,-0.03208,0.13014,-0.14148,0.6722,-0.10934,0.01345,0.01183
44.16,-0.18946,0.00217,0.09267,-0.37001,-0.02801,-0.06823,-0.0203,-0.05889,0.1476,0.1828,-0.16883,0,-0.17178,0.17577,-0.4524,-0.00487,0.01839,0.58623,0.0629,0.04492,-0.13374,0.31439,-0.12048,-0.27784,0.34451,0.15958,-0.04715,0.15666,-0.19845,0.64237,-0.07506,0.03694,0.01416,-0.0171,0.13347,-0.13284,0.50966,-0.10247,0.01282,0.01119
44.18,-0.20201,-0.04921,0.09576,-0.34343,0.08608,-0.04259,-0.01358,-0.06204,0.14176,0.13731,-0.1854,0,-0.17461,0.14582,-0.46104,0.01423,0.03624,0.52863,0.06825,0.02498,-0.11074,0.32934,-0.08285,-0.27348,0.34062,0.16549,-0.0359,0.11775,-0.19679,0.46064,-0.06609,0.03738,0.01478,-0.00617,0.13749,-0.12405,0.33424,-0.09416,0.01217,0.01047
44.2,-0.21258,-0.10181,0.09775,-0.31459,0.20922,-0.01732,-0.0081,-0.0627,0.1297,0.09315,-0.19879,0,-0.14955,0.10799,-0.40634,0.01092,0.06041,0.42027,0.06721,0.01458,-0.08257,0.32774,-0.06006,-0.24211,0.29902,0.15637,-0.02993,0.08205,-0.19098,0.26895,-0.05656,0.03711,0.0151,-0.00032,0.14195,-0.1163,0.14922,-0.08478,0.01155,0.00972
44.22,-0.22108,-0.15495,0.09885,-0.28421,0.34024,0.00692,-0.00501,-0.06124,0.11251,0.05272,-0.20898,0,-0.10163,0.06869,-0.3094,-0.01592,0.09053,0.27942,0.0613,0.01488,-0.05407,0.31818,-0.05622,-0.1917,0.23209,0.1369,-0.03068,0.0501,-0.18206,0.07252,-0.04709,0.03642,0.01522,-0.00068,0.14638,-0.11072,-0.04091,-0.07484,0.01099,0.00899
44.24,-0.22747,-0.20802,0.09928,-0.25273,0.47821,0.02964,-0.00529,-0.05809,0.09132,0.01748,-0.21586,0,-0.03671,0.03469,-0.1941,-0.06699,0.12544,0.12627,0.05209,0.02673,-0.02983,0.30887,-0.07497,-0.13139,0.15327,0.11199,-0.03963,0.02212,-0.17101,-0.12396,-0.03821,0.03551,0.0152,-0.00836,0.15028,-0.10818,-0.23211,-0.06484,0.01052,0.00831
44.26,-0.23179,-0.26057,0.09927,-0.22029,0.62265,0.0505,-0.00954,-0.05371,0.06729,-0.01245,-0.21918,0,0.03948,0.01185,-0.08309,-0.14254,0.16315,-0.02069,0.04071,0.05082,-0.01323,0.30542,-0.1192,-0.07015,0.07473,0.08582,-0.05814,-0.00186,-0.15848,-0.31687,-0.03017,0.03444,0.01508,-0.02435,0.15324,-0.10919,-0.42127,-0.0552,0.01006,0.00767
44.28,-0.23411,-0.31197,0.09905,-0.18699,0.77246,0.06922,-0.01784,-0.04862,0.04172,-0.03808,-0.21853,0,0.12103,0.00499,0.0024,-0.24196,0.20051,-0.14439,0.02779,0.08752,-0.00636,0.31035,-0.19069,-0.01691,0.00736,0.0617,-0.08734,-0.0218,-0.14478,-0.50232,-0.02306,0.03318,0.01482,-0.04938,0.15495,-0.11384,-0.6049,-0.04636,0.00952,0.00704
44.3,-0.23452,-0.361,0.09883,-0.15309,0.92503,0.08532,-0.02981,-0.0434,0.01625,-0.06129,-0.2133,0,0.20149,0.01801,0.04228,-0.36322,0.23336,-0.2286,0.01354,0.13672,-0.0102,0.32328,-0.28984,0.01933,-0.03886,0.04228,-0.12805,-0.0375,-0.13003,-0.67488,-0.01681,0.03157,0.01436,-0.08387,0.15517,-0.12183,-0.77785,-0.03883,0.00873,0.00634
44.32,-0.2331,-0.40609,0.0988,-0.11893,1.07667,0.09829,-0.04462,-0.03866,-0.00726,-0.08441,-0.20267,0,0.27431,0.0533,0.01957,-0.50298,0.25815,-0.25998,-0.00222,0.19767,-0.02469,0.34146,-0.41544,0.03088,-0.05589,0.02949,-0.18075,-0.04868,-0.11425,-0.82824,-0.01128,0.02936,0.01359,-0.12793,0.15372,-0.13259,-0.934,-0.03314,0.00753,0.00551
44.34,-0.2299,-0.44579,0.09913,-0.08461,1.22398,0.10768,-0.06105,-0.03489,-0.02698,-0.11001,-0.18564,0,0.33393,0.1108,-0.07584,-0.65689,0.27439,-0.23192,-0.02012,0.26884,-0.04865,0.36049,-0.56452,0.01377,-0.03939,0.02419,-0.24572,-0.05523,-0.09747,-0.95721,-0.00625,0.02626,0.01239,-0.18153,0.15053,-0.14534,-1.06811,-0.02976,0.00571,0.00447
44.36,-0.22496,-0.47902,0.09992,-0.04993,1.36432,0.11327,-0.0775,-0.03244,-0.04116,-0.14051,-0.16109,0,0.37629,0.18698,-0.24417,-0.81927,0.28638,-0.14745,-0.04121,0.3475,-0.07971,0.37472,-0.73158,-0.0305,0.00975,0.02608,-0.32277,-0.05745,-0.07983,-1.05868,-0.00144,0.02202,0.01064,-0.24427,0.14558,-0.15914,-1.17675,-0.02904,0.00314,0.00315
44.38,-0.21838,-0.50485,0.10124,-0.0146,1.49478,0.11501,-0.09184,-0.03153,-0.04806,-0.17795,-0.12802,0,0.39866,0.27416,-0.47395,-0.9818,0.30355,-0.0204,-0.06679,0.42911,-0.11404,0.37725,-0.90727,-0.09425,0.08484,0.0336,-0.41074,-0.05598,-0.06177,-1.13103,0.00342,0.0164,0.00822,-0.31498,0.13904,-0.17279,-1.25765,-0.03118,-0.00029,0.00151
44.4,-0.21028,-0.52227,0.10308,0.02145,1.61132,0.11296,-0.10136,-0.03226,-0.04589,-0.22376,-0.08568,0,0.39908,0.36058,-0.74234,-1.13281,0.33924,0.12567,-0.09813,0.50685,-0.14623,0.36015,-1.07754,-0.16426,0.17393,0.04411,-0.50698,-0.05181,-0.0441,-1.17322,0.00859,0.00925,0.00508,-0.39136,0.1312,-0.18479,-1.30877,-0.03628,-0.00463,-0.00048
44.42,-0.20085,-0.53025,0.10539,0.05806,1.7091,0.10733,-0.103,-0.0346,-0.03287,-0.27889,-0.03386,0,0.37602,0.43252,-1.02012,-1.25882,0.40631,0.26334,-0.13606,0.57202,-0.16986,0.31576,-1.22489,-0.22495,0.2629,0.05445,-0.60784,-0.04614,-0.02798,-1.18459,0.01422,0.00047,0.00116,-0.4703,0.12243,-0.19355,-1.32836,-0.04432,-0.00985,-0.0028
44.44,-0.19025,-0.52809,0.10804,0.0949,1.78395,0.09843,-0.09384,-0.03839,-0.00762,-0.34401,0.02694,0,0.32811,0.47795,-1.2796,-1.34776,0.51091,0.37016,-0.18036,0.61512,-0.17828,0.23874,-1.33117,-0.26335,0.34016,0.06173,-0.70959,-0.04022,-0.01466,-1.16529,0.02034,-0.01001,-0.00359,-0.54871,0.11307,-0.1978,-1.31568,-0.05521,-0.01585,-0.00541
44.46,-0.17866,-0.51567,0.11083,0.13139,1.83311,0.0868,-0.07142,-0.04328,0.03056,-0.41942,0.0951,0,0.25414,0.48883,-1.49916,-1.39089,0.64761,0.43444,-0.22922,0.62642,-0.16528,0.12784,-1.37915,-0.27225,0.39952,0.06388,-0.80872,-0.03534,-0.00544,-1.11665,0.02676,-0.02221,-0.00919,-0.62379,0.10334,-0.19683,-1.2717,-0.06872,-0.02248,-0.00823
44.48,-0.16634,-0.49355,0.11343,0.16646,1.85492,0.07327,-0.03396,-0.04873,0.08136,-0.50455,0.1673,0,0.15355,0.4615,-1.66264,-1.38283,0.79726,0.45607,-0.27869,0.59592,-0.12518,-0.01292,-1.3523,-0.251,0.44057,0.05974,-0.90123,-0.03279,-0.00169,-1.04155,0.03305,-0.03602,-0.01561,-0.6925,0.0934,-0.19055,-1.19939,-0.08441,-0.02944,-0.01114
44.5,-0.1537,-0.46298,0.11545,0.1983,1.8484,0.059,0.01944,-0.05396,0.14331,-0.59744,0.23829,0,0.02692,0.39624,-1.75762,-1.32106,0.92824,0.4447,-0.32273,0.51343,-0.053,-0.17403,-1.23488,-0.20466,0.46749,0.04901,-0.98215,-0.03387,-0.00489,-0.94447,0.03853,-0.0511,-0.02273,-0.75116,0.08347,-0.17944,-1.10373,-0.1015,-0.03627,-0.01394
44.52,-0.14121,-0.42561,0.1164,0.22471,1.81322,0.04531,0.08879,-0.0581,0.21413,-0.69512,0.30192,0,-0.12392,0.2962,-1.77559,-1.20571,1.00471,0.41513,-0.35461,0.36976,0.05524,-0.34225,-1.01418,-0.14191,0.48688,0.03212,-1.04622,-0.03972,-0.01627,-0.83069,0.04233,-0.06694,-0.03033,-0.7961,0.07369,-0.16434,-0.99076,-0.11899,-0.04245,-0.0164
44.54,-0.12928,-0.38306,0.11586,0.24383,1.75,0.03341,0.17301,-0.06036,0.29138,-0.7943,0.35293,0,-0.29605,0.16619,-1.71367,-1.03984,0.99933,0.38108,-0.36915,0.15866,0.20199,-0.50352,-0.68451,-0.07205,0.5049,0.01011,-1.08958,-0.05092,-0.03636,-0.70492,0.04368,-0.08292,-0.03814,-0.82497,0.0641,-0.14623,-0.86597,-0.13584,-0.04747,-0.01832
44.56,-0.11815,-0.33674,0.11353,0.25448,1.66088,0.02418,0.26958,-0.06013,0.37261,-0.89159,0.384,0,-0.48478,0.01231,-1.57621,-0.83032,0.90216,0.35113,-0.36429,-0.12091,0.38716,-0.64455,-0.25132,-0.00325,0.52528,-0.01537,-1.11079,-0.06728,-0.06445,-0.57092,0.04198,-0.09835,-0.04586,-0.83755,0.05455,-0.12611,-0.73377,-0.15097,-0.05099,-0.01953
44.58,-0.10797,-0.28824,0.10923,0.25619,1.55021,0.01825,0.37374,-0.05708,0.45485,-0.98281,0.384,0,-0.68226,-0.15703,-1.37593,-0.58946,0.72347,0.32781,-0.3415,-0.46235,0.60666,-0.752,0.26483,0.05741,0.54864,-0.04187,-1.11087,-0.0876,-0.09838,-0.43228,0.03689,-0.11231,-0.05305,-0.83588,0.04477,-0.10509,-0.59831,-0.16318,-0.05278,-0.01995
44.6,-0.09887,-0.23948,0.10296,0.24906,1.42478,0.01605,0.47815,-0.05105,0.53407,-1.06246,0.384,0,-0.87658,-0.33048,-1.13367,-0.33552,0.49185,0.30845,-0.30528,-0.85064,0.85151,-0.81167,0.82736,0.10358,0.57262,-0.06613,-1.0928,-0.10972,-0.13447,-0.29337,0.02832,-0.12364,-0.05914,-0.82381,0.03447,-0.08451,-0.46432,-0.17111,-0.05269,-0.01955
44.62,-0.09098,-0.1926,0.09481,0.23361,1.29256,0.01778,0.57422,-0.04204,0.60564,-1.12449,0.384,0,-1.05404,-0.49526,-0.87437,-0.08914,0.24576,0.28716,-0.26167,-1.2664,1.10921,-0.80948,1.391,0.13027,0.59286,-0.0848,-1.06056,-0.13092,-0.16827,-0.15876,0.01634,-0.13107,-0.06349,-0.80586,0.02342,-0.06574,-0.33685,-0.17344,-0.05066,-0.0183
44.64,-0.08428,-0.1493,0.08496,0.21059,1.16048,0.02324,0.65452,-0.0301,0.66534,-1.134,0.36299,0,-1.2032,-0.64018,-0.62079,0.13267,0.02111,0.25763,-0.21613,-1.69287,1.36664,-0.73394,1.91436,0.13525,0.60463,-0.09548,-1.01794,-0.14859,-0.19566,-0.03196,0.00119,-0.13358,-0.06559,-0.78575,0.01158,-0.04976,-0.22022,-0.16926,-0.0467,-0.01624
44.66,-0.07864,-0.11064,0.0737,0.18109,1.03334,0.03179,0.71418,-0.01536,0.70987,-1.134,0.32226,0,-1.31726,-0.75719,-0.39011,0.32007,-0.15656,0.21517,-0.17216,-2.11925,1.61108,-0.57817,2.36687,0.12002,0.60382,-0.09755,-0.96785,-0.1607,-0.21361,0.08511,-0.01675,-0.13067,-0.06515,-0.76548,-0.00081,-0.03695,-0.11761,-0.15846,-0.04094,-0.01344
44.68,-0.0738,-0.07725,0.06143,0.14665,0.91454,0.0422,0.75073,0.00192,0.73664,-1.134,0.27257,0,-1.3937,-0.84082,-0.19484,0.46971,-0.27267,0.15747,-0.13133,-2.53839,1.82857,-0.34139,2.72692,0.09008,0.58718,-0.09228,-0.91259,-0.16571,-0.22014,0.19135,-0.03682,-0.1224,-0.06216,-0.74522,-0.01313,-0.02713,-0.03183,-0.14179,-0.03368,-0.01003
44.7,-0.06943,-0.04966,0.04883,0.10943,0.80703,0.05269,0.76344,0.02125,0.74338,-1.1326,0.21755,0,-1.43299,-0.88718,-0.04458,0.58283,-0.32159,0.08478,-0.09377,-2.94338,2.00251,-0.02924,2.97801,0.05438,0.55242,-0.08255,-0.85411,-0.16254,-0.21417,0.28562,-0.05798,-0.10934,-0.05681,-0.7236,-0.02434,-0.01975,0.03396,-0.12086,-0.02537,-0.00623
44.72,-0.06524,-0.02828,0.03665,0.07184,0.71326,0.06131,0.75279,0.04193,0.72835,-1.07681,0.16112,0,-1.43756,-0.89378,0.05414,0.66378,-0.30525,-0.00044,-0.0589,-3.32686,2.11521,0.34797,3.10818,0.02295,0.49866,-0.07213,-0.79425,-0.15066,-0.19557,0.36699,-0.07908,-0.09238,-0.04947,-0.69841,-0.03329,-0.01401,0.07658,-0.09779,-0.01658,-0.00228
44.74,-0.06095,-0.01315,0.02551,0.03597,0.63454,0.06641,0.72013,0.06327,0.6909,-1.00326,0.10666,0,-1.41094,-0.86011,0.09946,0.71889,-0.23216,-0.09418,-0.02612,-3.68212,2.15161,0.77833,3.11188,0.0034,0.42723,-0.06455,-0.73457,-0.13029,-0.16536,0.43573,-0.09924,-0.07242,-0.04051,-0.6674,-0.03922,-0.00914,0.0938,-0.07463,-0.0078,0.00159
44.76,-0.05637,-0.00381,0.01581,0.00325,0.5707,0.06705,0.66758,0.08458,0.63208,-0.91525,0.05656,0,-1.35738,-0.78822,0.09529,0.75573,-0.11718,-0.19103,0.00448,-4.00281,2.1019,1.24879,2.99155,-0.00142,0.34242,-0.06236,-0.6766,-0.10263,-0.12594,0.49376,-0.11808,-0.05026,-0.0303,-0.62898,-0.04209,-0.00453,0.08516,-0.05305,0.00055,0.0052
44.78,-0.05148,0.00064,0.00777,-0.02532,0.52062,0.06301,0.59834,0.10502,0.55512,-0.81669,0.01256,0,-1.28209,-0.68325,0.05143,0.78245,0.0178,-0.28344,0.03179,-4.28022,1.96222,1.74191,2.75849,0.00606,0.25238,-0.06699,-0.62228,-0.07017,-0.08143,0.54438,-0.13562,-0.02672,-0.01923,-0.58264,-0.04263,0.00021,0.05204,-0.03449,0.00815,0.00841
44.8,-0.04639,0.00139,0.0015,-0.04895,0.48278,0.05474,0.51687,0.12348,0.46558,-0.71251,-0.02388,0,-1.19128,-0.55346,-0.01725,0.8073,0.14466,-0.36152,0.05359,-4.50137,1.73451,2.23325,2.43245,0.01879,0.16899,-0.07887,-0.57427,-0.03658,-0.03764,0.59155,-0.15209,-0.00278,-0.00781,-0.52913,-0.04223,0.00527,-0.00251,-0.02025,0.01466,0.01108
44.82,-0.04131,-0.00028,-0.00297,-0.06701,0.4555,0.0431,0.42821,0.13873,0.37041,-0.608,-0.05151,0,-1.09131,-0.4088,-0.09363,0.83786,0.23482,-0.41501,0.06741,-4.65105,1.42566,2.69444,2.03834,0.02722,0.10551,-0.09777,-0.53543,-0.00586,-0.00058,0.63921,-0.16786,0.02054,0.00341,-0.46997,-0.04249,0.01088,-0.07456,-0.01147,0.01976,0.01308
44.84,-0.03645,-0.0032,-0.00568,-0.07912,0.4369,0.02901,0.33686,0.14973,0.2764,-0.50739,-0.06944,0,-0.98731,-0.2585,-0.16215,0.88002,0.26823,-0.43661,0.07183,-4.71667,1.04644,3.09986,1.60121,0.02247,0.07253,-0.12322,-0.50771,0.01904,0.02566,0.69068,-0.18334,0.04242,0.01397,-0.40658,-0.04475,0.01771,-0.16032,-0.00894,0.0232,0.01433
44.86,-0.03194,-0.00653,-0.00677,-0.08524,0.42484,0.01326,0.24634,0.15582,0.18942,-0.41318,-0.07731,0,-0.88251,-0.11005,-0.21127,0.93726,0.23951,-0.42431,0.06747,-4.69158,0.61224,3.43003,1.14457,-0.00161,0.07538,-0.15468,-0.49151,0.03715,0.04042,0.74794,-0.1989,0.06238,0.02357,-0.33999,-0.04961,0.02712,-0.25649,-0.01296,0.02487,0.0148
44.88,-0.0279,-0.00969,-0.00645,-0.08562,0.41711,-0.0034,0.15974,0.15669,0.11491,-0.32673,-0.07515,0,-0.77892,0.03003,-0.23367,1.01001,0.15961,-0.38192,0.05719,-4.57576,0.14637,3.66967,0.69322,-0.0477,0.1135,-0.19145,-0.48564,0.04953,0.04665,0.81107,-0.21472,0.08011,0.032,-0.27117,-0.05688,0.04114,-0.35975,-0.02331,0.02474,0.01453
44.9,-0.02442,-0.01237,-0.00496,-0.08067,0.41155,-0.0202,0.08034,0.15235,0.05842,-0.24902,-0.06328,0,-0.67803,0.15513,-0.22564,1.09558,0.05378,-0.31849,0.04574,-4.37517,-0.31838,3.80527,0.27577,-0.11495,0.18098,-0.23232,-0.48767,0.05886,0.05032,0.8781,-0.2307,0.09532,0.03906,-0.20155,-0.06561,0.06228,-0.46609,-0.03925,0.02286,0.0136
44.92,-0.02157,-0.01445,-0.00259,-0.07087,0.40616,-0.03642,0.01132,0.14299,0.02502,-0.18075,-0.0423,0,-0.5807,0.25931,-0.18651,1.18919,-0.04605,-0.24604,0.03855,-4.09961,-0.74525,3.82621,-0.07878,-0.19911,0.26813,-0.27536,-0.49453,0.06849,0.0587,0.94579,-0.24652,0.1078,0.04458,-0.13291,-0.07447,0.09303,-0.57113,-0.0597,0.01933,0.0121
44.94,-0.01936,-0.01591,0.00043,-0.05664,0.39936,-0.05163,-0.04505,0.12902,0.01803,-0.12197,-0.01309,0,-0.48643,0.3389,-0.11819,1.28574,-0.11234,-0.17627,0.03976,-3.75994,-1.10371,3.72849,-0.34832,-0.29258,0.3637,-0.31772,-0.50341,0.08117,0.0778,1.01115,-0.26185,0.11748,0.04851,-0.06691,-0.08235,0.13513,-0.67105,-0.08344,0.01427,0.01012
44.96,-0.01772,-0.01678,0.00392,-0.03833,0.39002,-0.06575,-0.08786,0.11105,0.03801,-0.07204,0.02308,0,-0.39314,0.39355,-0.02519,1.38067,-0.12932,-0.11861,0.05097,-3.36755,-1.37538,3.51794,-0.52194,-0.38425,0.45598,-0.35531,-0.51218,0.09813,0.11071,1.07221,-0.2764,0.12451,0.05096,-0.00501,-0.0887,0.18886,-0.76287,-0.10917,0.0078,0.0077
44.98,-0.0165,-0.01712,0.0077,-0.01629,0.37759,-0.07899,-0.1173,0.09004,0.08248,-0.03003,0.06423,0,-0.29787,0.42594,0.0848,1.46947,-0.09466,-0.08017,0.07083,-2.93694,-1.5532,3.2122,-0.59938,-0.45864,0.5324,-0.38242,-0.51956,0.11872,0.15684,1.12777,-0.28983,0.12922,0.05216,0.05106,-0.09359,0.25256,-0.84379,-0.13536,0.0001,0.00487
45,-0.0155,-0.017,0.01165,0.00892,0.36212,-0.0917,-0.13422,0.06736,0.1462,0.00491,0.10755,0,-0.1975,0.44099,0.20077,1.54713,-0.01787,-0.06621,0.09532,-2.48769,-1.63847,2.8405,-0.58865,-0.49652,0.5795,-0.39185,-0.52492,0.14053,0.21217,1.17689,-0.30169,0.13202,0.05245,0.09896,-0.09757,0.32247,-0.91053,-0.16008,-0.00855,0.00163
45.02,-0.01448,-0.01648,0.01558,0.03664,0.34404,-0.10428,-0.1398,0.04458,0.22224,0.03352,0.14983,0,-0.08917,0.44474,0.31038,1.60903,0.08472,-0.08015,0.11908,-2.04156,-1.63845,2.43801,-0.50314,-0.47973,0.58566,-0.37638,-0.52814,0.16024,0.27081,1.2189,-0.31141,0.13334,0.0522,0.13607,-0.10131,0.39363,-0.95957,-0.18134,-0.01782,-0.00198
45.04,-0.01325,-0.01561,0.01933,0.06614,0.3238,-0.11707,-0.13537,0.02304,0.3037,0.05664,0.18815,0,0.02971,0.44304,0.40318,1.65255,0.19678,-0.12311,0.13738,-1.61641,-1.56463,2.03715,-0.35874,-0.39888,0.54561,-0.33126,-0.5294,0.17498,0.32725,1.2537,-0.31852,0.13355,0.05172,0.1604,-0.10516,0.46144,-0.98798,-0.19763,-0.0274,-0.00591
45.06,-0.01165,-0.01439,0.02271,0.09659,0.30169,-0.13023,-0.12234,0.00366,0.3845,0.07538,0.22034,0,0.16096,0.4407,0.47259,1.67819,0.30633,-0.19341,0.14731,-1.22339,-1.43213,1.66287,-0.17252,-0.25899,0.46376,-0.25613,-0.52899,0.18319,0.37786,1.28183,-0.32275,0.13291,0.05118,0.17117,-0.10883,0.5225,-0.99395,-0.20819,-0.03699,-0.01011
45.08,-0.00959,-0.01278,0.02547,0.12684,0.27802,-0.14369,-0.10222,-0.01295,0.45899,0.09096,0.24479,0,0.3046,0.44126,0.51579,1.68956,0.40605,-0.286,0.14812,-0.86933,-1.26021,1.33443,0.03636,-0.08194,0.35558,-0.15597,-0.52732,0.18473,0.4208,1.30429,-0.32398,0.13158,0.05066,0.16878,-0.11125,0.57433,-0.97678,-0.21307,-0.04626,-0.01442
45.1,-0.00705,-0.01077,0.0273,0.15525,0.25322,-0.15699,-0.07667,-0.02636,0.5215,0.1045,0.26017,0,0.45811,0.44704,0.53284,1.69287,0.49209,-0.39253,0.14086,-0.55985,-1.07216,1.06799,0.24608,0.09542,0.24623,-0.04088,-0.52486,0.18072,0.45546,1.32225,-0.3222,0.12959,0.0501,0.15463,-0.11069,0.61485,-0.93673,-0.21292,-0.0548,-0.01861
45.12,-0.00408,-0.00829,0.02786,0.1799,0.2278,-0.16949,-0.04727,-0.03632,0.56673,0.1169,0.2655,0,0.61723,0.45918,0.52575,1.69572,0.56292,-0.50318,0.12771,-0.29959,-0.89162,0.87549,0.43477,0.23108,0.16344,0.07648,-0.52208,0.17293,0.48179,1.33678,-0.31749,0.12692,0.04937,0.13083,-0.10531,0.64216,-0.87497,-0.20872,-0.06213,-0.02243
45.14,-0.00072,-0.00531,0.02693,0.19918,0.20223,-0.18063,-0.01523,-0.04284,0.5909,0.12864,0.26028,0,0.77779,0.47765,0.49752,1.70564,0.61825,-0.60959,0.11112,-0.09047,-0.73668,0.76099,0.58519,0.29294,0.12692,0.18493,-0.51938,0.16309,0.49958,1.3486,-0.30995,0.12349,0.04834,0.09987,-0.09388,0.65464,-0.79346,-0.20149,-0.06789,-0.02562
45.16,0.00296,-0.00185,0.02443,0.21201,0.1769,-0.19006,0.01872,-0.04632,0.59244,0.13968,0.24476,0,0.93633,0.50118,0.45161,1.72904,0.65811,-0.70659,0.09324,0.06901,-0.61637,0.71821,0.68753,0.26907,0.1411,0.27713,-0.51697,0.15247,0.50798,1.35798,-0.29976,0.11923,0.04692,0.06452,-0.07644,0.65095,-0.6954,-0.1921,-0.07183,-0.02802
45.18,0.00689,0.00205,0.02047,0.21783,0.1523,-0.19763,0.05412,-0.04747,0.5721,0.14936,0.22003,0,1.08911,0.52711,0.39217,1.77077,0.68228,-0.79179,0.07588,0.1825,-0.5307,0.73053,0.73917,0.17035,0.19321,0.34952,-0.51493,0.14177,0.50522,1.36455,-0.28722,0.11412,0.04506,0.02807,-0.05453,0.63006,-0.58587,-0.18129,-0.07388,-0.02955
45.2,0.01092,0.00622,0.01537,0.21649,0.12918,-0.20327,0.09051,-0.04726,0.53261,0.15635,0.18795,0,1.23117,0.55139,0.32406,1.83402,0.69001,-0.8647,0.06068,0.25438,-0.47268,0.77317,0.74321,0.02752,0.25577,0.40126,-0.51324,0.13127,0.4887,1.36735,-0.2728,0.1082,0.04278,-0.00555,-0.03109,0.59124,-0.47226,-0.16971,-0.07403,-0.03017
45.22,0.01489,0.01048,0.00955,0.20811,0.10832,-0.20704,0.12751,-0.04671,0.47765,0.15906,0.15072,0,1.35728,0.56939,0.25219,1.9202,0.68065,-0.92596,0.04894,0.28961,-0.43207,0.81942,0.70641,-0.11899,0.29547,0.43329,-0.51175,0.12101,0.45553,1.36524,-0.25709,0.10157,0.04016,-0.03234,-0.00967,0.53437,-0.36287,-0.1579,-0.07236,-0.02986
45.24,0.01865,0.01466,0.00338,0.19311,0.09016,-0.20912,0.16498,-0.04669,0.41048,0.15623,0.11005,0,1.46418,0.57703,0.18025,2.0289,0.65451,-0.97683,0.04138,0.29426,-0.39997,0.84927,0.6369,-0.23392,0.28611,0.44746,-0.51026,0.11087,0.40342,1.35759,-0.24066,0.09432,0.03724,-0.04922,0.00683,0.46039,-0.26454,-0.14621,-0.06894,-0.02864
45.26,0.02208,0.01862,-0.0028,0.17226,0.07454,-0.20987,0.20308,-0.04767,0.33331,0.14736,0.06683,0,1.55181,0.5717,0.11021,2.15734,0.61383,-1.01873,0.03795,0.27612,-0.37218,0.8553,0.54297,-0.29692,0.21759,0.44596,-0.50853,0.10077,0.3316,1.34474,-0.22399,0.08654,0.03409,-0.05459,0.01694,0.37195,-0.18133,-0.13477,-0.06388,-0.02654
45.28,0.02505,0.02227,-0.00876,0.14684,0.06074,-0.20984,0.24194,-0.04975,0.2476,0.13286,0.0213,0,1.62291,0.55242,0.04258,2.2994,0.56313,-1.05271,0.03789,0.2449,-0.35022,0.84409,0.43337,-0.30455,0.09864,0.4311,-0.50628,0.09077,0.24142,1.32827,-0.20763,0.0784,0.03077,-0.04851,0.02076,0.27416,-0.11485,-0.12359,-0.05735,-0.02363
45.3,0.02745,0.0255,-0.01425,0.11866,0.04774,-0.20967,0.28144,-0.05267,0.1547,0.11399,-0.02654,0,1.682,0.51967,-0.02281,2.44516,0.50919,-1.07918,0.03978,0.21173,-0.34083,0.83421,0.31762,-0.2679,-0.04527,0.40526,-0.50328,0.08111,0.13669,1.31084,-0.19226,0.07014,0.02738,-0.0324,0.01968,0.17478,-0.06508,-0.11261,-0.04957,-0.02002
45.32,0.02913,0.02822,-0.01905,0.08972,0.03438,-0.20998,0.32124,-0.056,0.05583,0.09251,-0.07679,0,1.73437,0.47481,-0.08623,2.58272,0.4595,-1.09823,0.04197,0.18726,-0.35297,0.84925,0.20498,-0.20643,-0.18073,0.37085,-0.49932,0.07223,0.02291,1.29573,-0.17858,0.06206,0.02401,-0.0085,0.01578,0.08264,-0.0309,-0.1018,-0.04085,-0.01586
45.34,0.03002,0.03034,-0.02301,0.06165,0.01968,-0.21114,0.36104,-0.0594,-0.04815,0.07003,-0.12965,0,1.78503,0.41922,-0.14756,2.70142,0.42006,-1.11016,0.04305,0.17876,-0.39334,0.90762,0.1024,-0.13956,-0.27946,0.33027,-0.49439,0.06467,-0.09406,1.28586,-0.16707,0.05433,0.02071,0.02083,0.01098,0.00481,-0.01049,-0.09106,-0.03145,-0.01131
45.36,0.03012,0.03187,-0.02609,0.03537,0.00302,-0.21309,0.40061,-0.06284,-0.15654,0.04775,-0.18515,0,1.83789,0.35395,-0.20573,2.79365,0.39387,-1.11594,0.04223,0.18818,-0.4631,1.01532,0.01353,-0.08114,-0.32695,0.28601,-0.48876,0.05906,-0.20851,1.28333,-0.15781,0.04698,0.01748,0.05356,0.00652,-0.05499,-0.00149,-0.08035,-0.02163,-0.00651
45.38,0.02951,0.03283,-0.0283,0.01121,-0.01561,-0.21529,0.43956,-0.06657,-0.26798,0.02649,-0.24276,0,1.89512,0.28007,-0.25809,2.85457,0.38081,-1.11724,0.03937,0.21155,-0.55657,1.16335,-0.06087,-0.03845,-0.32425,0.24104,-0.48299,0.05615,-0.31414,1.28919,-0.15057,0.03993,0.01427,0.08783,0.00287,-0.09636,-0.00125,-0.0697,-0.0117,-0.00165
45.4,0.02833,0.03326,-0.02972,-0.01083,-0.03562,-0.21679,0.47699,-0.07109,-0.37978,0.00692,-0.30102,0,1.95694,0.19907,-0.30023,2.88119,0.37812,-1.11611,0.03496,0.23976,-0.66173,1.32891,-0.12196,-0.01313,-0.28569,0.19894,-0.47795,0.05679,-0.40348,1.3036,-0.14486,0.03303,0.01102,0.12172,-0.0002,-0.12141,-0.00696,-0.0593,-0.00206,0.00301
45.42,0.02675,0.03322,-0.03043,-0.03095,-0.05595,-0.21645,0.51167,-0.07702,-0.48846,-0.01046,-0.35789,0,2.02219,0.1126,-0.3268,2.87176,0.38137,-1.11406,0.02985,0.26115,-0.76343,1.48215,-0.172,-0.00296,-0.23263,0.16322,-0.47459,0.06183,-0.46884,1.32576,-0.14006,0.02612,0.00766,0.15338,-0.00328,-0.13371,-0.01594,-0.04947,0.00682,0.00721
45.44,0.02493,0.03277,-0.03052,-0.04952,-0.07546,-0.21322,0.54238,-0.08492,-0.59098,-0.0254,-0.384,0,2.08944,0.02184,-0.33316,2.82566,0.38553,-1.11075,0.02488,0.26541,-0.84849,1.59644,-0.21355,-0.00394,-0.18469,0.13611,-0.47351,0.07177,-0.50439,1.35387,-0.13551,0.01906,0.00416,0.18134,-0.00692,-0.13711,-0.02596,-0.0405,0.01455,0.01073
45.46,0.02295,0.03196,-0.03009,-0.06697,-0.09309,-0.20647,0.56803,-0.09517,-0.68536,-0.03795,-0.384,0,2.15746,-0.07269,-0.31643,2.74346,0.38584,-1.10312,0.02062,0.24629,-0.90889,1.65505,-0.24889,-0.01172,-0.15398,0.11776,-0.47477,0.08658,-0.50755,1.385,-0.13056,0.01175,0.00049,0.20462,-0.0113,-0.13501,-0.03541,-0.03261,0.02089,0.01344
45.48,0.02087,0.03083,-0.02923,-0.08361,-0.10778,-0.19604,0.58755,-0.10783,-0.77005,-0.0483,-0.384,0,2.2249,-0.17038,-0.27585,2.62745,0.37794,-1.08517,0.01738,0.20233,-0.94206,1.65229,-0.2795,-0.02196,-0.14379,0.10626,-0.47779,0.1055,-0.4792,1.41478,-0.12465,0.0042,-0.00331,0.22259,-0.01616,-0.13011,-0.04331,-0.02599,0.02573,0.01531
45.5,0.01869,0.02941,-0.02802,-0.09955,-0.11834,-0.18224,0.5997,-0.12261,-0.84323,-0.05672,-0.384,0,2.28978,-0.26997,-0.21265,2.48184,0.3578,-1.04842,0.01525,0.13648,-0.94988,1.59196,-0.30593,-0.03034,-0.14985,0.09801,-0.48138,0.12706,-0.42326,1.43745,-0.11732,-0.00341,-0.00712,0.23473,-0.02079,-0.12443,-0.04913,-0.02086,0.02898,0.01637
45.52,0.01641,0.02774,-0.02654,-0.11468,-0.12368,-0.16571,0.60327,-0.13897,-0.90294,-0.06359,-0.384,0,2.34964,-0.36975,-0.12936,2.3115,0.32157,-0.98334,0.01422,0.05464,-0.93693,1.48401,-0.328,-0.03283,-0.16361,0.08859,-0.48401,0.14933,-0.34566,1.44672,-0.10831,-0.01083,-0.01079,0.24067,-0.02423,-0.11929,-0.05274,-0.01737,0.03063,0.01667
45.54,0.01399,0.02586,-0.02485,-0.12884,-0.12307,-0.14715,0.59753,-0.15625,-0.94786,-0.06943,-0.384,0,2.40208,-0.46832,-0.02885,2.11996,0.26537,-0.88162,0.01435,-0.03671,-0.90843,1.34023,-0.34543,-0.02613,-0.17686,0.07392,-0.48411,0.17051,-0.25294,1.43725,-0.09751,-0.01779,-0.01415,0.24022,-0.02561,-0.11539,-0.05416,-0.01555,0.03076,0.01633
45.56,0.0114,0.0238,-0.02298,-0.14185,-0.11647,-0.12724,0.58258,-0.17378,-0.97766,-0.075,-0.384,0,2.44495,-0.56483,0.08592,1.90869,0.18539,-0.73803,0.01585,-0.13159,-0.8689,1.17188,-0.35819,-0.00801,-0.18485,0.05112,-0.48031,0.18909,-0.15174,1.40571,-0.0851,-0.02413,-0.01711,0.2335,-0.02435,-0.11273,-0.05353,-0.01516,0.02959,0.01545
45.58,0.00863,0.02165,-0.02097,-0.15342,-0.10459,-0.10674,0.55956,-0.19071,-0.99284,-0.08121,-0.384,0,2.47604,-0.65828,0.2112,1.67845,0.07839,-0.55189,0.0191,-0.2242,-0.82211,0.99027,-0.36647,0.0225,-0.18702,0.01887,-0.4715,0.20387,-0.04933,1.35125,-0.07162,-0.02972,-0.0196,0.22096,-0.02018,-0.1107,-0.05102,-0.01568,0.02747,0.01423
45.6,0.0057,0.01947,-0.01885,-0.16306,-0.08884,-0.08664,0.53055,-0.20595,-0.99435,-0.08911,-0.384,0,2.49284,-0.74688,0.3418,1.43081,-0.05751,-0.32775,0.02459,-0.30837,-0.77129,0.8076,-0.37058,0.06505,-0.18643,-0.02253,-0.45686,0.21376,0.04595,1.27541,-0.05804,-0.03439,-0.02158,0.20339,-0.0132,-0.10818,-0.04689,-0.0164,0.02485,0.01286
45.62,0.00266,0.0174,-0.01666,-0.17023,-0.07098,-0.06792,0.49808,-0.21833,-0.98333,-0.09957,-0.384,0,2.49265,-0.82828,0.47193,1.1683,-0.22201,-0.07443,0.03278,-0.37808,-0.71899,0.63575,-0.37099,0.11803,-0.18802,-0.07139,-0.43589,0.21787,0.1258,1.18139,-0.04566,-0.038,-0.02298,0.18178,-0.00375,-0.10391,-0.04142,-0.0165,0.02226,0.01154
45.64,-0.00043,0.01549,-0.01446,-0.17452,-0.05268,-0.05135,0.46439,-0.22692,-0.96082,-0.11309,-0.384,0,2.47324,-0.90049,0.59693,0.89364,-0.41159,0.19678,0.04375,-0.42885,-0.66666,0.48371,-0.3684,0.17862,-0.19601,-0.12513,-0.40849,0.21575,0.18418,1.0729,-0.03592,-0.04036,-0.02375,0.15707,0.00759,-0.09693,-0.03488,-0.01529,0.02008,0.01043
45.66,-0.00349,0.0138,-0.01229,-0.17585,-0.03521,-0.03723,0.43099,-0.23125,-0.92778,-0.12951,-0.384,0,2.43332,-0.96227,0.71401,0.61013,-0.61813,0.47244,0.05708,-0.45851,-0.61462,0.35626,-0.36385,0.24271,-0.21218,-0.18032,-0.37504,0.20752,0.21866,0.95376,-0.03033,-0.04131,-0.02383,0.13015,0.02002,-0.08703,-0.02761,-0.01232,0.01854,0.00959
45.68,-0.00639,0.01232,-0.01022,-0.17442,-0.01953,-0.0255,0.3988,-0.23129,-0.88522,-0.14786,-0.384,0,2.37291,-1.01268,0.82154,0.32393,-0.82702,0.73496,0.07159,-0.46713,-0.56237,0.25466,-0.35882,0.30433,-0.23527,-0.23233,-0.33675,0.19398,0.2304,0.82868,-0.03043,-0.0407,-0.02316,0.10197,0.03242,-0.07487,-0.02001,-0.00747,0.01767,0.00902
45.7,-0.00895,0.01103,-0.00836,-0.17073,-0.00641,-0.01589,0.36844,-0.2274,-0.83442,-0.1663,-0.384,0,2.29339,-1.05063,0.9181,0.04557,-1.01684,0.96156,0.08542,-0.4565,-0.50909,0.17796,-0.35505,0.3556,-0.26127,-0.2752,-0.2957,0.17655,0.22348,0.70384,-0.03788,-0.03834,-0.02168,0.07373,0.04337,-0.06192,-0.0126,-0.00091,0.01731,0.00865
45.72,-0.011,0.00991,-0.00683,-0.16543,0.00361,-0.00803,0.34024,-0.22012,-0.77676,-0.18259,-0.384,0,2.19684,-1.07486,1.00221,-0.21198,-1.16375,1.1282,0.09645,-0.42953,-0.45398,0.1238,-0.35419,0.38828,-0.28469,-0.30258,-0.25444,0.157,0.20366,0.58589,-0.05435,-0.03403,-0.0193,0.04674,0.05137,-0.05008,-0.00594,0.00699,0.01726,0.00835
45.74,-0.01235,0.00891,-0.00567,-0.15914,0.01029,-0.0015,0.31414,-0.20999,-0.71337,-0.19476,-0.384,0,2.08502,-1.08429,1.07255,-0.43763,-1.24888,1.21674,0.10294,-0.38952,-0.39645,0.0889,-0.35706,0.3964,-0.30052,-0.30954,-0.21511,0.13698,0.17672,0.47993,-0.08122,-0.02752,-0.01592,0.02201,0.05536,-0.04098,-0.00049,0.01581,0.01728,0.00802
45.76,-0.01293,0.008,-0.00491,-0.15246,0.0138,0.00405,0.28968,-0.19745,-0.64516,-0.20151,-0.384,0,1.95906,-1.07831,1.12794,-0.62435,-1.26337,1.21976,0.10398,-0.33985,-0.33654,0.06946,-0.36323,0.37804,-0.30553,-0.29376,-0.17904,0.1178,0.14755,0.38848,-0.11937,-0.01854,-0.01141,0.00012,0.05504,-0.03561,0.00346,0.02511,0.01718,0.00758
45.78,-0.01275,0.00715,-0.00447,-0.14588,0.01469,0.0089,0.26617,-0.18288,-0.57326,-0.20227,-0.384,0,1.82025,-1.0568,1.16688,-0.7683,-1.20927,1.14148,0.09962,-0.28425,-0.27539,0.06145,-0.3708,0.33587,-0.29854,-0.2559,-0.14692,0.10048,0.12007,0.31189,-0.16886,-0.00687,-0.00564,-0.01867,0.05092,-0.0342,0.00577,0.03444,0.01686,0.00699
45.8,-0.01185,0.00635,-0.00421,-0.13991,0.01379,0.01316,0.24293,-0.1667,-0.49948,-0.19708,-0.384,0,1.67087,-1.02008,1.18714,-0.86714,-1.09803,0.99626,0.09071,-0.22699,-0.21554,0.06092,-0.37659,0.27669,-0.28016,-0.19943,-0.1191,0.08591,0.09742,0.24928,-0.22854,0.00758,0.00145,-0.03423,0.04423,-0.03636,0.00646,0.04324,0.01627,0.00628
45.82,-0.01035,0.00559,-0.00399,-0.13496,0.01209,0.01683,0.21935,-0.14935,-0.42595,-0.1864,-0.364,0,1.51372,-0.9688,1.18614,-0.91981,-0.94631,0.80411,0.07856,-0.17237,-0.16025,0.06424,-0.37681,0.20946,-0.25223,-0.12986,-0.09567,0.0748,0.08185,0.19895,-0.29557,0.02451,0.00974,-0.04652,0.03654,-0.04131,0.0056,0.05091,0.01543,0.00547
45.84,-0.00837,0.00487,-0.00365,-0.13124,0.01047,0.01996,0.19482,-0.13119,-0.35435,-0.1709,-0.33659,0,1.351,-0.9037,1.16188,-0.92727,-0.77007,0.58456,0.06446,-0.12373,-0.11218,0.06843,-0.36818,0.14248,-0.21699,-0.05363,-0.0764,0.06745,0.07441,0.1587,-0.36484,0.04302,0.01881,-0.05564,0.02926,-0.04811,0.00334,0.05698,0.01435,0.0046
45.86,-0.00603,0.00417,-0.00308,-0.12862,0.00959,0.02259,0.16885,-0.11252,-0.28557,-0.15133,-0.30747,0,1.18404,-0.82581,1.11364,-0.89308,-0.58136,0.35328,0.04943,-0.08288,-0.07268,0.07137,-0.34859,0.08168,-0.17673,0.02234,-0.06076,0.06366,0.0747,0.12602,-0.42834,0.06135,0.02784,-0.06189,0.02332,-0.05586,-0.0001,0.0612,0.01309,0.00373
45.88,-0.00346,0.00348,-0.00221,-0.1267,0.00987,0.02485,0.14124,-0.09369,-0.2202,-0.12872,-0.27683,0,1.01447,-0.73699,1.04249,-0.82373,-0.38872,0.12285,0.0342,-0.05038,-0.04191,0.07178,-0.31753,0.03065,-0.13394,0.09023,-0.04801,0.06274,0.08085,0.09846,-0.47444,0.07667,0.03546,-0.06567,0.01911,-0.06362,-0.00441,0.06345,0.01168,0.00288
45.9,-0.00084,0.00278,-0.00102,-0.12482,0.01148,0.02688,0.11222,-0.07524,-0.15897,-0.10436,-0.24522,0,0.84534,-0.64032,0.95132,-0.72827,-0.19889,-0.09535,0.0194,-0.02589,-0.01926,0.06913,-0.27597,-0.00874,-0.09149,0.1411,-0.03741,0.06357,0.08975,0.07392,-0.48841,0.08517,0.03983,-0.06742,0.0166,-0.07044,-0.00922,0.0638,0.01022,0.00209
45.92,0.00166,0.00206,0.00049,-0.12221,0.01442,0.0288,0.08238,-0.05782,-0.10273,-0.07969,-0.21346,-0,0.68046,-0.53946,0.84415,-0.61686,-0.01801,-0.29047,0.00558,-0.00853,-0.00366,0.06349,-0.22583,-0.0359,-0.05229,0.16633,-0.02831,0.0649,0.09768,0.05082,-0.45603,0.08308,0.03912,-0.06762,0.01546,-0.07539,-0.01408,0.06237,0.00878,0.00141
45.94,0.00391,0.00129,0.00229,-0.11818,0.01855,0.03073,0.05226,-0.04193,-0.05194,-0.0559,-0.18225,-0,0.52279,-0.43742,0.72481,-0.49845,0.1477,-0.45247,-0.00677,0.00287,0.00619,0.05515,-0.16917,-0.05112,-0.01853,0.16021,-0.02023,0.06556,0.10135,0.02823,-0.36945,0.06813,0.03223,-0.06665,0.01528,-0.07775,-0.01862,0.05936,0.00743,0.00086
45.96,0.00583,0.00048,0.00436,-0.11219,0.02361,0.03273,0.02228,-0.02783,-0.00651,-0.03378,-0.15203,-0,0.37376,-0.33606,0.59659,-0.37972,0.2909,-0.57184,-0.01719,0.00962,0.01165,0.04453,-0.10778,-0.05538,0.00871,0.12172,-0.01292,0.06471,0.09855,0.00589,-0.23154,0.04075,0.01935,-0.06488,0.01565,-0.07711,-0.02256,0.05504,0.00622,0.00046
45.98,0.00737,-0.00039,0.00662,-0.10403,0.0292,0.03478,-0.00708,-0.01563,0.03391,-0.01386,-0.12316,-0,0.23424,-0.23669,0.46301,-0.26565,0.40166,-0.63838,-0.02511,0.01299,0.01407,0.03217,-0.04354,-0.05018,0.02937,0.05526,-0.00649,0.0619,0.08832,-0.0155,-0.05794,0.00446,0.00219,-0.06259,0.01624,-0.07339,-0.02571,0.04976,0.00517,0.00019
46,0.00853,-0.00129,0.009,-0.09373,0.03475,0.03682,-0.03506,-0.0054,0.06951,0.00345,-0.09618,-0,0.10569,-0.14088,0.32865,-0.16043,0.46718,-0.64095,-0.02985,0.0142,0.01465,0.0188,0.02115,-0.03737,0.04405,-0.02986,-0.00135,0.05702,0.07086,-0.03427,0.12385,-0.03434,-0.01617,-0.06001,0.01677,-0.06682,-0.02791,0.04398,0.00428,3e-05
46.02,0.00933,-0.0022,0.01139,-0.08155,0.03965,0.03872,-0.06077,0.00282,0.10039,0.01783,-0.07168,-0,-0.01003,-0.05044,0.19867,-0.06745,0.47509,-0.57039,-0.03079,0.01433,0.0145,0.00524,0.08366,-0.01888,0.05379,-0.12161,0.00188,0.05022,0.04737,-0.04831,0.281,-0.06795,-0.03203,-0.05734,0.017,-0.05785,-0.02908,0.03815,0.00355,-5e-05
46.04,0.00978,-0.00309,0.0137,-0.06781,0.04336,0.04035,-0.08351,0.00906,0.12674,0.02914,-0.05001,-0,-0.11162,0.03312,0.07747,0.01133,0.41915,-0.42449,-0.02769,0.01433,0.01456,-0.00771,0.14166,0.00375,0.0598,-0.20863,0.00273,0.0418,0.01969,-0.05586,0.38559,-0.08977,-0.04221,-0.05466,0.01672,-0.04705,-0.02914,0.03267,0.00298,-6e-05
46.06,0.00994,-0.00394,0.01589,-0.05285,0.04555,0.0416,-0.10287,0.01347,0.14897,0.03747,-0.03122,-0,-0.19877,0.10862,-0.03181,0.07559,0.30348,-0.21223,-0.02092,0.01501,0.01564,-0.01938,0.19341,0.02952,0.06332,-0.28233,0.00105,0.03215,-0.00978,-0.05613,0.42127,-0.0959,-0.04484,-0.05197,0.01572,-0.03511,-0.02811,0.02774,0.00253,-4e-05
46.08,0.00986,-0.00471,0.01795,-0.03714,0.04607,0.04237,-0.11865,0.01626,0.1675,0.04309,-0.01511,-0,-0.2715,0.17469,-0.12658,0.12611,0.14439,0.04376,-0.0116,0.01703,0.01838,-0.02915,0.23737,0.05788,0.06548,-0.33672,-0.00296,0.02184,-0.03787,-0.04936,0.38458,-0.08543,-0.03952,-0.0492,0.0138,-0.02289,-0.02607,0.02342,0.00216,-2e-05
46.1,0.00959,-0.00534,0.01986,-0.02134,0.04495,0.04257,-0.13071,0.01768,0.18263,0.04636,-0.00143,-0,-0.32953,0.22926,-0.20401,0.16423,-0.03075,0.30798,-0.0015,0.02089,0.02327,-0.03633,0.27185,0.08841,0.06732,-0.3678,-0.00873,0.01158,-0.06069,-0.03677,0.28332,-0.06014,-0.02712,-0.04621,0.0108,-0.01148,-0.02314,0.01967,0.00185,-1e-05
46.12,0.00921,-0.00579,0.02161,-0.00621,0.04232,0.04215,-0.13894,0.01797,0.19452,0.04765,0.01005,-0,-0.37239,0.27,-0.26138,0.19141,-0.19013,0.54001,0.00739,0.0269,0.03061,-0.04031,0.29524,0.12043,0.0697,-0.37337,-0.0155,0.00219,-0.07433,-0.02015,0.13285,-0.02355,-0.00941,-0.04287,0.00664,-0.002,-0.01952,0.01641,0.00153,-4e-05
46.14,0.00876,-0.00604,0.02321,0.00759,0.0384,0.04109,-0.14335,0.01737,0.20331,0.04733,0.01959,-0,-0.40011,0.29538,-0.29716,0.20916,-0.30759,0.7071,0.01345,0.03518,0.04042,-0.0407,0.30654,0.15255,0.07325,-0.35321,-0.02248,-0.00573,-0.0763,-0.00138,-0.04899,0.02023,0.01158,-0.0391,0.00133,0.00474,-0.01541,0.01353,0.00119,-0.00011
46.16,0.00829,-0.00607,0.02463,0.01962,0.03348,0.03945,-0.14419,0.01611,0.20916,0.04574,0.02741,-0,-0.41366,0.30538,-0.31174,0.21891,-0.36927,0.79237,0.01589,0.04554,0.05244,-0.03748,0.30582,0.18222,0.07833,-0.30935,-0.02903,-0.01185,-0.06638,0.01782,-0.24461,0.06719,0.03384,-0.03486,-0.00489,0.00842,-0.01099,0.01093,0.00079,-0.00024
46.18,0.00782,-0.00591,0.02585,0.02955,0.02792,0.03739,-0.14188,0.01442,0.21225,0.04322,0.03369,-0,-0.41487,0.30152,-0.30741,0.22184,-0.37464,0.79601,0.0148,0.05743,0.06597,-0.03105,0.29424,0.20538,0.08499,-0.2464,-0.03455,-0.01616,-0.04691,0.03583,-0.43596,0.11324,0.05531,-0.03026,-0.01157,0.00927,-0.00653,0.00855,0.00032,-0.00043
46.2,0.00737,-0.00562,0.02682,0.03715,0.02221,0.03512,-0.13701,0.01255,0.21271,0.04006,0.03844,0,-0.40621,0.28653,-0.28796,0.21883,-0.33456,0.73272,0.01105,0.0699,0.07987,-0.02222,0.27391,0.21661,0.0929,-0.17142,-0.03851,-0.01885,-0.02254,0.051,-0.60366,0.15399,0.07377,-0.02555,-0.01799,0.00791,-0.00233,0.00638,-0.00021,-0.00067
46.22,0.00695,-0.00526,0.02746,0.0422,0.01686,0.03293,-0.13024,0.0107,0.2106,0.03653,0.04162,-0,-0.39037,0.26374,-0.25793,0.21053,-0.26638,0.62547,0.00594,0.08173,0.09281,-0.01215,0.24741,0.21056,0.10143,-0.09267,-0.04049,-0.02024,0.00108,0.06185,-0.72948,0.18529,0.08714,-0.02102,-0.02335,0.00524,0.00131,0.00445,-0.00078,-0.00093
46.24,0.00657,-0.0049,0.02771,0.04463,0.0123,0.03102,-0.12215,0.00905,0.20591,0.03282,0.04322,0,-0.36975,0.23622,-0.22159,0.19753,-0.18729,0.49723,0.0007,0.09168,0.1037,-0.00222,0.21712,0.18416,0.10965,-0.01756,-0.04023,-0.02064,0.01912,0.06741,-0.80077,0.20427,0.09401,-0.01697,-0.027,0.00207,0.00414,0.0028,-0.00138,-0.00121
46.26,0.00621,-0.00458,0.02752,0.04457,0.00879,0.02947,-0.11322,0.00769,0.19863,0.02903,0.04331,0,-0.34624,0.20628,-0.18243,0.18059,-0.11019,0.36582,-0.00383,0.09863,0.11193,0.00598,0.18491,0.13832,0.11634,0.04851,-0.03781,-0.02033,0.02879,0.06745,-0.81348,0.20996,0.09397,-0.01358,-0.02861,-0.00097,0.00604,0.00145,-0.00198,-0.00149
46.28,0.00587,-0.00431,0.02689,0.04235,0.00641,0.02825,-0.10385,0.00666,0.18878,0.02522,0.04211,0,-0.32132,0.1756,-0.14332,0.16076,-0.04312,0.24351,-0.00719,0.10153,0.11738,0.01059,0.15226,0.07867,0.11992,0.10188,-0.03359,-0.01948,0.02955,0.06249,-0.77265,0.20342,0.08768,-0.01096,-0.02822,-0.00351,0.00701,0.0004,-0.00255,-0.00175
46.3,0.0055,-0.00409,0.02582,0.03846,0.00514,0.02726,-0.09441,0.00595,0.17646,0.02138,0.03994,0,-0.29621,0.14543,-0.10676,0.13947,0.00988,0.13824,-0.00929,0.09943,0.12026,0.00957,0.1205,0.01515,0.11854,0.1401,-0.02824,-0.01821,0.0228,0.05375,-0.69104,0.1874,0.07674,-0.00916,-0.02615,-0.00535,0.00717,-0.00034,-0.00306,-0.00196
46.32,0.0051,-0.00393,0.02434,0.03346,0.00488,0.02631,-0.08528,0.00551,0.16183,0.01751,0.03715,0,-0.27186,0.11671,-0.07483,0.11824,0.04769,0.05451,-0.01027,0.09161,0.12096,0.00115,0.09081,-0.04065,0.11049,0.16186,-0.02254,-0.01656,0.01115,0.04279,-0.58531,0.16549,0.06321,-0.00821,-0.02291,-0.00646,0.00665,-0.00077,-0.00346,-0.0021
46.34,0.00463,-0.00381,0.02246,0.02784,0.00547,0.02524,-0.07666,0.00531,0.14508,0.01356,0.03407,0,-0.24881,0.09002,-0.04894,0.09834,0.07107,-0.00616,-0.01039,0.07793,0.11978,-0.01531,0.06397,-0.07943,0.09488,0.16724,-0.0172,-0.01457,-0.00261,0.03106,-0.47063,0.14088,0.04895,-0.00804,-0.019,-0.00692,0.00563,-0.0009,-0.00374,-0.00215
46.36,0.00408,-0.00372,0.02024,0.02197,0.00674,0.02393,-0.06863,0.00527,0.12643,0.00945,0.03092,0,-0.22716,0.06564,-0.02972,0.0805,0.08191,-0.04471,-0.00988,0.05911,0.11678,-0.03876,0.04034,-0.09686,0.07221,0.15797,-0.01266,-0.01222,-0.01614,0.01968,-0.35746,0.11568,0.03522,-0.00855,-0.01485,-0.00687,0.00427,-0.00076,-0.00386,-0.0021
46.38,0.00345,-0.00364,0.01774,0.01609,0.00847,0.0223,-0.06115,0.00535,0.1063,0.00513,0.02787,0,-0.20671,0.04377,-0.01713,0.06504,0.08289,-0.06401,-0.00902,0.03696,0.11173,-0.06611,0.02003,-0.09407,0.04462,0.13747,-0.00915,-0.00956,-0.02757,0.00942,-0.2515,0.09092,0.02271,-0.00954,-0.01083,-0.0065,0.0027,-0.0004,-0.00383,-0.00196
46.4,0.00274,-0.00358,0.01506,0.01038,0.01041,0.02036,-0.05416,0.00549,0.08539,0.00056,0.02502,0,-0.18719,0.02472,-0.01071,0.052,0.07726,-0.06838,-0.00804,0.01428,0.10422,-0.09236,0.00307,-0.07684,0.01585,0.11064,-0.00668,-0.00662,-0.03548,0.00079,-0.15488,0.06677,0.01163,-0.01077,-0.00723,-0.00606,0.00107,0.0001,-0.00364,-0.00174
46.42,0.00196,-0.00352,0.01232,0.00498,0.01233,0.01816,-0.04758,0.00562,0.06457,-0.00426,0.02245,0,-0.16827,0.00884,-0.0097,0.04122,0.06857,-0.06288,-0.00718,-0.0057,0.09376,-0.11181,-0.01052,-0.05347,-0.00968,0.0829,-0.00517,-0.00347,-0.03893,-0.00589,-0.06717,0.04289,0.00188,-0.01194,-0.0043,-0.00582,-0.00049,0.00068,-0.00331,-0.00147
46.44,0.00115,-0.00346,0.00961,-5e-05,0.01402,0.01574,-0.04133,0.00569,0.04456,-0.0093,0.02021,0,-0.14958,-0.00367,-0.01325,0.03235,0.06034,-0.05258,-0.00666,-0.02031,0.07999,-0.11971,-0.02084,-0.03178,-0.02824,0.05878,-0.00442,-0.00021,-0.03759,-0.01054,0.01369,0.01869,-0.00683,-0.01284,-0.00218,-0.00595,-0.00189,0.00127,-0.00285,-0.00115
46.46,0.00031,-0.00339,0.00702,-0.00465,0.01534,0.01319,-0.03532,0.00564,0.02583,-0.01453,0.0183,0,-0.13069,-0.01283,-0.02038,0.02484,0.05579,-0.04218,-0.00669,-0.02806,0.06291,-0.11358,-0.02816,-0.01717,-0.03769,0.04109,-0.00423,0.00308,-0.03194,-0.01332,0.09054,-0.00639,-0.01487,-0.01333,-0.00091,-0.00657,-0.00306,0.00183,-0.0023,-0.00082
46.48,-0.00053,-0.00331,0.0046,-0.00882,0.01621,0.01055,-0.0295,0.0054,0.00871,-0.01985,0.01675,0,-0.11133,-0.01888,-0.03003,0.01802,0.05793,-0.03592,-0.00748,-0.02871,0.04303,-0.09343,-0.03286,-0.01222,-0.03762,0.03079,-0.00435,0.00627,-0.02327,-0.01458,0.16617,-0.03258,-0.02263,-0.01334,-0.00041,-0.00765,-0.004,0.00235,-0.00167,-0.00048
46.5,-0.00132,-0.00319,0.00241,-0.01249,0.01662,0.00795,-0.02392,0.00488,-0.00647,-0.02507,0.01558,0,-0.09147,-0.02214,-0.04101,0.0112,0.06954,-0.03773,-0.00922,-0.02312,0.02142,-0.06161,-0.03533,-0.01706,-0.0291,0.02731,-0.00454,0.00917,-0.01363,-0.01482,0.24253,-0.05961,-0.03037,-0.01292,-0.00051,-0.00908,-0.00469,0.00283,-0.00102,-0.00017
46.52,-0.00201,-0.00304,0.00052,-0.0156,0.01656,0.00549,-0.01868,0.00403,-0.0194,-0.02997,0.01478,0,-0.07128,-0.02299,-0.05213,0.00375,0.09344,-0.05131,-0.01208,-0.01286,-0.00049,-0.02194,-0.03595,-0.03011,-0.01418,0.02907,-0.00455,0.01161,-0.00514,-0.01458,0.31998,-0.08671,-0.0382,-0.01214,-0.001,-0.01067,-0.00514,0.00328,-0.00039,0.00011
46.54,-0.00258,-0.00284,-0.00104,-0.0181,0.01606,0.00327,-0.01388,0.0028,-0.02987,-0.03429,0.01436,0,-0.05097,-0.02183,-0.06234,-0.00473,0.13259,-0.08021,-0.01624,0.0003,-0.02136,0.02141,-0.03509,-0.04915,0.00475,0.03409,-0.00422,0.01343,0.00076,-0.01432,0.39648,-0.11264,-0.04597,-0.01108,-0.0017,-0.01226,-0.00538,0.0037,0.00019,0.00033
46.56,-0.00299,-0.00259,-0.00226,-0.01997,0.01515,0.00132,-0.00958,0.0012,-0.03781,-0.03785,0.01426,0,-0.03073,-0.01909,-0.07087,-0.01436,0.19004,-0.12776,-0.02185,0.01461,-0.0401,0.06458,-0.03307,-0.07188,0.0253,0.04042,-0.00345,0.01462,0.00399,-0.01431,0.46689,-0.13566,-0.05316,-0.00983,-0.00247,-0.01371,-0.00544,0.0041,0.00068,0.0005
46.58,-0.00323,-0.00229,-0.00315,-0.02124,0.01388,-0.00034,-0.00583,-0.00074,-0.04327,-0.04047,0.01436,0,-0.01087,-0.01528,-0.07713,-0.02484,0.26863,-0.19675,-0.02897,0.02837,-0.05579,0.10385,-0.0302,-0.09596,0.04506,0.0462,-0.00228,0.01525,0.00588,-0.01461,0.52213,-0.15335,-0.05881,-0.00844,-0.00322,-0.01496,-0.00534,0.00444,0.00108,0.00061
46.6,-0.00331,-0.00195,-0.00376,-0.02195,0.0123,-0.00171,-0.00267,-0.0029,-0.04629,-0.04197,0.01454,0,0.00804,-0.01091,-0.08068,-0.03546,0.37026,-0.28891,-0.03754,0.0398,-0.06758,0.13541,-0.02679,-0.11885,0.06151,0.04961,-0.00082,0.01549,0.00896,-0.01508,0.54962,-0.16265,-0.06161,-0.00696,-0.0039,-0.01597,-0.00513,0.00471,0.00137,0.00067
46.62,-0.00322,-0.00158,-0.00412,-0.02212,0.01048,-0.0028,-0.00019,-0.00514,-0.04695,-0.04219,0.01463,0,0.02532,-0.00648,-0.08127,-0.0453,0.49493,-0.40402,-0.0473,0.04728,-0.07469,0.15576,-0.02312,-0.138,0.07226,0.04902,0.00077,0.01553,0.01612,-0.01549,0.53705,-0.16068,-0.06022,-0.00546,-0.00452,-0.01672,-0.00483,0.00486,0.00155,0.00068
46.64,-0.00298,-0.00117,-0.00428,-0.02178,0.00852,-0.00364,0.00156,-0.00733,-0.0454,-0.04109,0.01453,0,0.04047,-0.0023,-0.07884,-0.05359,0.63935,-0.53872,-0.05769,0.04965,-0.07669,0.16247,-0.0194,-0.15114,0.07559,0.04319,0.00231,0.0155,0.02937,-0.01564,0.47818,-0.14611,-0.05398,-0.00396,-0.00508,-0.01723,-0.00449,0.00486,0.00163,0.00066
46.66,-0.0026,-0.00076,-0.00427,-0.02099,0.00647,-0.00427,0.00259,-0.0094,-0.04188,-0.03878,0.01417,0,0.05328,0.00161,-0.07369,-0.05996,0.7955,-0.68515,-0.06774,0.04646,-0.07362,0.15481,-0.01579,-0.1565,0.07077,0.03144,0.00369,0.0155,0.049,-0.01539,0.3772,-0.12018,-0.04331,-0.00252,-0.00561,-0.01752,-0.00413,0.0047,0.00161,0.0006
46.68,-0.00211,-0.00034,-0.00416,-0.01977,0.00444,-0.00471,0.00289,-0.01127,-0.03676,-0.03554,0.01357,0,0.06383,0.00544,-0.06645,-0.06441,0.94909,-0.82958,-0.07599,0.03803,-0.06601,0.13385,-0.0124,-0.15277,0.05816,0.01374,0.00483,0.01548,0.0732,-0.01475,0.25056,-0.08717,-0.02996,-0.00119,-0.00615,-0.01764,-0.00378,0.0044,0.00152,0.00053
46.7,-0.00155,7e-05,-0.004,-0.01818,0.00254,-0.00502,0.00252,-0.01291,-0.03057,-0.03183,0.01282,0,0.07228,0.00958,-0.05811,-0.06724,1.0795,-0.95237,-0.0805,0.02538,-0.05487,0.10232,-0.00934,-0.13901,0.03916,-0.00925,0.00567,0.01535,0.0982,-0.01382,0.12556,-0.05401,-0.01681,-2e-05,-0.00674,-0.01764,-0.00347,0.00401,0.00137,0.00044
46.72,-0.00095,0.00045,-0.00383,-0.01627,0.00092,-0.00521,0.00151,-0.01428,-0.02385,-0.0282,0.01203,0,0.07887,0.0145,-0.04977,-0.06889,1.16399,-1.03193,-0.0792,0.01,-0.04146,0.06392,-0.0067,-0.11454,0.01577,-0.03633,0.00618,0.01494,0.11933,-0.01275,0.03318,-0.02852,-0.00713,0.0009,-0.00738,-0.01756,-0.00323,0.00356,0.00118,0.00034
46.74,-0.00037,0.00078,-0.0037,-0.01407,-0.00033,-0.00533,-9e-05,-0.01535,-0.0171,-0.0251,0.01132,0,0.08382,0.02056,-0.04236,-0.06975,1.18444,-1.05124,-0.07056,-0.00657,-0.02699,0.02245,-0.00454,-0.07891,-0.00987,-0.06611,0.00637,0.01411,0.13259,-0.01171,-0.00305,-0.01666,-0.0034,0.00153,-0.00808,-0.0174,-0.00307,0.00312,0.00097,0.00024
46.76,0.00017,0.00105,-0.00362,-0.01162,-0.00113,-0.00539,-0.00225,-0.01611,-0.01067,-0.02283,0.01082,0,0.0873,0.02787,-0.03639,-0.07009,1.13228,-1.00249,-0.05406,-0.02288,-0.01247,-0.01879,-0.00292,-0.03195,-0.03576,-0.09706,0.00623,0.01278,0.13572,-0.01079,0.02544,-0.02065,-0.00652,0.00184,-0.00876,-0.0171,-0.00302,0.00271,0.00075,0.00014
46.78,0.00064,0.00126,-0.00361,-0.00895,-0.00148,-0.00541,-0.00494,-0.01656,-0.0048,-0.02151,0.01062,0,0.08938,0.03624,-0.03199,-0.06997,1.00976,-0.88832,-0.03034,-0.03751,0.00123,-0.05673,-0.00185,0.02588,-0.05994,-0.12732,0.00579,0.01094,0.12841,-0.01006,0.11023,-0.03851,-0.01555,0.00183,-0.00931,-0.01655,-0.00306,0.00235,0.00054,4e-05
46.8,0.00101,0.0014,-0.00365,-0.00609,-0.00138,-0.0054,-0.00809,-0.0167,0.00033,-0.02113,0.01078,0,0.09001,0.04513,-0.029,-0.06927,0.82894,-0.72084,-0.00127,-0.049,0.01328,-0.08829,-0.00136,0.09314,-0.08033,-0.15454,0.00511,0.00864,0.1121,-0.00954,0.22795,-0.0646,-0.02798,0.00154,-0.00957,-0.01557,-0.00318,0.00206,0.00033,-5e-05
46.82,0.00125,0.00148,-0.00375,-0.00313,-0.00089,-0.00538,-0.01163,-0.01653,0.00458,-0.02158,0.01138,0,0.08904,0.05378,-0.02705,-0.06774,0.60705,-0.51722,0.03058,-0.05598,0.02291,-0.1107,-0.00146,0.16735,-0.09493,-0.17627,0.00424,0.006,0.08931,-0.00921,0.34787,-0.09144,-0.04052,0.00101,-0.00933,-0.01399,-0.00337,0.00183,0.00013,-0.00015
46.84,0.00136,0.00148,-0.00387,-0.0001,-7e-05,-0.00537,-0.01547,-0.01606,0.00789,-0.02269,0.01245,0,0.08628,0.06144,-0.02574,-0.06503,0.35983,-0.29337,0.06257,-0.05748,0.02965,-0.122,-0.00214,0.24503,-0.1023,-0.19058,0.00325,0.00316,0.06284,-0.00907,0.44287,-0.11243,-0.05027,0.00029,-0.00841,-0.01163,-0.00361,0.00167,-6e-05,-0.00024
46.86,0.00132,0.00142,-0.00401,0.00294,0.00098,-0.00541,-0.01954,-0.01527,0.01032,-0.02428,0.014,0,0.08156,0.06745,-0.02475,-0.06081,0.09795,-0.06041,0.09244,-0.05314,0.03333,-0.12149,-0.00336,0.32148,-0.10182,-0.19651,0.00222,0.00023,0.03526,-0.00913,0.49666,-0.12361,-0.0555,-0.00055,-0.00667,-0.00838,-0.00388,0.00158,-0.00023,-0.00033
46.88,0.00116,0.0013,-0.00418,0.00595,0.00216,-0.00555,-0.02371,-0.0142,0.01198,-0.02613,0.01598,0,0.07473,0.07127,-0.02386,-0.05473,-0.17216,0.17452,0.11809,-0.04328,0.03412,-0.1098,-0.00501,0.39012,-0.09377,-0.19409,0.00126,-0.00265,0.009,-0.00941,0.50513,-0.12401,-0.05582,-0.00145,-0.00404,-0.00421,-0.00417,0.00157,-0.00039,-0.00041
46.9,0.00091,0.00114,-0.00435,0.00884,0.0033,-0.00587,-0.02779,-0.01287,0.01301,-0.02798,0.01833,0,0.06576,0.07241,-0.02295,-0.0465,-0.44571,0.40616,0.13746,-0.02885,0.03245,-0.0887,-0.00693,0.44238,-0.07924,-0.1842,0.00049,-0.00531,-0.01351,-0.00997,0.47469,-0.11524,-0.05198,-0.0023,-0.00053,0.00081,-0.00448,0.00163,-0.00052,-0.00049
46.92,0.0006,0.00097,-0.00454,0.01151,0.00424,-0.00645,-0.03156,-0.01132,0.01361,-0.02957,0.0209,0,0.05468,0.07046,-0.02206,-0.03587,-0.71742,0.62951,0.14869,-0.01122,0.0289,-0.06069,-0.00892,0.4695,-0.05983,-0.16824,5e-05,-0.00757,-0.03012,-0.01083,0.41802,-0.10047,-0.04542,-0.00302,0.00379,0.00649,-0.00481,0.00179,-0.00063,-0.00055
46.94,0.00027,0.00079,-0.00474,0.01383,0.00482,-0.00734,-0.0348,-0.00958,0.01395,-0.03065,0.02361,0,0.04154,0.06522,-0.0214,-0.02263,-0.97961,0.83871,0.1505,0.00815,0.02406,-0.02845,-0.01071,0.46554,-0.03733,-0.14769,5e-05,-0.00929,-0.03943,-0.012,0.34838,-0.08297,-0.0376,-0.00349,0.00874,0.01253,-0.00513,0.00202,-0.00071,-0.00059
46.96,-5e-05,0.00061,-0.00493,0.01569,0.00493,-0.00859,-0.03731,-0.00767,0.01419,-0.03104,0.02635,0,0.0265,0.05682,-0.02141,-0.00664,-1.22002,1.0256,0.1426,0.02786,0.01851,0.00547,-0.01202,0.42957,-0.01353,-0.12392,0.00055,-0.01036,-0.04119,-0.01345,0.276,-0.06521,-0.02964,-0.0036,0.01404,0.01857,-0.00546,0.00233,-0.00076,-0.00062
46.98,-0.00033,0.00046,-0.00512,0.01694,0.00447,-0.01019,-0.03891,-0.00562,0.01447,-0.03058,0.02905,0,0.00991,0.04574,-0.0227,0.01205,-1.41932,1.17778,0.12568,0.04643,0.01278,0.03847,-0.01249,0.36643,0.00965,-0.09833,0.00158,-0.01074,-0.03628,-0.01505,0.20764,-0.04878,-0.02225,-0.00323,0.01925,0.02403,-0.00579,0.00267,-0.00078,-0.00063
47,-0.00055,0.00033,-0.00527,0.01743,0.00339,-0.01209,-0.03943,-0.00348,0.01489,-0.02915,0.0316,0,-0.0076,0.03284,-0.02609,0.0331,-1.55065,1.27807,0.10141,0.06226,0.00743,0.0677,-0.01173,0.28608,0.03004,-0.07243,0.00312,-0.0104,-0.02664,-0.01663,0.14734,-0.03454,-0.01582,-0.00229,0.02378,0.0282,-0.00612,0.00299,-0.00077,-0.00062
47.02,-0.00068,0.00023,-0.00538,0.01698,0.00166,-0.01419,-0.03869,-0.00131,0.01554,-0.02671,0.03391,0,-0.02519,0.01922,-0.03236,0.05597,-1.58492,1.30784,0.07186,0.07378,0.00296,0.09047,-0.00936,0.20098,0.04555,-0.0477,0.00507,-0.00936,-0.01467,-0.01797,0.09708,-0.02282,-0.0105,-0.00066,0.02696,0.03032,-0.00645,0.00324,-0.00075,-0.0006
47.04,-0.00072,0.00017,-0.00541,0.01551,-0.00071,-0.01639,-0.03661,0.00081,0.01645,-0.02328,0.03591,0,-0.04201,0.00591,-0.04196,0.0801,-1.49999,1.25303,0.0388,0.07989,-0.00029,0.10489,-0.00512,0.12198,0.05478,-0.02527,0.00736,-0.00766,-0.00263,-0.01883,0.0573,-0.01361,-0.00628,0.0017,0.02826,0.02978,-0.00676,0.00339,-0.00072,-0.00058
47.06,-0.00066,0.00015,-0.00535,0.01298,-0.00366,-0.01859,-0.0332,0.0028,0.0176,-0.01897,0.03755,0,-0.05724,-0.00626,-0.05481,0.10498,-1.28763,1.10872,0.00332,0.0802,-0.00221,0.11033,0.00105,0.05583,0.05737,-0.00569,0.00984,-0.00536,0.00785,-0.01899,0.02745,-0.00667,-0.00307,0.00478,0.0274,0.0263,-0.00705,0.00342,-0.00069,-0.00055
47.08,-0.0005,0.00017,-0.0052,0.00951,-0.00708,-0.02065,-0.02863,0.00454,0.01892,-0.01404,0.03883,0,-0.07,-0.01663,-0.07011,0.12992,-0.95636,0.88102,-0.03406,0.07511,-0.00292,0.10746,0.00892,0.00507,0.05411,0.01093,0.01234,-0.0026,0.01575,-0.01826,0.00632,-0.00168,-0.00072,0.00846,0.02436,0.01998,-0.00731,0.00336,-0.00067,-0.00053
47.1,-0.00024,0.00022,-0.00493,0.00534,-0.01077,-0.02239,-0.02322,0.00589,0.02026,-0.00891,0.03975,0,-0.07928,-0.02456,-0.08639,0.15394,-0.53115,0.58691,-0.07299,0.06566,-0.00271,0.09806,0.018,-0.03097,0.04667,0.02467,0.01463,0.00044,0.02056,-0.01647,-0.00757,0.00175,0.00092,0.01252,0.01939,0.01129,-0.00751,0.00325,-0.00067,-0.00052
47.12,8e-05,0.0003,-0.00455,0.00077,-0.01447,-0.02363,-0.01736,0.00669,0.02147,-0.00406,0.04032,0,-0.08399,-0.02951,-0.10189,0.17588,-0.04774,0.25064,-0.1131,0.05324,-0.00197,0.08441,0.02766,-0.05452,0.03708,0.03559,0.01642,0.00357,0.02218,-0.01345,-0.01582,0.00398,0.00202,0.01667,0.0129,0.00091,-0.00764,0.00315,-0.0007,-0.00052
47.14,0.00046,0.00039,-0.00406,-0.0039,-0.01795,-0.02422,-0.01141,0.00682,0.02237,6e-05,0.04053,0,-0.08326,-0.03112,-0.11524,0.19465,0.45613,-0.1018,-0.15383,0.03913,-0.00103,0.06855,0.03734,-0.06734,0.02688,0.04345,0.01744,0.00661,0.02077,-0.00903,-0.0199,0.00535,0.0027,0.02064,0.00533,-0.01046,-0.00768,0.00311,-0.00077,-0.00055
47.16,0.00088,0.0005,-0.00346,-0.00845,-0.02099,-0.02406,-0.00566,0.00622,0.02285,0.0031,0.04035,0,-0.0766,-0.02927,-0.12581,0.20936,0.94497,-0.44529,-0.19407,0.02426,-0.0001,0.05187,0.04669,-0.06926,0.0166,0.04753,0.01746,0.00944,0.01675,-0.00303,-0.02114,0.00615,0.00309,0.0242,-0.00289,-0.02218,-0.00762,0.00314,-0.00086,-0.00061
47.18,0.00131,0.00062,-0.00277,-0.01268,-0.0234,-0.02314,-0.00033,0.0049,0.02285,0.00481,0.03973,0,-0.06395,-0.02413,-0.13377,0.21927,1.38285,-0.75358,-0.23188,0.00921,0.00075,0.03501,0.05551,-0.0578,0.00568,0.04649,0.01628,0.01201,0.01076,0.00468,-0.0206,0.00658,0.0033,0.02716,-0.01133,-0.03363,-0.00746,0.00324,-0.00098,-0.00068
47.2,0.00174,0.00074,-0.00201,-0.01638,-0.02498,-0.02148,0.00436,0.00295,0.02232,0.00504,0.03862,0,-0.04572,-0.01609,-0.13988,0.22363,1.73084,-0.99762,-0.26427,-0.00558,0.00158,0.01817,0.06366,-0.02856,-0.00725,0.03855,0.01373,0.01427,0.00363,0.0141,-0.01909,0.00681,0.00337,0.02933,-0.01945,-0.04413,-0.00722,0.00335,-0.00111,-0.00075
47.22,0.00213,0.00085,-0.00123,-0.01938,-0.02552,-0.01916,0.00822,0.00052,0.02129,0.00363,0.03696,0,-0.0226,-0.00579,-0.14518,0.22169,1.95147,-1.1493,-0.28762,-0.01973,0.0025,0.0014,0.07098,0.02281,-0.02374,0.02203,0.00973,0.01617,-0.0038,0.02511,-0.01717,0.00691,0.00338,0.0305,-0.02668,-0.05297,-0.00689,0.00343,-0.00122,-0.00081
47.24,0.00244,0.00093,-0.00046,-0.02157,-0.02487,-0.01625,0.01104,-0.00223,0.01982,0.00048,0.03471,0,0.0046,0.00605,-0.15051,0.21282,2.01791,-1.18871,-0.29859,-0.03271,0.00359,-0.01503,0.07721,0.0978,-0.04461,-0.00368,0.00436,0.01768,-0.01101,0.03727,-0.01515,0.00692,0.00333,0.03049,-0.03251,-0.05951,-0.00646,0.00344,-0.0013,-0.00085
47.26,0.00263,0.00099,0.00023,-0.02289,-0.02289,-0.01279,0.01268,-0.00512,0.01808,-0.0045,0.03193,0,0.03499,0.01854,-0.15624,0.19658,1.92051,-1.10933,-0.2947,-0.04377,0.00483,-0.03025,0.08194,0.1928,-0.06922,-0.03737,-0.00215,0.01875,-0.01797,0.04983,-0.01312,0.00685,0.00325,0.02912,-0.03647,-0.06324,-0.00587,0.00334,-0.00134,-0.00086
47.28,0.00262,0.00098,0.0008,-0.02338,-0.01955,-0.00887,0.01297,-0.00794,0.01628,-0.01133,0.02873,0,0.06745,0.03061,-0.1621,0.17289,1.66858,-0.91954,-0.27448,-0.05176,0.00608,-0.04263,0.08452,0.29777,-0.09514,-0.07563,-0.00925,0.01928,-0.02516,0.06154,-0.01095,0.0067,0.00315,0.02623,-0.03817,-0.06379,-0.00503,0.00317,-0.00133,-0.00084
47.3,0.00235,0.00091,0.00117,-0.02316,-0.01488,-0.00457,0.01177,-0.0104,0.01479,-0.01996,0.02534,0,0.10031,0.0409,-0.16728,0.14211,1.28883,-0.6414,-0.2374,-0.05516,0.0071,-0.04982,0.08407,0.39668,-0.11824,-0.11288,-0.01613,0.01919,-0.03346,0.07058,-0.00834,0.00642,0.00302,0.0217,-0.03724,-0.06085,-0.00383,0.00296,-0.00129,-0.00079
47.32,0.00171,0.00072,0.00125,-0.02234,-0.00892,-5e-05,0.00883,-0.01215,0.01403,-0.03026,0.02208,0,0.13141,0.04784,-0.17085,0.10507,0.81899,-0.30545,-0.18403,-0.05239,0.00775,-0.04953,0.07954,0.47128,-0.13378,-0.14274,-0.02166,0.01832,-0.04386,0.07446,-0.00481,0.00594,0.00287,0.01539,-0.03343,-0.05425,-0.00213,0.00276,-0.00122,-0.00073
47.34,0.0006,0.00039,0.00095,-0.0211,-0.00168,0.00453,0.0038,-0.01275,0.01452,-0.04213,0.01936,0,0.15814,0.04986,-0.17239,0.06303,0.29855,0.05676,-0.11617,-0.04237,0.00819,-0.04066,0.06989,0.50715,-0.13811,-0.15992,-0.02447,0.01653,-0.0572,0.07005,0.00024,0.00515,0.00265,0.00718,-0.02669,-0.0441,0.00014,0.0026,-0.00113,-0.00066
47.36,-0.0011,-0.00017,0.00022,-0.01962,0.00692,0.00895,-0.00384,-0.01169,0.01683,-0.05542,0.01761,0,0.17743,0.04552,-0.17245,0.01786,-0.23559,0.41654,-0.03727,-0.02493,0.00913,-0.02423,0.05423,0.49779,-0.12982,-0.16165,-0.02298,0.01365,-0.07384,0.05354,0.00748,0.0039,0.00232,-0.00304,-0.01733,-0.03085,0.00304,0.00251,-0.00104,-0.00059
47.38,-0.00351,-0.00101,-0.00102,-0.01808,0.01694,0.01295,-0.01472,-0.00834,0.02158,-0.0699,0.01737,0,0.18558,0.03354,-0.17263,-0.02759,-0.74626,0.74627,0.0469,-0.00105,0.01178,-0.00364,0.03194,0.4456,-0.11008,-0.14795,-0.01539,0.00956,-0.09351,0.02055,0.01762,0.00198,0.0018,-0.01531,-0.00609,-0.01547,0.00652,0.00244,-0.00095,-0.00052
47.4,-0.00672,-0.00224,-0.00277,-0.01672,0.02841,0.01613,-0.02951,-0.00203,0.02941,-0.08513,0.01924,0,0.17814,0.01283,-0.1755,-0.0693,-1.19315,1.01743,0.12813,0.02719,0.01783,0.01552,0.00276,0.36073,-0.08236,-0.12119,0.0003,0.00414,-0.11526,-0.03368,0.03133,-0.00079,0.00101,-0.0295,0.00583,0.00059,0.01044,0.00235,-0.00087,-0.00046
47.42,-0.01082,-0.00392,-0.00506,-0.01573,0.04124,0.01807,-0.04885,0.00796,0.04086,-0.10047,0.02385,0,0.1499,-0.01754,-0.18413,-0.10231,-1.53695,1.20317,0.19732,0.05721,0.02916,0.02667,-0.03341,0.25692,-0.05136,-0.08489,0.02615,-0.00277,-0.13769,-0.11402,0.04914,-0.00463,-0.00014,-0.0453,0.01704,0.01564,0.01457,0.00216,-0.0008,-0.0004
47.44,-0.01583,-0.00615,-0.00789,-0.01514,0.05521,0.01839,-0.07326,0.02221,0.05626,-0.11513,0.03177,0,0.09523,-0.0583,-0.20144,-0.12147,-1.74822,1.28419,0.24713,0.08683,0.04731,0.02413,-0.07679,0.14568,-0.02138,-0.04201,0.06408,-0.01144,-0.15936,-0.22495,0.07128,-0.00965,-0.00171,-0.06224,0.02625,0.02827,0.01862,0.0018,-0.00075,-0.00036
47.46,-0.02172,-0.00898,-0.01123,-0.01482,0.06987,0.01681,-0.10303,0.04113,0.07559,-0.12818,0.04344,0,0.00845,-0.10984,-0.22966,-0.12184,-1.81306,1.25269,0.27369,0.11473,0.0732,0.00437,-0.12774,0.03266,0.0046,0.00609,0.11562,-0.02236,-0.17905,-0.36974,0.09755,-0.01587,-0.00371,-0.07963,0.03255,0.03762,0.02224,0.00124,-0.00072,-0.00033
47.48,-0.02834,-0.01239,-0.01502,-0.0144,0.08446,0.01321,-0.13791,0.06474,0.09826,-0.13844,0.05902,0,-0.11547,-0.1718,-0.27007,-0.09874,-1.73363,1.11323,0.27673,0.14046,0.10678,-0.03352,-0.18642,-0.08244,0.02504,0.05958,0.18142,-0.03611,-0.19559,-0.54933,0.12707,-0.02313,-0.00612,-0.0964,0.03537,0.04337,0.02499,0.00044,-0.00069,-0.00029
47.5,-0.03539,-0.01633,-0.01911,-0.01335,0.09775,0.00756,-0.17699,0.09261,0.12304,-0.14441,0.07839,0,-0.28055,-0.24276,-0.32283,-0.04788,-1.52578,0.8815,0.25903,0.16408,0.14702,-0.08805,-0.2525,-0.20449,0.03941,0.11961,0.26104,-0.05329,-0.20787,-0.76154,0.15821,-0.03108,-0.00882,-0.11106,0.03444,0.04564,0.02633,-0.00057,-0.00066,-0.00025
47.52,-0.04245,-0.02067,-0.02332,-0.01106,0.10825,-6e-05,-0.21881,0.124,0.14821,-0.1445,0.10121,0,-0.49005,-0.32039,-0.38723,0.03382,-1.21414,0.5802,0.22516,0.18585,0.19228,-0.1563,-0.32537,-0.34075,0.04759,0.18771,0.35305,-0.07439,-0.21504,-1.00172,0.18902,-0.03922,-0.01164,-0.12179,0.02979,0.04479,0.0257,-0.00177,-0.00062,-0.00021
47.54,-0.0491,-0.02524,-0.02743,-0.007,0.11436,-0.00961,-0.26165,0.15812,0.1718,-0.13745,0.1271,0,-0.74726,-0.4019,-0.46211,0.14694,-0.82584,0.23336,0.18004,0.20586,0.24094,-0.23543,-0.40464,-0.49828,0.04909,0.26501,0.45548,-0.09969,-0.21715,-1.26424,0.21801,-0.04707,-0.01439,-0.12675,0.02178,0.04123,0.02263,-0.00309,-0.00059,-0.00015
47.56,-0.05489,-0.02982,-0.03119,-0.00088,0.11454,-0.02106,-0.30363,0.19425,0.19175,-0.12259,0.15566,0,-1.055,-0.484,-0.54584,0.28819,-0.3878,-0.13625,0.12805,0.22382,0.29172,-0.32338,-0.49021,-0.68155,0.04255,0.35148,0.56575,-0.12905,-0.21542,-1.54263,0.24455,-0.05422,-0.01689,-0.1243,0.0112,0.03535,0.0169,-0.00445,-0.00059,-0.00012
47.58,-0.05937,-0.03409,-0.03433,0.00734,0.10735,-0.03432,-0.34239,0.23146,0.20572,-0.10004,0.18628,0,-1.41338,-0.56234,-0.6357,0.44907,0.07093,-0.5051,0.07316,0.23875,0.34334,-0.41842,-0.58172,-0.8906,0.02564,0.44509,0.67983,-0.16169,-0.21244,-1.82751,0.26879,-0.06025,-0.01891,-0.11303,-0.00065,0.0275,0.00853,-0.00574,-0.00071,-0.00015
47.6,-0.06202,-0.03766,-0.03648,0.01737,0.09146,-0.04915,-0.37492,0.26838,0.21105,-0.07071,0.21795,0,-1.81784,-0.63103,-0.72743,0.61551,0.5169,-0.8468,0.01929,0.249,0.39424,-0.51868,-0.67791,-1.1201,-0.00477,0.54142,0.79169,-0.19605,-0.2119,-2.10517,0.29135,-0.06476,-0.02021,-0.09182,-0.01197,0.01802,-0.00212,-0.0068,-0.00103,-0.00029
47.62,-0.0623,-0.0401,-0.03728,0.0288,0.06588,-0.06506,-0.39817,0.3034,0.20514,-0.03611,0.24927,0,-2.26,-0.68357,-0.81559,0.76983,0.91589,-1.13455,-0.02999,0.25257,0.44287,-0.6225,-0.77684,-1.36072,-0.05171,0.63438,0.89432,-0.2303,-0.21778,-2.35971,0.31304,-0.0674,-0.02058,-0.06003,-0.02084,0.00742,-0.01432,-0.00745,-0.00163,-0.0006
47.64,-0.05986,-0.04109,-0.03643,0.04124,0.03028,-0.08124,-0.41024,0.33498,0.18612,0.00208,0.27875,0,-2.72997,-0.7144,-0.89446,0.89441,1.24026,-1.34663,-0.07204,0.24774,0.48835,-0.7295,-0.87647,-1.602,-0.11698,0.71777,0.98165,-0.2631,-0.23318,-2.57761,0.33447,-0.06809,-0.01994,-0.01794,-0.02571,-0.0036,-0.02686,-0.00753,-0.00258,-0.00111
47.66,-0.05458,-0.04053,-0.03381,0.05448,-0.01455,-0.09646,-0.41106,0.36191,0.15339,0.04205,0.3048,0,-3.2164,-0.72001,-0.95851,0.97379,1.47304,-1.46955,-0.10543,0.23357,0.53081,-0.84088,-0.97482,-1.83342,-0.2,0.78604,1.04969,-0.29401,-0.25935,-2.75017,0.35581,-0.06712,-0.01844,0.03289,-0.02581,-0.01395,-0.03801,-0.0069,-0.00384,-0.00181
47.68,-0.04664,-0.03854,-0.02947,0.06839,-0.06635,-0.10887,-0.40263,0.38307,0.10798,0.08165,0.32554,0,-3.70284,-0.69909,-1.00188,0.99443,1.60693,-1.49765,-0.12978,0.21005,0.5711,-0.95871,-1.06922,-2.04292,-0.29701,0.83391,1.09621,-0.32343,-0.29537,-2.8727,0.37654,-0.06519,-0.01645,0.08913,-0.02119,-0.02208,-0.04538,-0.00544,-0.00531,-0.00265
47.7,-0.03653,-0.03544,-0.02362,0.08283,-0.12127,-0.11606,-0.38865,0.39729,0.05261,0.11821,0.33871,0,-4.16512,-0.65225,-1.0182,0.94418,1.64151,-1.43129,-0.14535,0.17815,0.61043,-1.08487,-1.15566,-2.21529,-0.40066,0.85597,1.12012,-0.35217,-0.3381,-2.94284,0.39537,-0.06335,-0.01457,0.14558,-0.01266,-0.026,-0.04587,-0.0031,-0.00682,-0.00354
47.72,-0.02492,-0.03166,-0.01661,0.0976,-0.17474,-0.11542,-0.37367,0.40345,-0.00903,0.14899,0.34194,0,-4.57507,-0.58146,-1.00173,0.8131,1.58038,-1.27455,-0.15278,0.13956,0.64998,-1.22019,-1.2291,-2.33265,-0.50064,0.8472,1.12119,-0.38095,-0.38276,-2.95981,0.41048,-0.0627,-0.01345,0.19615,-0.00138,-0.02356,-0.03594,0.00019,-0.00813,-0.00436
47.74,-0.01242,-0.02759,-0.00877,0.11247,-0.22281,-0.10494,-0.36173,0.4008,-0.0732,0.17209,0.33336,0,-4.90831,-0.48948,-0.94941,0.5954,1.42869,-1.03304,-0.15277,0.09636,0.6906,-1.36365,-1.28447,-2.37651,-0.58503,0.80432,1.10022,-0.40981,-0.42388,-2.92431,0.42011,-0.06403,-0.01358,0.23553,0.01159,-0.01308,-0.01199,0.00449,-0.00902,-0.005
47.76,0.0005,-0.02351,-0.00037,0.12716,-0.263,-0.08367,-0.35553,0.38928,-0.13667,0.18705,0.31214,0,-4.974,-0.37974,-0.86258,0.29173,1.1922,-0.71343,-0.14602,0.05093,0.73246,-1.51138,-1.31715,-2.32922,-0.64093,0.72679,1.05922,-0.43763,-0.4558,-2.83883,0.42286,-0.06753,-0.01512,0.26022,0.02562,0.00626,0.02919,0.00992,-0.00935,-0.00539
47.78,0.01346,-0.01959,0.00831,0.14121,-0.29419,-0.05209,-0.35624,0.36961,-0.19634,0.19477,0.27864,0,-4.974,-0.25716,-0.74797,-0.08833,0.87843,-0.32537,-0.13313,0.00627,0.77468,-1.65526,-1.32283,-2.17426,-0.65403,0.61764,1.00168,-0.46174,-0.47249,-2.70809,0.41771,-0.0727,-0.01787,0.26855,0.04047,0.03417,0.09012,0.01654,-0.00902,-0.00548
47.8,0.02606,-0.01594,0.01694,0.15385,-0.31619,-0.01196,-0.36372,0.34327,-0.24882,0.19731,0.23448,0,-4.974,-0.12855,-0.61748,-0.52524,0.49837,0.1164,-0.11474,-0.0338,0.8152,-1.78262,-1.29722,-1.89743,-0.60917,0.48356,0.93261,-0.47799,-0.46757,-2.53924,0.40403,-0.07839,-0.02127,0.2603,0.05614,0.06922,0.17241,0.02437,-0.00801,-0.00528
47.82,0.03792,-0.0126,0.02518,0.16417,-0.32947,0.0341,-0.37688,0.31211,-0.29069,0.19728,0.1821,0,-4.974,-0.00156,-0.48541,-0.9935,0.06714,0.59226,-0.09155,-0.06506,0.85143,-1.87928,-1.2362,-1.49113,-0.49419,0.33358,0.85769,-0.48179,-0.43539,-2.34069,0.38157,-0.08316,-0.02462,0.23631,0.07268,0.10918,0.27677,0.03336,-0.00634,-0.0048
47.84,0.04872,-0.00955,0.03274,0.17124,-0.335,0.08361,-0.39417,0.27787,-0.31918,0.1972,0.12414,0,-4.974,0.11746,-0.36407,-1.46858,-0.3958,1.07938,-0.06453,-0.08371,0.88154,-1.93473,-1.13649,-0.96083,-0.30622,0.17696,0.78186,-0.46974,-0.3728,-2.1202,0.35055,-0.08573,-0.02725,0.19801,0.09002,0.15151,0.40334,0.04329,-0.00409,-0.00408
47.86,0.0583,-0.00672,0.03943,0.17429,-0.33412,0.13453,-0.41388,0.24189,-0.33264,0.19899,0.06318,0,-4.79981,0.22445,-0.26116,-1.92998,-0.86489,1.55111,-0.03506,-0.08701,0.90518,-1.94557,-0.99642,-0.33171,-0.05668,0.02229,0.70869,-0.44085,-0.2807,-1.88439,0.31187,-0.08534,-0.02874,0.14725,0.10776,0.19361,0.55124,0.0538,-0.00144,-0.00318
47.88,0.06653,-0.00403,0.04511,0.17266,-0.32855,0.18508,-0.43406,0.20537,-0.33046,0.20386,0.00216,0,-4.44561,0.31713,-0.17996,-2.35855,-1.30444,1.97311,-0.00527,-0.07325,0.9235,-1.91622,-0.8171,0.34515,0.2256,-0.1216,0.64072,-0.39703,-0.16504,-1.64027,0.26736,-0.08177,-0.02889,0.08668,0.12499,0.2325,0.71754,0.06421,0.00138,-0.00222
47.9,0.07324,-0.00136,0.04965,0.16583,-0.32024,0.23337,-0.45245,0.16953,-0.31288,0.21234,-0.05535,0,-4.02947,0.39404,-0.12039,-2.73345,-1.66738,2.30199,0.02195,-0.04157,0.93875,-1.85783,-0.603,0.99282,0.4956,-0.24479,0.58005,-0.34289,-0.03667,-1.39674,0.21997,-0.07532,-0.02774,0.01988,0.14023,0.26468,0.89644,0.07359,0.00403,-0.0013
47.92,0.07828,0.00134,0.05288,0.15339,-0.31118,0.27752,-0.46676,0.13559,-0.28084,0.22446,-0.10563,0,-3.57488,0.45422,-0.08003,-3.03425,-1.90379,2.49327,0.04334,0.00871,0.95368,-1.78519,-0.36098,1.52505,0.70263,-0.33761,0.52837,-0.28445,0.0913,-1.16335,0.17309,-0.0666,-0.02544,-0.04912,0.15183,0.28666,1.08029,0.08092,0.00611,-0.00059
47.94,0.08157,0.00411,0.05469,0.1352,-0.30303,0.31619,-0.47512,0.10444,-0.23593,0.23994,-0.14596,0,-3.10198,0.49735,-0.05488,-3.24623,-1.97595,2.51584,0.05614,0.07895,0.97064,-1.71242,-0.09823,1.87345,0.80702,-0.39344,0.48665,-0.22719,0.20767,-0.94759,0.12956,-0.05616,-0.02214,-0.11678,0.15854,0.29591,1.26165,0.08547,0.00732,-0.0002
47.96,0.08312,0.00691,0.05499,0.1115,-0.29691,0.34878,-0.47646,0.07651,-0.1805,0.25833,-0.17524,0,-2.62472,0.52372,-0.04004,-3.36367,-1.86882,2.36219,0.05858,0.17146,0.99106,-1.65029,0.17814,2.00546,0.79138,-0.41051,0.45503,-0.17492,0.30577,-0.75359,0.09107,-0.04436,-0.01796,-0.1805,0.15992,0.29163,1.43413,0.0871,0.00748,-0.00021
47.98,0.08309,0.00961,0.05376,0.0831,-0.29338,0.37517,-0.47052,0.05199,-0.11808,0.27888,-0.19386,0,-2.15372,0.53401,-0.02994,-3.38944,-1.59288,2.05158,0.05001,0.28896,1.01507,-1.60603,0.45918,1.92725,0.66325,-0.39208,0.43305,-0.12985,0.38322,-0.58334,0.05829,-0.03143,-0.01297,-0.2382,0.15645,0.27483,1.59126,0.08626,0.00655,-0.00066
48,0.08171,0.01197,0.05098,0.05151,-0.29259,0.39548,-0.45775,0.03104,-0.05359,0.30048,-0.20335,0,-1.6997,0.52899,-0.01865,-3.33303,-1.18188,1.62766,0.03077,0.43396,1.04152,-1.58406,0.73251,1.67785,0.45207,-0.34566,0.41995,-0.09314,0.44087,-0.43831,0.03129,-0.01751,-0.00723,-0.28788,0.14933,0.24817,1.72539,0.08388,0.00463,-0.00154
48.02,0.07922,0.01372,0.0467,0.01863,-0.29431,0.40992,-0.43918,0.01374,0.00742,0.322,-0.2058,0,-1.27273,0.50961,-0.00037,-3.20772,-0.6837,1.14723,0.00202,0.60857,1.06831,-1.58706,0.98395,1.31384,0.19898,-0.28071,0.41484,-0.06516,0.48152,-0.31948,0.00974,-0.00274,-0.00082,-0.32757,0.14016,0.21525,1.82827,0.08119,0.00192,-0.00281
48.04,0.07587,0.01458,0.04099,-0.01373,-0.29813,0.41877,-0.41613,-8e-05,0.0601,0.34277,-0.20323,0,-0.87888,0.4772,0.02994,-3.02732,-0.14714,0.66383,-0.03446,0.81461,1.09307,-1.61692,1.20118,0.88845,-0.05774,-0.20567,0.41663,-0.04564,0.5087,-0.22657,-0.007,0.01275,0.00617,-0.35569,0.13023,0.17952,1.89306,0.0793,-0.00131,-0.00437
48.06,0.07185,0.01437,0.03402,-0.04404,-0.3035,0.42239,-0.39016,-0.01095,0.10106,0.36292,-0.19721,0,-0.51914,0.43389,0.07596,-2.80489,0.38512,0.21814,-0.07626,1.05291,1.11351,-1.67531,1.37568,0.43901,-0.29165,-0.12622,0.42399,-0.03387,0.52574,-0.15759,-0.01974,0.02877,0.0136,-0.3712,0.12029,0.1438,1.91545,0.079,-0.00476,-0.00611
48.08,0.06735,0.01302,0.02609,-0.07095,-0.3097,0.42117,-0.36325,-0.01965,0.12818,0.38325,-0.18879,0,-0.19198,0.38288,0.13957,-2.55379,0.87436,-0.16096,-0.12003,1.32145,1.12734,-1.76354,1.50173,-0.01319,-0.48878,-0.0453,0.43535,-0.02877,0.53542,-0.10939,-0.0293,0.04491,0.02124,-0.37351,0.11043,0.11031,1.89367,0.08069,-0.00806,-0.00786
48.1,0.06254,0.01053,0.01765,-0.093,-0.31587,0.41545,-0.33789,-0.02714,0.14025,0.40508,-0.17858,0,0.1038,0.32865,0.22073,-2.28884,1.28271,-0.4528,-0.16141,1.61402,1.13201,-1.88195,1.57495,-0.45804,-0.64469,0.03594,0.44886,-0.0291,0.53981,-0.07836,-0.03645,0.06051,0.0287,-0.3623,0.10027,0.08098,1.82808,0.0844,-0.01073,-0.00937
48.12,0.05759,0.00698,0.00927,-0.10891,-0.32106,0.40552,-0.31684,-0.03436,0.13683,0.43009,-0.16693,0,0.3688,0.27641,0.31786,-2.02492,1.57678,-0.64416,-0.19581,1.92139,1.12446,-2.02914,1.59234,-0.89117,-0.76094,0.11722,0.46254,-0.03353,0.54047,-0.06067,-0.04184,0.07479,0.03555,-0.33761,0.08924,0.05722,1.72081,0.08987,-0.01236,-0.01042
48.14,0.05262,0.00252,0.00143,-0.11796,-0.32436,0.39157,-0.30265,-0.04204,0.11831,0.46019,-0.15423,0,0.6044,0.23111,0.42863,-1.77372,1.73587,-0.73092,-0.21977,2.23415,1.10082,-2.20096,1.55339,-1.30814,-0.84113,0.19812,0.47446,-0.04066,0.5388,-0.05233,-0.04607,0.08721,0.0415,-0.30005,0.07688,0.03954,1.57553,0.0966,-0.01267,-0.01085
48.16,0.0477,-0.00264,-0.00547,-0.12033,-0.32504,0.37378,-0.29727,-0.0506,0.08603,0.49738,-0.14108,0,0.81323,0.19691,0.55009,-1.54252,1.75741,-0.71915,-0.23188,2.54349,1.05633,-2.38916,1.46113,-1.6992,-0.88806,0.27705,0.48289,-0.04904,0.53631,-0.04917,-0.04972,0.09761,0.04644,-0.25114,0.06315,0.02725,1.39795,0.10388,-0.01166,-0.01063
48.18,0.04289,-0.00815,-0.01114,-0.11709,-0.3225,0.35242,-0.30214,-0.05999,0.04258,0.54339,-0.12853,0,0.99744,0.17738,0.67782,-1.33558,1.65773,-0.62508,-0.23284,2.83913,0.98559,-2.57967,1.32294,-2.04469,-0.90243,0.35037,0.48618,-0.05711,0.5347,-0.04688,-0.05329,0.10625,0.05048,-0.19372,0.04861,0.01857,1.19713,0.11074,-0.00965,-0.00987
48.2,0.03826,-0.01355,-0.01532,-0.1101,-0.31632,0.32799,-0.31814,-0.06974,-0.00826,0.59939,-0.11806,0,1.15725,0.17568,0.80532,-1.1561,1.46925,-0.47358,-0.22511,3.10739,0.88303,-2.75225,1.15036,-2.31429,-0.88289,0.41228,0.48282,-0.06319,0.53575,-0.0412,-0.05719,0.11359,0.05386,-0.13204,0.03437,0.01079,0.98609,0.11596,-0.00721,-0.00883
48.22,0.03391,-0.01831,-0.01779,-0.10152,-0.30627,0.30109,-0.34547,-0.07901,-0.06204,0.66566,-0.11161,0,1.29124,0.19421,0.92513,-1.00663,1.23234,-0.29316,-0.21213,3.33287,0.74386,-2.88439,0.95669,-2.47528,-0.82764,0.45626,0.47152,-0.06574,0.54084,-0.02844,-0.06168,0.12014,0.05685,-0.07097,0.02189,0.0008,0.7796,0.11824,-0.00508,-0.00783
48.24,0.0299,-0.02198,-0.01848,-0.09329,-0.29241,0.27233,-0.38331,-0.08692,-0.11469,0.74129,-0.11135,0,1.39797,0.23391,1.03098,-0.88846,0.98393,-0.10887,-0.1972,3.50247,0.56528,-2.95792,0.75311,-2.50667,-0.73713,0.47775,0.45155,-0.06376,0.55026,-0.00623,-0.06675,0.12623,0.05964,-0.01464,0.01234,-0.01429,0.59008,0.11659,-0.004,-0.0072
48.26,0.02631,-0.02424,-0.01749,-0.0867,-0.27522,0.24226,-0.42944,-0.09265,-0.16305,0.82366,-0.11959,0,1.47691,0.29352,1.11895,-0.80149,0.75072,0.06178,-0.18281,3.60779,0.3481,-2.96343,0.54679,-2.40923,-0.61641,0.47595,0.42303,-0.05708,0.5626,0.0259,-0.07208,0.13182,0.06222,0.03437,0.00636,-0.03668,0.42542,0.11054,-0.00459,-0.00723
48.28,0.02323,-0.02491,-0.01512,-0.08238,-0.25574,0.21163,-0.47982,-0.09541,-0.20457,0.90772,-0.13873,0,1.52788,0.36905,1.18703,-0.74498,0.54914,0.20863,-0.17059,3.64462,0.09857,-2.90116,0.34194,-2.20844,-0.47651,0.45424,0.3872,-0.04645,0.5746,0.06606,-0.077,0.13639,0.06436,0.07479,0.00398,-0.0676,0.2897,0.10026,-0.00732,-0.00817
48.3,0.02077,-0.02394,-0.01186,-0.08037,-0.23558,0.18152,-0.52857,-0.09448,-0.23698,0.9858,-0.17107,0,1.55043,0.45372,1.23431,-0.71825,0.38769,0.32711,-0.16144,3.61178,-0.17078,-2.77972,0.14142,-1.95115,-0.33418,0.41951,0.34646,-0.03353,0.58134,0.11018,-0.08045,0.13901,0.06564,0.10623,0.00474,-0.10717,0.18473,0.08649,-0.01251,-0.01021
48.32,0.01906,-0.02137,-0.00826,-0.08028,-0.21659,0.15322,-0.56912,-0.08929,-0.25841,1.04902,-0.21834,0,1.54389,0.53927,1.26041,-0.72039,0.2687,0.41672,-0.15568,3.51025,-0.44388,-2.6125,-0.05272,-1.69237,-0.20779,0.38022,0.30384,-0.02044,0.57731,0.15293,-0.0813,0.13856,0.06552,0.12886,0.00791,-0.15442,0.11058,0.0704,-0.02028,-0.01346
48.34,0.0182,-0.01734,-0.00481,-0.08144,-0.20026,0.1278,-0.59603,-0.0797,-0.26773,1.08982,-0.28096,0,1.50797,0.61809,1.26525,-0.7493,0.18963,0.47978,-0.15319,3.34277,-0.70597,-2.41272,-0.23961,-1.47576,-0.1109,0.34344,0.26216,-0.00924,0.55824,0.18937,-0.07867,0.13416,0.06357,0.14322,0.01275,-0.20733,0.06548,0.05318,-0.03053,-0.0179
48.36,0.0182,-0.0121,-0.00185,-0.08298,-0.18734,0.10593,-0.60625,-0.06621,-0.26485,1.1036,-0.35729,0,1.4434,0.68437,1.24898,-0.80086,0.14408,0.52043,-0.15353,3.1144,-0.94609,-2.19076,-0.4192,-1.3209,-0.04807,0.31302,0.22355,-0.00152,0.52226,0.21595,-0.07226,0.12543,0.05961,0.15016,0.01862,-0.26269,0.04584,0.03598,-0.04282,-0.02335
48.38,0.01901,-0.00606,0.00041,-0.08387,-0.17787,0.08803,-0.59926,-0.05012,-0.25079,1.08897,-0.384,0,1.35249,0.73393,1.21196,-0.8684,0.12258,0.54395,-0.15594,2.83407,-1.15587,-1.95513,-0.59074,-1.22135,-0.01432,0.28934,0.18967,0.00157,0.47052,0.23054,-0.0624,0.1127,0.05376,0.15064,0.02503,-0.31569,0.04647,0.01991,-0.05625,-0.02942
48.4,0.02049,0.00022,0.00191,-0.08294,-0.17136,0.07439,-0.57678,-0.03347,-0.22751,1.04725,-0.384,0,1.2393,0.7636,1.15481,-0.94271,0.1128,0.55647,-0.15936,2.51555,-1.32764,-1.71387,-0.75152,-1.1486,0.00324,0.26992,0.16193,-0.00072,0.40705,0.23208,-0.05009,0.0969,0.04645,0.14571,0.03157,-0.35977,0.06104,0.0062,-0.06952,-0.0355
48.42,0.02246,0.0061,0.00264,-0.07906,-0.16694,0.06514,-0.54189,-0.01864,-0.19741,0.98146,-0.384,0,1.10902,0.77126,1.07837,-1.01336,0.09883,0.56505,-0.16232,2.17511,-1.45467,-1.4742,-0.89704,-1.06159,0.02176,0.25062,0.14139,-0.00874,0.33744,0.22047,-0.03665,0.07934,0.03827,0.13638,0.0379,-0.38795,0.08289,-0.00402,-0.08107,-0.04085
48.44,0.02471,0.01103,0.00268,-0.07138,-0.16354,0.06001,-0.4981,-0.00764,-0.16266,0.8951,-0.384,0,0.96679,0.75617,0.98368,-1.07074,0.0598,0.57813,-0.16285,1.82736,-1.53282,-1.24077,-1.02225,-0.91968,0.05767,0.22734,0.12835,-0.0224,0.26692,0.19643,-0.02329,0.0613,0.0298,0.12368,0.04378,-0.3949,0.1061,-0.01004,-0.08962,-0.04484
48.46,0.02704,0.01466,0.00215,-0.05953,-0.16005,0.05823,-0.44873,-0.00173,-0.12489,0.7916,-0.384,0,0.81741,0.71935,0.87234,-1.10732,-0.03086,0.60578,-0.15844,1.48355,-1.56153,-1.01528,-1.12201,-0.69214,0.12308,0.19722,0.12205,-0.04104,0.19921,0.16154,-0.0109,0.04377,0.02152,0.10858,0.04907,-0.37847,0.1261,-0.01179,-0.09432,-0.04708
48.48,0.0292,0.0168,0.00122,-0.04378,-0.15538,0.05847,-0.39721,-0.00128,-0.08532,0.6749,-0.384,0,0.6664,0.66388,0.74736,-1.11761,-0.20529,0.65966,-0.14596,1.15373,-1.54367,-0.79814,-1.19036,-0.36199,0.22455,0.15912,0.12074,-0.0633,0.13678,0.11851,-2e-05,0.02757,0.0138,0.09221,0.05365,-0.3401,0.13966,-0.0099,-0.09489,-0.04739
48.5,0.03091,0.01743,9e-05,-0.02501,-0.14848,0.05898,-0.34723,-0.00596,-0.04509,0.55005,-0.384,0,0.52078,0.59483,0.61374,-1.0978,-0.49829,0.75201,-0.12201,0.84905,-1.4848,-0.59026,-1.22008,0.07302,0.36283,0.11379,0.12184,-0.08709,0.08138,0.07122,0.00898,0.01344,0.00702,0.07587,0.05744,-0.28451,0.14471,-0.00554,-0.09142,-0.04578
48.52,0.0319,0.01659,-0.00103,-0.00451,-0.13855,0.05792,-0.30236,-0.01496,-0.00526,0.42266,-0.384,0,0.38798,0.51818,0.47759,-1.04584,-0.93842,0.89252,-0.08387,0.58063,-1.39188,-0.39341,-1.20414,0.60167,0.53367,0.06355,0.12252,-0.10999,0.0342,0.02405,0.01593,0.002,0.0015,0.06086,0.06036,-0.21825,0.14023,-0.00019,-0.08434,-0.04242
48.54,0.03194,0.01444,-0.00199,0.01641,-0.12514,0.05382,-0.26511,-0.02719,0.03328,0.29771,-0.384,0,0.2735,0.43922,0.34439,-0.96173,-1.53496,1.08372,-0.03096,0.35619,-1.27163,-0.20971,-1.13855,1.2018,0.72895,0.01179,0.12045,-0.1299,-0.00426,-0.01923,0.02077,-0.0064,-0.00257,0.04822,0.06239,-0.1477,0.12626,0.00482,-0.07422,-0.03755
48.56,0.03087,0.01116,-0.00275,0.03664,-0.10841,0.04598,-0.23645,-0.0415,0.06984,0.17909,-0.384,0,0.17964,0.36169,0.2183,-0.84816,-2.26658,1.31703,0.03388,0.17834,-1.13,-0.04174,-1.02461,1.83986,0.93684,-0.03726,0.11437,-0.14542,-0.03423,-0.05606,0.02362,-0.01177,-0.00519,0.03855,0.0636,-0.07788,0.1039,0.00852,-0.06173,-0.03145
48.58,0.02865,0.00707,-0.00336,0.05515,-0.08927,0.03451,-0.2159,-0.05653,0.10356,0.07046,-0.38384,0,0.10595,0.28812,0.10288,-0.71145,-3.07319,1.57011,0.10364,0.04562,-0.97293,0.106,-0.87021,2.46598,1.14027,-0.07813,0.10421,-0.15583,-0.05639,-0.08495,0.02469,-0.01447,-0.00653,0.03204,0.06418,-0.01273,0.07556,0.01036,-0.04771,-0.02452
48.6,0.02535,0.00254,-0.00394,0.07084,-0.06937,0.02039,-0.20193,-0.07072,0.1332,-0.02402,-0.25527,0,0.05022,0.2205,0.00198,-0.56171,-3.85691,1.80739,0.16744,-0.04568,-0.80724,0.22633,-0.68963,3.0129,1.31652,-0.10416,0.09103,-0.1609,-0.07157,-0.10516,0.02427,-0.0151,-0.00687,0.02857,0.06434,0.04441,0.0448,0.01015,-0.0332,-0.01727
48.62,0.02108,-0.00199,-0.00467,0.0827,-0.05069,0.00501,-0.19242,-0.08244,0.15733,-0.10021,-0.13027,0,0.00934,0.16035,-0.08064,-0.41085,-4.50434,1.98832,0.21314,-0.10059,-0.64,0.31113,-0.50037,3.4092,1.4416,-0.10895,0.07649,-0.1608,-0.0807,-0.11652,0.02268,-0.01437,-0.00656,0.02785,0.06433,0.09086,0.01565,0.00797,-0.01933,-0.01023
48.64,0.01602,-0.00615,-0.0057,0.09005,-0.03492,-0.01031,-0.18517,-0.09029,0.17462,-0.15539,-0.01941,0,-0.02,0.10856,-0.14266,-0.26918,-4.92261,2.08034,0.23165,-0.12502,-0.47709,0.35488,-0.31803,3.60219,1.49764,-0.08879,0.06218,-0.15597,-0.08481,-0.11936,0.02023,-0.01293,-0.00592,0.02948,0.06431,0.12505,-0.00865,0.00409,-0.00695,-0.00385
48.66,0.01039,-0.00967,-0.00714,0.09274,-0.02299,-0.02469,-0.17833,-0.09336,0.18419,-0.1891,0.07051,0,-0.04081,0.06532,-0.18386,-0.1435,-5.06315,2.06785,0.21981,-0.1255,-0.32268,0.35709,-0.15345,3.57333,1.47799,-0.04449,0.04913,-0.14713,-0.0851,-0.11455,0.01721,-0.01124,-0.00516,0.033,0.06436,0.14677,-0.02636,-0.00109,0.00342,0.00162
48.68,0.00446,-0.01238,-0.009,0.09112,-0.01508,-0.03764,-0.17049,-0.09115,0.18547,-0.20303,0.13619,0,-0.05543,0.03055,-0.20592,-0.03761,-4.92596,1.95416,0.18116,-0.10908,-0.18035,0.32273,-0.01322,3.34178,1.38837,0.01792,0.0378,-0.13531,-0.08289,-0.10346,0.0139,-0.00957,-0.00442,0.03791,0.06443,0.15702,-0.0373,-0.007,0.01164,0.00607
48.7,-0.00137,-0.01414,-0.01121,0.08601,-0.01079,-0.04893,-0.16075,-0.08359,0.1782,-0.20049,0.17688,0,-0.06541,0.00418,-0.21192,0.04649,-4.55291,1.75935,0.1251,-0.08298,-0.05411,0.26147,0.09882,2.95956,1.24546,0.08765,0.02823,-0.12184,-0.07958,-0.08795,0.01058,-0.00802,-0.00374,0.04361,0.06435,0.15769,-0.04253,-0.01294,0.0178,0.00951
48.72,-0.00668,-0.01489,-0.01368,0.07839,-0.0094,-0.05852,-0.14863,-0.07093,0.1624,-0.18562,0.19373,0,-0.07162,-0.01378,-0.20559,0.1081,-4.01095,1.51297,0.06398,-0.05401,0.05194,0.18545,0.18091,2.49583,1.07166,0.15181,0.0202,-0.10808,-0.07647,-0.06999,0.00753,-0.00658,-0.0031,0.04953,0.06396,0.15113,-0.04386,-0.01812,0.02212,0.012
48.74,-0.01115,-0.01464,-0.01627,0.06918,-0.01003,-0.06646,-0.13394,-0.05372,0.13856,-0.16245,0.18925,0,-0.07449,-0.02347,-0.19062,0.14766,-3.36923,1.24386,0.00888,-0.02753,0.13499,0.1061,0.23345,2.01447,0.88783,0.19944,0.01336,-0.09509,-0.07448,-0.05133,0.00494,-0.00519,-0.00247,0.05512,0.06317,0.13966,-0.04311,-0.02197,0.02488,0.01364
48.76,-0.01458,-0.01349,-0.01891,0.05899,-0.01189,-0.07288,-0.11676,-0.0328,0.1078,-0.1344,0.16707,0,-0.07428,-0.02535,-0.17023,0.16666,-2.68603,0.97417,-0.03317,-0.00698,0.19429,0.03236,0.25885,1.56058,0.70891,0.22423,0.00733,-0.08332,-0.07399,-0.03318,0.00293,-0.00381,-0.00183,0.06002,0.0621,0.12534,-0.04168,-0.02417,0.02637,0.01455
48.78,-0.01698,-0.01162,-0.02152,0.04821,-0.01428,-0.07787,-0.09757,-0.00953,0.07219,-0.10435,0.13199,0,-0.07108,-0.02019,-0.14722,0.16733,-2.01032,0.71977,-0.0595,0.00613,0.23076,-0.02932,0.26122,1.16032,0.54412,0.22485,0.00184,-0.07271,-0.07479,-0.01633,0.00151,-0.00244,-0.00119,0.0639,0.06106,0.10995,-0.04047,-0.02471,0.02685,0.01485
48.8,-0.01841,-0.00932,-0.024,0.03706,-0.01656,-0.08148,-0.07724,0.01425,0.03477,-0.07478,0.08985,0,-0.06483,-0.00898,-0.12407,0.15237,-1.38622,0.49249,-0.07108,0.01188,0.24639,-0.07428,0.2459,0.82567,0.39866,0.20433,-0.00328,-0.06282,-0.07617,-0.00134,0.00065,-0.00114,-0.00056,0.06651,0.06055,0.0951,-0.03988,-0.02385,0.02654,0.01467
48.82,-0.01904,-0.00691,-0.02627,0.02567,-0.01822,-0.08371,-0.05691,0.03644,-0.00103,-0.04775,0.04669,0,-0.05546,0.00713,-0.1029,0.12474,-0.8509,0.30053,-0.07125,0.01142,0.24374,-0.09957,0.2186,0.55855,0.2748,0.16839,-0.0081,-0.05296,-0.07707,0.01149,0.00027,2e-05,-0,0.06767,0.06103,0.08201,-0.03995,-0.02196,0.02561,0.01411
48.84,-0.01902,-0.00467,-0.02822,0.01416,-0.01893,-0.08456,-0.03759,0.05532,-0.03237,-0.02464,0.00747,0,-0.04311,0.02703,-0.08529,0.08743,-0.42781,0.14781,-0.06406,0.0063,0.2257,-0.10416,0.18442,0.35438,0.17247,0.1233,-0.01265,-0.04244,-0.07643,0.02205,0.0003,0.00097,0.00045,0.06728,0.06268,0.07123,-0.04051,-0.01944,0.02421,0.01325
48.86,-0.01852,-0.00275,-0.02979,0.00269,-0.01855,-0.08409,-0.01991,0.06985,-0.05754,-0.00602,-0.02467,0,-0.02829,0.04953,-0.07222,0.04345,-0.12335,0.03382,-0.05323,-0.00194,0.19538,-0.08915,0.1473,0.20506,0.09007,0.0746,-0.01693,-0.03067,-0.07331,0.03045,0.00062,0.00165,0.00077,0.06536,0.06518,0.06248,-0.04127,-0.01657,0.0225,0.0122
48.88,-0.01766,-0.00121,-0.03086,-0.00845,-0.01715,-0.08243,-0.00428,0.0796,-0.07592,0.00814,-0.04841,0,-0.01209,0.07331,-0.06417,-0.00377,0.07134,-0.04537,-0.0419,-0.01182,0.15632,-0.05784,0.11014,0.10107,0.02525,0.0271,-0.0209,-0.01735,-0.06704,0.03689,0.00117,0.00202,0.00092,0.06208,0.0676,0.05461,-0.04191,-0.01354,0.0206,0.01104
48.9,-0.01657,-5e-05,-0.03134,-0.01874,-0.015,-0.07977,0.009,0.08465,-0.08769,0.01834,-0.06378,0,0.00389,0.09674,-0.06123,-0.05031,0.17627,-0.09582,-0.03273,-0.0219,0.11249,-0.01554,0.07511,0.03292,-0.02427,-0.01481,-0.02441,-0.00251,-0.05719,0.04163,0.00186,0.00206,0.00091,0.05775,0.06855,0.04586,-0.04198,-0.01047,0.01869,0.00986
48.92,-0.01535,0.0008,-0.03112,-0.02758,-0.01247,-0.0763,0.01974,0.08535,-0.09354,0.02528,-0.07173,0,0.0178,0.11809,-0.06318,-0.09217,0.21711,-0.12446,-0.02773,-0.0309,0.06795,0.03147,0.04375,-0.00804,-0.06055,-0.04747,-0.02731,0.01354,-0.04364,0.04493,0.00259,0.00177,0.00072,0.05273,0.06652,0.03434,-0.04109,-0.00744,0.01692,0.00876
48.94,-0.01406,0.00141,-0.03012,-0.03448,-0.0099,-0.07221,0.02793,0.08225,-0.09437,0.02972,-0.07367,0,0.02818,0.13594,-0.06943,-0.12623,0.21917,-0.13799,-0.02809,-0.03786,0.02602,0.07743,0.01698,-0.02938,-0.08557,-0.06865,-0.02942,0.03031,-0.02666,0.04698,0.00333,0.00114,0.00036,0.04736,0.06037,0.01868,-0.03894,-0.00448,0.01539,0.00781
48.96,-0.01273,0.00186,-0.02832,-0.03923,-0.00755,-0.0676,0.0338,0.07594,-0.09113,0.03236,-0.07111,0,0.03427,0.14932,-0.07896,-0.15084,0.20338,-0.14216,-0.03395,-0.04231,-0.01104,0.11796,-0.00485,-0.03748,-0.10132,-0.07795,-0.03064,0.04719,-0.00704,0.04792,0.00401,0.00022,-0.00014,0.04188,0.04984,-0.00145,-0.03543,-0.00161,0.01416,0.00703
48.98,-0.01134,0.00218,-0.02578,-0.04186,-0.00558,-0.06258,0.03777,0.06713,-0.08477,0.03371,-0.06561,0,0.03608,0.15774,-0.0903,-0.16567,0.18536,-0.14145,-0.04437,-0.04421,-0.04185,0.15,-0.02179,-0.03737,-0.10967,-0.07682,-0.0309,0.06327,0.01374,0.0478,0.00462,-0.00094,-0.00075,0.03647,0.03564,-0.02502,-0.03071,0.00115,0.01321,0.00643
49,-0.00989,0.00241,-0.02263,-0.04261,-0.00405,-0.05725,0.04036,0.05662,-0.07625,0.03414,-0.05873,0,0.03424,0.16096,-0.10151,-0.17144,0.17561,-0.13911,-0.05742,-0.04387,-0.0656,0.17142,-0.03404,-0.03264,-0.11219,-0.06825,-0.03016,0.0773,0.03352,0.0466,0.00514,-0.00223,-0.00142,0.0313,0.01939,-0.04974,-0.02519,0.00374,0.01249,0.00596
49.02,-0.00834,0.00254,-0.01904,-0.04182,-0.00299,-0.05172,0.04211,0.04524,-0.06643,0.03386,-0.05185,0,0.02974,0.159,-0.11052,-0.16948,0.18038,-0.13726,-0.0707,-0.04182,-0.0819,0.18098,-0.04193,-0.02569,-0.11015,-0.05594,-0.02844,0.08795,0.04984,0.04423,0.00556,-0.00355,-0.00206,0.02649,0.00317,-0.07274,-0.01938,0.00609,0.01193,0.00558
49.04,-0.00669,0.0026,-0.01519,-0.03986,-0.00235,-0.04604,0.04349,0.03359,-0.05598,0.03292,-0.04588,0,0.02363,0.15208,-0.11571,-0.16134,0.2026,-0.13715,-0.08202,-0.0386,-0.09091,0.17847,-0.04593,-0.01811,-0.10456,-0.04333,-0.02579,0.09416,0.06071,0.04068,0.00585,-0.00478,-0.00261,0.02209,-0.01127,-0.09169,-0.01375,0.00815,0.01145,0.00527
49.06,-0.00492,0.00256,-0.01123,-0.0371,-0.002,-0.04021,0.04479,0.02205,-0.04535,0.03129,-0.04111,0,0.01677,0.14066,-0.11624,-0.14852,0.24251,-0.13934,-0.0899,-0.03461,-0.09333,0.16488,-0.0467,-0.01093,-0.09627,-0.03283,-0.02238,0.09548,0.06506,0.03599,0.00601,-0.00582,-0.00304,0.01805,-0.02297,-0.10551,-0.00861,0.00989,0.01102,0.00499
49.08,-0.00307,0.00245,-0.00728,-0.0339,-0.00178,-0.03423,0.04616,0.01076,-0.03479,0.02883,-0.03722,0,0.00984,0.12554,-0.11213,-0.1325,0.29755,-0.14372,-0.09364,-0.03016,-0.09038,0.14248,-0.04508,-0.00479,-0.08603,-0.02581,-0.01845,0.09205,0.06284,0.03039,0.00599,-0.00659,-0.0033,0.01426,-0.03183,-0.1144,-0.00413,0.0113,0.01061,0.00474
49.1,-0.00122,0.00226,-0.00351,-0.03063,-0.00148,-0.02811,0.04752,-0.00019,-0.02449,0.02535,-0.03334,0,0.00343,0.10784,-0.10415,-0.1148,0.36246,-0.14956,-0.09314,-0.02544,-0.08367,0.1147,-0.04202,-1e-05,-0.07456,-0.0227,-0.01437,0.08458,0.05486,0.02424,0.00578,-0.00703,-0.00337,0.01054,-0.03836,-0.11962,-0.00039,0.01238,0.01025,0.00453
49.12,0.00053,0.00201,-7e-05,-0.02764,-0.00087,-0.02191,0.04871,-0.01077,-0.01458,0.02064,-0.02838,0,-0.00202,0.08885,-0.09353,-0.09683,0.4303,-0.15576,-0.08875,-0.02061,-0.07495,0.08548,-0.03845,0.00335,-0.0625,-0.02325,-0.01057,0.07411,0.04249,0.018,0.00533,-0.00706,-0.00324,0.00676,-0.04339,-0.12292,0.00261,0.01313,0.00996,0.00438
49.14,0.00209,0.0017,0.00291,-0.02515,0.00024,-0.01568,0.0495,-0.02097,-0.0052,0.01453,-0.02143,0,-0.00622,0.06974,-0.08147,-0.07975,0.49424,-0.16113,-0.08107,-0.01579,-0.06573,0.05823,-0.03513,0.00538,-0.05041,-0.02683,-0.0074,0.06172,0.02726,0.01209,0.00463,-0.00667,-0.00293,0.00277,-0.0477,-0.12578,0.00493,0.01354,0.00977,0.00429
49.16,0.00337,0.00133,0.00538,-0.02326,0.00193,-0.00949,0.0497,-0.03071,0.0035,0.00705,-0.01201,0,-0.00906,0.05142,-0.06894,-0.0643,0.54852,-0.16465,-0.07078,-0.0111,-0.05704,0.03524,-0.03252,0.00627,-0.03874,-0.03257,-0.00511,0.04842,0.01068,0.00684,0.00369,-0.00588,-0.00245,-0.00152,-0.05171,-0.12892,0.00671,0.01361,0.00965,0.00427
49.18,0.00432,0.0009,0.00734,-0.02193,0.00421,-0.00346,0.04914,-0.03979,0.01129,-0.00161,-0.00024,0,-0.01058,0.03461,-0.05666,-0.05097,0.58826,-0.16548,-0.05875,-0.0067,-0.04947,0.01768,-0.03079,0.00628,-0.02792,-0.03942,-0.00379,0.03519,-0.00573,0.00249,0.00255,-0.00478,-0.00186,-0.00608,-0.05539,-0.13216,0.00812,0.01334,0.00957,0.00428
49.2,0.00489,0.00043,0.0088,-0.02103,0.00696,0.00218,0.04769,-0.04782,0.01777,-0.01098,0.01315,0,-0.01096,0.02001,-0.04522,-0.04006,0.60915,-0.1629,-0.046,-0.00282,-0.04324,0.00588,-0.02983,0.00569,-0.01846,-0.04611,-0.00345,0.02306,-0.02033,-0.00074,0.00129,-0.00352,-0.00122,-0.01083,-0.05825,-0.13449,0.00936,0.01272,0.00945,0.00429
49.22,0.00504,-8e-05,0.00981,-0.02036,0.01002,0.00718,0.04524,-0.05433,0.0225,-0.02049,0.02707,0,-0.01043,0.00824,-0.03508,-0.03177,0.60777,-0.15642,-0.03361,0.00027,-0.03829,-0.00044,-0.02941,0.00482,-0.01087,-0.05138,-0.00404,0.01299,-0.0316,-0.00269,2e-05,-0.00228,-0.00063,-0.01556,-0.05958,-0.13447,0.01063,0.01174,0.00921,0.00424
49.24,0.00474,-0.00061,0.01041,-0.01974,0.0132,0.01131,0.04178,-0.0589,0.02516,-0.02958,0.04039,0,-0.00926,-0.00034,-0.02655,-0.02608,0.58255,-0.14585,-0.02243,0.00241,-0.03442,-0.00197,-0.02923,0.00391,-0.00543,-0.05429,-0.00543,0.00564,-0.03845,-0.00328,-0.00118,-0.0012,-0.00014,-0.02009,-0.05877,-0.13082,0.01205,0.01042,0.00878,0.00409
49.26,0.00404,-0.00116,0.01064,-0.01903,0.01635,0.01447,0.03741,-0.06133,0.02567,-0.03787,0.05217,0,-0.00771,-0.00569,-0.01971,-0.02274,0.53455,-0.13142,-0.01294,0.00353,-0.03135,0.00035,-0.02902,0.00313,-0.00215,-0.05444,-0.00749,0.00126,-0.04049,-0.00258,-0.00224,-0.00035,0.00021,-0.02428,-0.05548,-0.12284,0.01365,0.00879,0.00813,0.00382
49.28,0.003,-0.0017,0.01054,-0.01817,0.01933,0.01665,0.03234,-0.06159,0.02423,-0.04506,0.06158,0,-0.00605,-0.00809,-0.01455,-0.02132,0.46793,-0.11391,-0.00529,0.00372,-0.02872,0.00535,-0.0286,0.00254,-0.00073,-0.05198,-0.01002,-0.00033,-0.03807,-0.0008,-0.00311,0.00022,0.00041,-0.02797,-0.04978,-0.11059,0.01536,0.00692,0.00726,0.00343
49.3,0.00173,-0.00222,0.01016,-0.01717,0.02201,0.01788,0.02697,-0.05983,0.02124,-0.05091,0.06787,0,-0.00456,-0.00808,-0.01098,-0.02122,0.38978,-0.09467,0.00056,0.00314,-0.02621,0.01165,-0.02784,0.00212,-0.00064,-0.04756,-0.01279,0.00035,-0.03214,0.00172,-0.00377,0.00056,0.00049,-0.03101,-0.04208,-0.09484,0.01699,0.00494,0.00623,0.00295
49.32,0.00037,-0.00267,0.00953,-0.01606,0.02424,0.01824,0.02177,-0.05628,0.01723,-0.05518,0.07037,0,-0.00348,-0.00626,-0.00885,-0.02184,0.30856,-0.07531,0.00482,0.00206,-0.02351,0.0179,-0.02666,0.00182,-0.00124,-0.04212,-0.01552,0.0026,-0.02398,0.00459,-0.00418,0.0007,0.00047,-0.03325,-0.03303,-0.07682,0.01829,0.00298,0.00513,0.00242
49.34,-0.00094,-0.00303,0.00868,-0.0149,0.02591,0.01783,0.01712,-0.05118,0.01269,-0.05773,0.06872,0,-0.00295,-0.00327,-0.00797,-0.02267,0.23161,-0.05721,0.00776,0.0007,-0.02039,0.02297,-0.02507,0.00157,-0.00195,-0.03651,-0.01803,0.00574,-0.01482,0.00743,-0.00434,0.00071,0.0004,-0.03457,-0.0233,-0.05777,0.01906,0.00117,0.00401,0.00187
49.36,-0.00213,-0.0033,0.00765,-0.01368,0.02701,0.01672,0.0133,-0.04482,0.008,-0.05851,0.0629,0,-0.00299,0.00037,-0.0081,-0.02339,0.16364,-0.04123,0.00968,-0.00071,-0.01675,0.02618,-0.02316,0.0013,-0.00235,-0.03134,-0.02018,0.00921,-0.0056,0.00998,-0.00427,0.00063,0.0003,-0.03497,-0.01349,-0.03876,0.01914,-0.0004,0.00295,0.00134
49.38,-0.00312,-0.00345,0.00647,-0.0124,0.02755,0.01501,0.01043,-0.03751,0.00342,-0.05755,0.05339,0,-0.00344,0.0042,-0.00891,-0.0239,0.10695,-0.02777,0.01084,-0.002,-0.01263,0.0273,-0.02112,0.00098,-0.00222,-0.02693,-0.02193,0.01259,0.00303,0.01206,-0.00399,0.00049,0.00019,-0.03452,-0.00414,-0.02075,0.0185,-0.0017,0.00197,0.00084
49.4,-0.00387,-0.00349,0.0052,-0.01103,0.0276,0.01282,0.00857,-0.02964,-0.00081,-0.05494,0.04107,0,-0.00404,0.00783,-0.01005,-0.02428,0.06207,-0.01692,0.01149,-0.00302,-0.00824,0.02645,-0.01923,0.0006,-0.00148,-0.02338,-0.02331,0.01558,0.01061,0.01352,-0.00352,0.00031,7e-05,-0.03334,0.00414,-0.00471,0.01718,-0.00268,0.00112,0.00041
49.42,-0.00436,-0.00342,0.00388,-0.00952,0.02726,0.01025,0.00768,-0.02164,-0.00455,-0.05083,0.02708,0,-0.00447,0.01095,-0.01117,-0.02473,0.02841,-0.00856,0.01181,-0.00364,-0.0039,0.024,-0.01778,0.00017,-0.0002,-0.02065,-0.02434,0.01793,0.0168,0.01432,-0.00293,8e-05,-7e-05,-0.03164,0.01081,0.00847,0.01527,-0.00334,0.00042,7e-05
49.44,-0.00458,-0.00325,0.00258,-0.00786,0.02661,0.00739,0.00766,-0.01388,-0.00766,-0.04541,0.01255,0,-0.00445,0.01333,-0.01198,-0.02541,0.00464,-0.00246,0.01197,-0.0038,0.00011,0.02041,-0.01701,-0.00029,0.0015,-0.01861,-0.02508,0.01949,0.02139,0.01443,-0.00226,-0.00017,-0.00021,-0.02957,0.01552,0.0182,0.01291,-0.00367,-0.00012,-0.00019
49.46,-0.00456,-0.00298,0.00134,-0.00603,0.02572,0.00436,0.00835,-0.00664,-0.01008,-0.03888,-0.00157,0,-0.00386,0.01487,-0.01234,-0.0264,-0.01087,0.00171,0.01207,-0.00348,0.00356,0.01607,-0.01699,-0.00077,0.00345,-0.01715,-0.0256,0.02011,0.02422,0.01392,-0.00155,-0.00045,-0.00036,-0.0273,0.01817,0.02441,0.01026,-0.0037,-0.0005,-0.00036
49.48,-0.00433,-0.00265,0.0002,-0.00404,0.02467,0.00125,0.0095,-0.00014,-0.01173,-0.03155,-0.01444,0,-0.00273,0.01559,-0.01222,-0.02767,-0.01986,0.0043,0.01218,-0.00275,0.0063,0.01135,-0.01763,-0.00122,0.00546,-0.01612,-0.02591,0.01968,0.02515,0.01292,-0.00085,-0.00073,-0.0005,-0.02495,0.01896,0.02742,0.0075,-0.00351,-0.00074,-0.00044
49.5,-0.00396,-0.00227,-0.0008,-0.00197,0.0235,-0.00178,0.0108,0.00538,-0.01255,-0.02382,-0.02519,0,-0.00121,0.01556,-0.01172,-0.02904,-0.02401,0.00562,0.01231,-0.00172,0.00821,0.00663,-0.01869,-0.00161,0.00729,-0.01544,-0.02606,0.01813,0.02407,0.01164,-0.0002,-0.00099,-0.00062,-0.02264,0.01827,0.02792,0.00489,-0.00314,-0.00087,-0.00046
49.52,-0.00352,-0.00188,-0.00161,0.0001,0.02227,-0.00459,0.01194,0.0097,-0.01249,-0.01614,-0.03304,0,0.00044,0.01494,-0.01099,-0.0303,-0.02479,0.00598,0.01246,-0.00055,0.00921,0.00224,-0.01985,-0.00189,0.00871,-0.01502,-0.02605,0.01541,0.02092,0.01029,0.00034,-0.0012,-0.00071,-0.02051,0.01662,0.02676,0.00266,-0.0027,-0.00091,-0.00045
49.54,-0.00308,-0.0015,-0.00219,0.00208,0.02102,-0.00704,0.01264,0.01269,-0.01155,-0.00891,-0.0375,0,0.00199,0.01388,-0.01019,-0.03119,-0.02346,0.00563,0.01259,0.00063,0.00929,-0.00155,-0.0208,-0.00203,0.00955,-0.01477,-0.02586,0.01161,0.01584,0.00905,0.00074,-0.00133,-0.00073,-0.0186,0.01445,0.02468,0.00099,-0.00224,-0.0009,-0.00041
49.56,-0.00269,-0.00116,-0.00254,0.00391,0.01976,-0.00906,0.01274,0.01431,-0.00981,-0.00237,-0.03842,0,0.00328,0.01249,-0.00944,-0.03155,-0.02102,0.00484,0.01266,0.00169,0.00851,-0.0046,-0.02128,-0.00201,0.00974,-0.01461,-0.02549,0.00695,0.00919,0.00802,0.00098,-0.00137,-0.00071,-0.01696,0.01211,0.02222,-4e-05,-0.00182,-0.00086,-0.00038
49.58,-0.00236,-0.00087,-0.00267,0.00553,0.01851,-0.01061,0.01217,0.01467,-0.00744,0.00334,-0.03608,0,0.00423,0.0109,-0.00877,-0.03123,-0.01821,0.00388,0.01261,0.00257,0.00704,-0.00681,-0.02113,-0.00186,0.00935,-0.01443,-0.02492,0.00186,0.00171,0.00725,0.00108,-0.00134,-0.00064,-0.01554,0.00978,0.01966,-0.00048,-0.00147,-0.00081,-0.00035
49.6,-0.00211,-0.00067,-0.0026,0.00688,0.01728,-0.01167,0.01099,0.01395,-0.00472,0.00813,-0.03108,0,0.00482,0.0092,-0.00821,-0.03014,-0.01556,0.00299,0.01238,0.0032,0.00513,-0.00816,-0.02024,-0.0016,0.00852,-0.01412,-0.02412,-0.00303,-0.00559,0.00669,0.00105,-0.00125,-0.00054,-0.01429,0.00755,0.01705,-0.00045,-0.0012,-0.00077,-0.00033
49.62,-0.00194,-0.00055,-0.00238,0.00789,0.01609,-0.01224,0.0093,0.01237,-0.00196,0.01194,-0.0242,0,0.00505,0.00748,-0.00774,-0.02825,-0.01342,0.0024,0.01192,0.00354,0.00306,-0.00868,-0.01859,-0.00127,0.00748,-0.01357,-0.02307,-0.00704,-0.01156,0.0063,0.00093,-0.00112,-0.00043,-0.01314,0.00542,0.01436,-0.00014,-0.00102,-0.00075,-0.00033
49.64,-0.00183,-0.00053,-0.00204,0.00853,0.01495,-0.01236,0.00723,0.01018,0.00053,0.01484,-0.01624,0,0.00498,0.00583,-0.00732,-0.02555,-0.01197,0.00226,0.01117,0.00359,0.00107,-0.00841,-0.01618,-0.00091,0.00641,-0.01272,-0.02176,-0.00961,-0.01533,0.00599,0.00075,-0.00099,-0.00035,-0.01202,0.00341,0.01151,0.0003,-0.00092,-0.00075,-0.00033
49.66,-0.00178,-0.0006,-0.00162,0.00878,0.01385,-0.01206,0.0049,0.00761,0.00258,0.01697,-0.00787,0,0.00467,0.00427,-0.00689,-0.02213,-0.01129,0.00262,0.01016,0.00334,-0.00064,-0.00747,-0.01309,-0.00056,0.00544,-0.01155,-0.02018,-0.01049,-0.01649,0.00572,0.00054,-0.00086,-0.0003,-0.01088,0.00153,0.00848,0.00072,-0.00088,-0.00077,-0.00035
49.68,-0.00177,-0.00072,-0.00116,0.00864,0.01275,-0.01146,0.00246,0.00493,0.00406,0.0186,0.00031,0,0.00418,0.00284,-0.00643,-0.01811,-0.01136,0.00344,0.00893,0.00285,-0.00197,-0.00601,-0.00947,-0.00023,0.00463,-0.01009,-0.01839,-0.00972,-0.01514,0.00545,0.00031,-0.00075,-0.00028,-0.00967,-0.00013,0.00539,0.00107,-0.00089,-0.00081,-0.00036
49.7,-0.00178,-0.00087,-0.0007,0.00814,0.01162,-0.01065,6e-05,0.0024,0.0049,0.02004,0.00768,0,0.00359,0.00157,-0.00588,-0.01377,-0.01205,0.00456,0.00759,0.00217,-0.00285,-0.00426,-0.00557,7e-05,0.004,-0.00844,-0.01643,-0.00762,-0.01184,0.00518,0.0001,-0.00067,-0.00029,-0.00839,-0.00146,0.00246,0.00129,-0.00093,-0.00084,-0.00037
49.72,-0.00177,-0.00099,-0.00029,0.00732,0.01046,-0.00975,-0.00208,0.00032,0.00506,0.02153,0.01364,0,0.00301,0.00048,-0.00518,-0.00945,-0.01315,0.00573,0.00628,0.00138,-0.00325,-0.00244,-0.00173,0.00032,0.0035,-0.00674,-0.01441,-0.00466,-0.00743,0.0049,-9e-05,-0.00061,-0.00032,-0.00705,-0.00232,-4e-05,0.00139,-0.00095,-0.00087,-0.00038
49.74,-0.00174,-0.00105,5e-05,0.00626,0.0092,-0.00887,-0.00369,-0.00102,0.0045,0.02318,0.01753,0,0.0025,-0.00039,-0.00424,-0.00555,-0.01435,0.00667,0.00514,0.00052,-0.00316,-0.00081,0.00167,0.00054,0.00305,-0.00512,-0.0124,-0.00132,-0.00267,0.00462,-0.00023,-0.00058,-0.00036,-0.00566,-0.00262,-0.00191,0.00139,-0.00095,-0.00087,-0.00036
49.76,-0.00166,-0.001,0.00029,0.00503,0.00783,-0.00806,-0.00446,-0.00138,0.00316,0.02479,0.0187,0,0.00216,-0.001,-0.0029,-0.00249,-0.01522,0.00703,0.00431,-0.00039,-0.00257,0.00044,0.00422,0.00071,0.00251,-0.0037,-0.01042,0.002,0.00183,0.00432,-0.0003,-0.00057,-0.0004,-0.00425,-0.00238,-0.00307,0.00129,-0.0009,-0.00083,-0.00033
49.78,-0.0015,-0.00085,0.0004,0.00373,0.00631,-0.00732,-0.00397,-0.00051,0.00096,0.02586,0.01646,0,0.00204,-0.00132,-0.00098,-0.00077,-0.0152,0.00645,0.00392,-0.00139,-0.00148,0.0011,0.00545,0.00084,0.00172,-0.00258,-0.00849,0.00499,0.00569,0.00399,-0.00028,-0.00058,-0.00043,-0.00282,-0.00177,-0.0036,0.00111,-0.00079,-0.00075,-0.00028
49.8,-0.00126,-0.00057,0.00038,0.0025,0.00461,-0.00664,-0.00174,0.00179,-0.00219,0.02558,0.01002,0,0.00223,-0.00129,0.00174,-0.00095,-0.01362,0.00451,0.00409,-0.00252,9e-05,0.00101,0.00484,0.00093,0.00049,-0.00182,-0.00661,0.00738,0.00869,0.0036,-0.00014,-0.00061,-0.00046,-0.0014,-0.00102,-0.0037,0.00088,-0.0006,-0.00064,-0.00021
49.82,-0.0009,-0.00019,0.00022,0.0015,0.00274,-0.00594,0.00279,0.00571,-0.00636,0.02283,-0.00143,0,0.00278,-0.00085,0.00549,-0.00365,-0.00966,0.00075,0.00497,-0.00382,0.0021,-3e-05,0.00176,0.00097,-0.00138,-0.00153,-0.00479,0.00896,0.01072,0.00309,0.00014,-0.00065,-0.00047,-5e-05,-0.00044,-0.00357,0.00062,-0.00034,-0.00048,-0.00012
49.84,-0.00042,0.0003,-0.0001,0.00087,0.00069,-0.0051,0.01023,0.01138,-0.01162,0.01627,-0.01878,0,0.00372,5e-05,0.01048,-0.00947,-0.00245,-0.00532,0.00668,-0.00532,0.0045,-0.00219,-0.00443,0.00097,-0.00411,-0.00179,-0.00298,0.00953,0.01181,0.00241,0.00061,-0.00072,-0.00047,0.00118,-0.00033,-0.00334,0.00036,1e-05,-0.00027,-2e-05
49.86,0.0002,0.00088,-0.00058,0.00072,-0.00153,-0.00393,0.02118,0.01886,-0.01797,0.00438,-0.0429,0,0.0051,0.00145,0.01685,-0.01894,0.00893,-0.01419,0.00931,-0.00695,0.00717,-0.00563,-0.0144,0.00089,-0.0079,-0.00265,-0.00112,0.00895,0.01209,0.00147,0.0013,-0.00079,-0.00045,0.0022,-0.00087,-0.00298,0.00014,0.00044,-1e-05,0.00011
49.88,0.00096,0.00154,-0.00125,0.00112,-0.00386,-0.0022,0.03614,0.02804,-0.02533,-0.01445,-0.07444,0,0.00688,0.00334,0.02466,-0.03241,0.02537,-0.02628,0.01295,-0.00858,0.00993,-0.01049,-0.02875,0.00071,-0.01292,-0.00419,0.00087,0.00711,0.01176,0.00018,0.00224,-0.00089,-0.00043,0.00292,-0.00217,-0.00226,-0,0.00097,0.00032,0.00026
49.9,0.00185,0.00226,-0.00209,0.00213,-0.00625,0.00039,0.05546,0.03864,-0.03345,-0.04182,-0.11368,0,0.00902,0.00568,0.0338,-0.05003,0.04759,-0.04186,0.01761,-0.01001,0.01254,-0.01684,-0.04794,0.00039,-0.01922,-0.00644,0.00307,0.00395,0.01112,-0.00156,0.00348,-0.001,-0.00039,0.0032,-0.00427,-0.0008,-0,0.0016,0.00075,0.00045
49.92,0.00283,0.00301,-0.00311,0.00375,-0.00857,0.00417,0.07931,0.05013,-0.04191,-0.07916,-0.16055,0,0.01138,0.00839,0.04397,-0.07171,0.07596,-0.06107,0.02325,-0.01094,0.01465,-0.02468,-0.07225,-0.0001,-0.02684,-0.00944,0.00558,-0.00054,0.01051,-0.00382,0.00501,-0.00113,-0.00035,0.00288,-0.00716,0.00182,0.00023,0.00232,0.0013,0.0007
49.94,0.00389,0.00376,-0.00427,0.00595,-0.01072,0.00949,0.10765,0.06178,-0.05013,-0.1275,-0.2147,0,0.01377,0.01136,0.05474,-0.09717,0.11029,-0.0838,0.02983,-0.01108,0.01586,-0.03391,-0.10181,-0.00078,-0.03571,-0.0132,0.00846,-0.00634,0.0103,-0.00664,0.00683,-0.00126,-0.00029,0.00174,-0.01088,0.0059,0.00083,0.00311,0.002,0.001
49.96,0.00497,0.00448,-0.00554,0.0086,-0.01259,0.01672,0.14015,0.07259,-0.05728,-0.18721,-0.27533,0,0.01588,0.01447,0.06546,-0.12583,0.14951,-0.10966,0.03726,-0.01015,0.01573,-0.04434,-0.13644,-0.00161,-0.0457,-0.01771,0.01179,-0.01334,0.01085,-0.00998,0.00886,-0.00139,-0.00022,-0.00044,-0.01553,0.01145,0.00199,0.00396,0.00288,0.00139
49.98,0.00599,0.0051,-0.00683,0.0115,-0.01404,0.02619,0.17592,0.0812,-0.06227,-0.25746,-0.34072,0,0.01728,0.01753,0.07518,-0.15659,0.19136,-0.13772,0.04535,-0.00791,0.01375,-0.05554,-0.17537,-0.00253,-0.05649,-0.02291,0.01559,-0.02127,0.0125,-0.01371,0.01101,-0.0015,-0.00014,-0.00388,-0.02128,0.01816,0.00395,0.00484,0.00399,0.00189
50,0.00685,0.00557,-0.00803,0.01434,-0.01496,0.03811,0.21334,0.08588,-0.06372,-0.33594,-0.384,0,0.0174,0.02029,0.08264,-0.18768,0.23225,-0.16642,0.0538,-0.00412,0.00938,-0.06684,-0.21709,-0.00342,-0.06755,-0.02863,0.01983,-0.02973,0.01558,-0.01756,0.01307,-0.00154,-5e-05,-0.0088,-0.02832,0.02541,0.007,0.00569,0.00535,0.00252
50.02,0.00747,0.00581,-0.009,0.01675,-0.01519,0.0526,0.25038,0.08481,-0.06011,-0.41938,-0.384,0,0.01556,0.02242,0.08639,-0.21678,0.26812,-0.19389,0.06225,0.00138,0.00209,-0.07749,-0.25962,-0.00416,-0.07821,-0.03456,0.02447,-0.03821,0.02032,-0.02126,0.01482,-0.0015,6e-05,-0.01537,-0.03675,0.03241,0.01139,0.00646,0.00698,0.00327
50.04,0.00774,0.00577,-0.0096,0.01842,-0.01468,0.06963,0.28507,0.07656,-0.05007,-0.50454,-0.384,0,0.01095,0.02352,0.08504,-0.24138,0.29577,-0.21845,0.07045,0.00865,-0.0086,-0.08685,-0.30108,-0.00464,-0.08779,-0.0402,0.02947,-0.04623,0.02682,-0.02455,0.01607,-0.00135,0.00019,-0.02365,-0.04657,0.03851,0.01731,0.0071,0.00888,0.00417
50.06,0.00765,0.00546,-0.00971,0.01908,-0.01341,0.08902,0.31578,0.06047,-0.03265,-0.58855,-0.384,0,0.00272,0.02311,0.07754,-0.25893,0.31367,-0.23895,0.07828,0.01763,-0.02299,-0.0946,-0.3399,-0.00483,-0.09568,-0.04478,0.03488,-0.05344,0.03494,-0.02735,0.01666,-0.00107,0.00035,-0.03353,-0.05755,0.04336,0.02478,0.0076,0.01102,0.00521
50.08,0.0072,0.00489,-0.00925,0.01856,-0.01149,0.11026,0.34108,0.03684,-0.00747,-0.66839,-0.384,0,-0.01001,0.02065,0.06319,-0.26672,0.32206,-0.25467,0.08579,0.02806,-0.04106,-0.10067,-0.37461,-0.00477,-0.10134,-0.04724,0.04075,-0.05954,0.04428,-0.02966,0.01651,-0.00065,0.00053,-0.04464,-0.06914,0.04693,0.03361,0.00795,0.01335,0.00635
50.1,0.00648,0.00414,-0.00812,0.01679,-0.00914,0.13241,0.35947,0.00688,0.02525,-0.74037,-0.384,0,-0.02804,0.01552,0.04171,-0.26181,0.32262,-0.26513,0.09306,0.03942,-0.06247,-0.10522,-0.40359,-0.00453,-0.10414,-0.04624,0.04712,-0.06427,0.05407,-0.03158,0.01558,-0.00011,0.00072,-0.05631,-0.08044,0.04943,0.04335,0.00818,0.01575,0.00755
50.12,0.00556,0.00329,-0.00628,0.01375,-0.00662,0.15429,0.36954,-0.02769,0.06497,-0.80056,-0.384,0,-0.05208,0.00697,0.01325,-0.24128,0.31784,-0.27004,0.10019,0.0512,-0.08667,-0.10873,-0.42527,-0.00426,-0.1035,-0.0405,0.05403,-0.06742,0.06339,-0.03328,0.01386,0.00055,0.00094,-0.0677,-0.09045,0.05113,0.05339,0.00831,0.0181,0.00873
50.14,0.00456,0.00243,-0.00368,0.00951,-0.00418,0.17486,0.37035,-0.06538,0.11132,-0.84583,-0.384,0,-0.08266,-0.00595,-0.02164,-0.2028,0.31037,-0.26935,0.10728,0.06316,-0.11313,-0.11212,-0.43862,-0.0041,-0.09889,-0.02919,0.06157,-0.06893,0.07139,-0.03499,0.01131,0.00131,0.00117,-0.07799,-0.0984,0.05219,0.06316,0.00837,0.02027,0.00985
50.16,0.00354,0.00164,-0.00031,0.00429,-0.00204,0.19335,0.36167,-0.10524,0.16424,-0.87449,-0.384,0,-0.11998,-0.02436,-0.06182,-0.14515,0.30251,-0.26331,0.11436,0.07555,-0.14149,-0.11692,-0.44356,-0.00417,-0.08993,-0.01238,0.06989,-0.069,0.07741,-0.03694,0.00792,0.00219,0.00144,-0.08652,-0.10399,0.05254,0.07218,0.00837,0.02219,0.01087
50.18,0.00259,0.00094,0.00379,-0.00159,-0.00038,0.20921,0.34412,-0.14664,0.22364,-0.88618,-0.384,0,-0.16361,-0.04947,-0.10531,-0.06874,0.29618,-0.25249,0.12138,0.08907,-0.1713,-0.12524,-0.44088,-0.00461,-0.07651,0.00881,0.07913,-0.06803,0.08097,-0.03938,0.00365,0.00322,0.00173,-0.09272,-0.10743,0.05184,0.08,0.00829,0.02385,0.01176
50.2,0.00176,0.00037,0.00853,-0.00758,0.00063,0.22191,0.31907,-0.18902,0.28902,-0.88149,-0.384,0,-0.2123,-0.08233,-0.14906,0.02412,0.29291,-0.23778,0.12812,0.10468,-0.20187,-0.13961,-0.43216,-0.00553,-0.05876,0.03224,0.08938,-0.06664,0.08174,-0.04254,-0.00148,0.00443,0.00208,-0.09607,-0.10929,0.04948,0.08621,0.00811,0.02523,0.01253
50.22,0.00114,-3e-05,0.01372,-0.01308,0.00088,0.23095,0.28838,-0.23172,0.35944,-0.86161,-0.384,0,-0.26399,-0.1237,-0.18941,0.12948,0.29377,-0.2202,0.13415,0.12335,-0.23234,-0.1625,-0.41935,-0.00699,-0.03704,0.05523,0.10055,-0.0655,0.07957,-0.04661,-0.0074,0.00582,0.00248,-0.09617,-0.11034,0.04483,0.09039,0.00782,0.02632,0.01317
50.24,0.00076,-0.00025,0.01919,-0.01745,0.00035,0.23591,0.25387,-0.2741,0.43369,-0.82808,-0.384,0,-0.31618,-0.17373,-0.22292,0.24234,0.29905,-0.20062,0.13892,0.14573,-0.26185,-0.19566,-0.40432,-0.00906,-0.01181,0.0754,0.11237,-0.0651,0.0746,-0.05161,-0.01398,0.00738,0.00292,-0.09287,-0.11124,0.03745,0.09228,0.0074,0.0271,0.01365
50.26,0.00064,-0.00027,0.02473,-0.0202,-0.00087,0.23645,0.21716,-0.3154,0.51014,-0.78277,-0.384,0,-0.3659,-0.23158,-0.24682,0.35671,0.30813,-0.17968,0.14167,0.17184,-0.28963,-0.2395,-0.38858,-0.01171,0.01632,0.09119,0.12426,-0.06562,0.0673,-0.05743,-0.02096,0.009,0.00337,-0.08635,-0.11237,0.02737,0.09187,0.00689,0.02755,0.01396
50.28,0.00078,-6e-05,0.03007,-0.02086,-0.00254,0.23237,0.17985,-0.35439,0.58614,-0.72812,-0.384,0,-0.40936,-0.29499,-0.25893,0.46471,0.31934,-0.15786,0.14146,0.20076,-0.31479,-0.29262,-0.37336,-0.01485,0.04641,0.10182,0.13526,-0.06692,0.05861,-0.06369,-0.02793,0.01053,0.00378,-0.07725,-0.11378,0.01518,0.08933,0.00635,0.02762,0.01406
50.3,0.00116,0.00039,0.03487,-0.01909,-0.0043,0.22352,0.1438,-0.38918,0.6576,-0.66734,-0.384,0,-0.44175,-0.35998,-0.25746,0.55617,0.33006,-0.13569,0.13717,0.23064,-0.33613,-0.35174,-0.35964,-0.01827,0.07704,0.10715,0.14397,-0.06851,0.04984,-0.06978,-0.0343,0.0117,0.00405,-0.06662,-0.11522,0.00202,0.08509,0.00588,0.02724,0.01391
50.32,0.00173,0.00109,0.03871,-0.01459,-0.00573,0.20984,0.11084,-0.41752,0.71972,-0.6039,-0.384,0,-0.45809,-0.4216,-0.24129,0.62035,0.3373,-0.11368,0.12774,0.25901,-0.35234,-0.4124,-0.34812,-0.02173,0.1065,0.10743,0.14886,-0.06983,0.04237,-0.07495,-0.0394,0.01225,0.00409,-0.05565,-0.11625,-0.01068,0.07963,0.00561,0.02632,0.01344
50.34,0.00242,0.00203,0.04125,-0.00727,-0.00646,0.19136,0.08238,-0.43745,0.76829,-0.54059,-0.384,0,-0.45474,-0.47526,-0.21043,0.64904,0.33856,-0.09222,0.11254,0.28361,-0.36232,-0.47025,-0.33903,-0.02502,0.13325,0.10315,0.14869,-0.07048,0.03713,-0.07856,-0.04272,0.01199,0.00385,-0.04536,-0.11645,-0.02169,0.07335,0.00562,0.02482,0.01264
50.36,0.00314,0.00319,0.04223,0.00271,-0.0063,0.16829,0.05911,-0.44782,0.80053,-0.4791,-0.384,0,-0.43043,-0.51746,-0.16652,0.6387,0.33246,-0.07156,0.09167,0.30274,-0.36546,-0.52164,-0.33198,-0.02793,0.15612,0.09496,0.14285,-0.07043,0.03422,-0.08017,-0.04403,0.01087,0.00331,-0.03632,-0.11553,-0.03028,0.0665,0.00592,0.02273,0.01149
50.38,0.00378,0.00448,0.04151,0.01483,-0.00518,0.14121,0.04116,-0.44818,0.81495,-0.42038,-0.384,0,-0.3867,-0.54559,-0.11322,0.59092,0.3189,-0.05194,0.06621,0.31526,-0.36168,-0.56344,-0.32598,-0.03034,0.17419,0.08364,0.1315,-0.07004,0.03291,-0.07957,-0.04342,0.00902,0.00252,-0.02871,-0.11341,-0.03615,0.05918,0.00649,0.02012,0.01005
50.4,0.00419,0.0058,0.039,0.02824,-0.00319,0.11116,0.0283,-0.43869,0.81105,-0.36515,-0.384,0,-0.32772,-0.55762,-0.05625,0.51192,0.29896,-0.03376,0.03818,0.32034,-0.35128,-0.59264,-0.31963,-0.03211,0.18662,0.07019,0.11545,-0.07003,0.03172,-0.07675,-0.04122,0.00672,0.00158,-0.02241,-0.11016,-0.03943,0.05141,0.00721,0.01713,0.00839
50.42,0.00422,0.00702,0.03473,0.04186,-0.00047,0.07943,0.02008,-0.41989,0.78902,-0.31397,-0.384,0,-0.25932,-0.55214,-0.00229,0.41084,0.27442,-0.01751,0.01012,0.31752,-0.33484,-0.60658,-0.3114,-0.03314,0.1927,0.05565,0.09587,-0.07117,0.02898,-0.07181,-0.0379,0.0043,0.00063,-0.01715,-0.10599,-0.04053,0.04316,0.00795,0.01395,0.00666
50.44,0.00376,0.00807,0.02873,0.0547,0.00284,0.04711,0.01585,-0.39254,0.74967,-0.26713,-0.384,0,-0.18753,-0.52864,0.04268,0.29725,0.24702,-0.00354,-0.01578,0.30668,-0.31304,-0.60354,-0.29997,-0.03334,0.19214,0.041,0.07379,-0.07388,0.02345,-0.06487,-0.03385,0.00207,-0.00023,-0.01269,-0.10117,-0.04011,0.0344,0.00862,0.01076,0.00494
50.46,0.00275,0.00889,0.02111,0.066,0.0067,0.01494,0.01478,-0.3576,0.69454,-0.22464,-0.384,0,-0.11786,-0.48795,0.07452,0.18,0.21814,0.008,-0.03807,0.28822,-0.28663,-0.58317,-0.28463,-0.03273,0.18519,0.02701,0.04983,-0.07794,0.01484,-0.05604,-0.02929,0.00019,-0.00093,-0.00891,-0.09601,-0.03906,0.02511,0.00919,0.0077,0.00334
50.48,0.00124,0.00951,0.01212,0.0752,0.01115,-0.01652,0.01591,-0.31647,0.62626,-0.18658,-0.384,0,-0.05559,-0.43249,0.09082,0.0677,0.18885,0.01716,-0.05602,0.26314,-0.25659,-0.54675,-0.26543,-0.03134,0.17278,0.01439,0.02435,-0.0824,0.004,-0.04545,-0.02427,-0.00133,-0.00146,-0.00591,-0.09088,-0.0385,0.01538,0.0097,0.00492,0.0019
50.5,-0.00068,0.00999,0.00214,0.08184,0.01622,-0.04664,0.01816,-0.27112,0.54875,-0.15342,-0.384,0,-0.0062,-0.36638,0.09063,-0.03061,0.16016,0.02399,-0.06941,0.2331,-0.2243,-0.49706,-0.24317,-0.02931,0.15638,0.00386,-0.0024,-0.08563,-0.00718,-0.03331,-0.01872,-0.00255,-0.00185,-0.00399,-0.08624,-0.0397,0.00547,0.01022,0.00255,0.00069
50.52,-0.00286,0.01042,-0.00835,0.08556,0.02199,-0.07476,0.02047,-0.22381,0.46653,-0.12576,-0.384,0,0.02538,-0.29452,0.07413,-0.10649,0.13296,0.02858,-0.07831,0.2001,-0.19125,-0.43777,-0.21908,-0.02677,0.13777,-0.00393,-0.03016,-0.08576,-0.01632,-0.01994,-0.01254,-0.00362,-0.00216,-0.00351,-0.08256,-0.04388,-0.00427,0.01086,0.00071,-0.00024
50.54,-0.00516,0.01084,-0.0189,0.08623,0.02843,-0.10038,0.0219,-0.17647,0.3835,-0.10384,-0.3824,0,0.03608,-0.22129,0.04252,-0.15418,0.10785,0.03105,-0.08306,0.16597,-0.15868,-0.3724,-0.19424,-0.02386,0.11844,-0.00857,-0.05861,-0.08129,-0.02138,-0.00567,-0.00564,-0.00467,-0.00242,-0.0047,-0.08011,-0.05184,-0.01353,0.01166,-0.00051,-0.00087
50.56,-0.0075,0.01122,-0.02913,0.08399,0.03547,-0.12327,0.02181,-0.13047,0.30236,-0.08724,-0.3013,0,0.02569,-0.14984,-0.00192,-0.17191,0.08512,0.03156,-0.08412,0.13211,-0.12736,-0.30389,-0.16932,-0.02068,0.09934,-0.01001,-0.08729,-0.07152,-0.02123,0.00915,0.00193,-0.00579,-0.00269,-0.0075,-0.07895,-0.06374,-0.02212,0.01258,-0.00111,-0.0012
50.58,-0.00982,0.0115,-0.03865,0.0793,0.04283,-0.14328,0.01979,-0.08686,0.2251,-0.07489,-0.22658,0,-0.00292,-0.08249,-0.05556,-0.16204,0.06486,0.0303,-0.0821,0.09968,-0.09777,-0.235,-0.14463,-0.01733,0.08099,-0.00855,-0.11532,-0.05674,-0.01578,0.02397,0.00991,-0.007,-0.00298,-0.0115,-0.07881,-0.07891,-0.02986,0.01345,-0.00116,-0.00126
50.6,-0.01205,0.01152,-0.04704,0.07288,0.05007,-0.16015,0.01568,-0.04677,0.15361,-0.06537,-0.15866,0,-0.04409,-0.02121,-0.11331,-0.13041,0.04718,0.02747,-0.07766,0.06985,-0.07034,-0.16875,-0.12037,-0.01389,0.0636,-0.00482,-0.14127,-0.03821,-0.00585,0.03803,0.01784,-0.00826,-0.00328,-0.01597,-0.07921,-0.09586,-0.0366,0.01402,-0.00078,-0.00112
50.62,-0.01416,0.01113,-0.05385,0.0656,0.05665,-0.17361,0.0096,-0.01125,0.08961,-0.05719,-0.09796,0,-0.09063,0.03235,-0.16938,-0.08502,0.03222,0.02325,-0.07164,0.04372,-0.04548,-0.10807,-0.09671,-0.01044,0.04715,0.00047,-0.1635,-0.01776,0.00707,0.05046,0.02512,-0.00948,-0.00359,-0.02004,-0.07949,-0.1126,-0.04216,0.01398,-0.00014,-0.00084
50.64,-0.0161,0.01019,-0.05875,0.05828,0.06209,-0.18351,0.00184,0.01903,0.03411,-0.04917,-0.04415,0,-0.1356,0.0773,-0.21855,-0.03417,0.01993,0.01778,-0.06501,0.02193,-0.02338,-0.0551,-0.07379,-0.007,0.03148,0.0067,-0.1807,0.00276,0.02126,0.06059,0.03127,-0.01057,-0.00387,-0.02299,-0.07894,-0.12711,-0.04642,0.0131,0.00058,-0.00051
50.66,-0.01782,0.00868,-0.06161,0.05159,0.06613,-0.18999,-0.00706,0.04393,-0.01275,-0.04074,0.00427,0,-0.17333,0.11366,-0.25692,0.01456,0.01013,0.01114,-0.05898,0.0046,-0.00397,-0.0108,-0.0518,-0.00354,0.01626,0.0135,-0.19228,0.02176,0.035,0.06805,0.03602,-0.01147,-0.00411,-0.0244,-0.07686,-0.13762,-0.04934,0.0113,0.0012,-0.0002
50.68,-0.01924,0.00666,-0.06248,0.04605,0.06864,-0.19339,-0.01625,0.06374,-0.0514,-0.03203,0.04967,0,-0.19943,0.14209,-0.28177,0.05418,0.00247,0.00342,-0.05508,-0.00865,0.01294,0.0248,-0.03117,4e-05,0.00121,0.02075,-0.19838,0.03785,0.04651,0.07278,0.03929,-0.01215,-0.00431,-0.02421,-0.07259,-0.14261,-0.05092,0.00865,0.00156,-2e-05
50.7,-0.02027,0.00434,-0.06154,0.0421,0.06963,-0.19421,-0.02458,0.07889,-0.08241,-0.02392,0.09486,0,-0.2105,0.16353,-0.29117,0.07815,-0.0034,-0.00525,-0.05508,-0.01847,0.0275,0.05216,-0.01266,0.00385,-0.01384,0.0285,-0.19964,0.04976,0.05392,0.07495,0.04114,-0.01261,-0.00446,-0.02264,-0.06553,-0.14072,-0.05123,0.0054,0.00147,-4e-05
50.72,-0.0208,0.00194,-0.05905,0.04009,0.06918,-0.193,-0.03073,0.08986,-0.10642,-0.01765,0.14283,0,-0.20416,0.17896,-0.28386,0.08092,-0.00784,-0.01479,-0.06063,-0.02564,0.03985,0.07203,0.00279,0.00802,-0.02899,0.03686,-0.197,0.05643,0.05555,0.07491,0.04175,-0.01287,-0.00456,-0.02008,-0.05523,-0.13092,-0.05033,0.00188,0.00078,-0.00035
50.74,-0.02075,-0.00032,-0.0553,0.04018,0.06738,-0.19027,-0.03356,0.09729,-0.12438,-0.01439,0.19669,0,-0.17944,0.18926,-0.25928,0.0592,-0.01119,-0.02521,-0.0727,-0.03103,0.05029,0.08535,0.01454,0.01268,-0.04435,0.04592,-0.1914,0.05738,0.05033,0.07314,0.04126,-0.01304,-0.00467,-0.01691,-0.04147,-0.11272,-0.04833,-0.00161,-0.00059,-0.00101
50.76,-0.0201,-0.00228,-0.05057,0.04233,0.06432,-0.18646,-0.03226,0.10188,-0.13753,-0.01486,0.25936,0,-0.13715,0.19509,-0.21772,0.0129,-0.01377,-0.03664,-0.09115,-0.03547,0.05934,0.0932,0.02247,0.01798,-0.06009,0.05561,-0.18364,0.05294,0.03824,0.07027,0.03982,-0.01329,-0.00486,-0.01337,-0.02439,-0.08649,-0.0454,-0.00488,-0.00266,-0.00201
50.78,-0.01892,-0.00388,-0.04516,0.04626,0.06009,-0.18196,-0.02641,0.10444,-0.1474,-0.01925,0.33313,0,-0.08025,0.19681,-0.16065,-0.05432,-0.01586,-0.0493,-0.11445,-0.03971,0.0677,0.09671,0.02699,0.02402,-0.07636,0.06565,-0.17435,0.0443,0.0204,0.06706,0.03753,-0.01389,-0.00527,-0.00954,-0.00466,-0.05369,-0.04177,-0.00781,-0.00531,-0.00329
50.8,-0.01734,-0.00508,-0.03942,0.05146,0.05479,-0.17711,-0.01599,0.10573,-0.15557,-0.02729,0.384,0,-0.01378,0.19448,-0.09079,-0.13531,-0.01766,-0.06337,-0.13978,-0.04441,0.07611,0.09696,0.02893,0.03081,-0.09314,0.07547,-0.16409,0.03342,-0.00102,0.06447,0.03445,-0.01519,-0.00606,-0.00545,0.01652,-0.01687,-0.03777,-0.01036,-0.00834,-0.00472
50.82,-0.01551,-0.00589,-0.03371,0.05725,0.0485,-0.17215,-0.00127,0.10646,-0.16362,-0.03833,0.384,0,0.05614,0.18803,-0.01174,-0.22109,-0.01932,-0.07897,-0.16375,-0.05012,0.08534,0.09496,0.02944,0.03827,-0.11032,0.08435,-0.15327,0.02259,-0.02347,0.06357,0.03059,-0.01756,-0.00742,-0.00098,0.03768,0.02089,-0.03374,-0.01252,-0.01144,-0.00616
50.84,-0.01362,-0.00633,-0.0283,0.06288,0.0412,-0.1672,0.01723,0.10714,-0.17289,-0.05144,0.384,0,0.12402,0.1777,0.07281,-0.30359,-0.02094,-0.09616,-0.18348,-0.05729,0.09609,0.09165,0.02985,0.04626,-0.12786,0.09164,-0.14213,0.0137,-0.04508,0.06557,0.02589,-0.02131,-0.00951,0.00401,0.0576,0.05686,-0.02992,-0.01428,-0.01432,-0.00743
50.86,-0.01182,-0.00645,-0.02338,0.06757,0.03278,-0.16221,0.03872,0.10803,-0.18446,-0.06548,0.384,0,0.18593,0.16424,0.15931,-0.37716,-0.02256,-0.11488,-0.19734,-0.06629,0.10892,0.08792,0.03163,0.05452,-0.14582,0.09686,-0.13071,0.00789,-0.06531,0.07175,0.02013,-0.02665,-0.01244,0.00976,0.07558,0.08917,-0.02643,-0.01566,-0.01669,-0.0084
50.88,-0.01026,-0.0063,-0.01905,0.07051,0.02307,-0.157,0.06203,0.10909,-0.19898,-0.07899,0.384,0,0.23923,0.14916,0.24378,-0.43843,-0.02418,-0.13478,-0.205,-0.07733,0.12413,0.08465,0.03634,0.06263,-0.16422,0.09975,-0.11895,0.00539,-0.08493,0.08342,0.01305,-0.03362,-0.01622,0.01647,0.09139,0.11674,-0.02326,-0.01663,-0.0183,-0.00895
50.9,-0.00912,-0.00596,-0.01539,0.0708,0.01191,-0.15128,0.08546,0.11004,-0.21662,-0.09016,0.384,0,0.28209,0.13464,0.32129,-0.4856,-0.02575,-0.15514,-0.20719,-0.09043,0.14169,0.08271,0.04558,0.06996,-0.18297,0.10014,-0.10678,0.00575,-0.10576,0.10186,0.00439,-0.04204,-0.02081,0.02433,0.10507,0.13892,-0.02031,-0.01715,-0.01889,-0.00898
50.92,-0.00851,-0.00549,-0.01245,0.06759,-0.0008,-0.14479,0.10718,0.11048,-0.23728,-0.09714,0.384,0,0.31329,0.12322,0.38661,-0.5181,-0.02714,-0.17494,-0.20535,-0.10546,0.16134,0.0829,0.06081,0.07576,-0.20183,0.09793,-0.09416,0.00808,-0.13,0.12811,-0.00607,-0.05163,-0.02604,0.03353,0.11687,0.15541,-0.0175,-0.01716,-0.01825,-0.0084
50.94,-0.00846,-0.00495,-0.01022,0.0602,-0.01513,-0.13738,0.12572,0.11,-0.26076,-0.09849,0.384,0,0.33234,0.11708,0.43556,-0.53647,-0.02825,-0.1931,-0.20121,-0.12229,0.18272,0.0858,0.08303,0.07941,-0.22052,0.09303,-0.08111,0.01151,-0.15952,0.16275,-0.01836,-0.062,-0.03174,0.04424,0.12721,0.16617,-0.01492,-0.01661,-0.01628,-0.0072
50.96,-0.00886,-0.0044,-0.00867,0.04835,-0.03102,-0.12908,0.14036,0.10839,-0.28692,-0.09359,0.384,0,0.33956,0.11767,0.46582,-0.54228,-0.02899,-0.20858,-0.1965,-0.14078,0.20544,0.09168,0.11253,0.08043,-0.23876,0.08538,-0.06775,0.01545,-0.19519,0.20555,-0.03224,-0.07272,-0.03768,0.05667,0.13662,0.17146,-0.01288,-0.01547,-0.01308,-0.00544
50.98,-0.00946,-0.00389,-0.00772,0.0322,-0.0482,-0.12023,0.15105,0.10562,-0.31547,-0.08271,0.384,0,0.33598,0.12561,0.47687,-0.538,-0.02926,-0.22023,-0.19292,-0.16069,0.22889,0.10042,0.14859,0.07861,-0.2561,0.07493,-0.05441,0.01962,-0.23648,0.25511,-0.04706,-0.08325,-0.04357,0.07095,0.14566,0.17172,-0.01198,-0.01376,-0.00897,-0.0033
51,-0.00987,-0.00344,-0.00725,0.01242,-0.06608,-0.11143,0.15824,0.10186,-0.34583,-0.06691,0.384,0,0.32317,0.14076,0.4695,-0.5268,-0.029,-0.2268,-0.19211,-0.18155,0.25217,0.11153,0.18941,0.07391,-0.27182,0.06173,-0.04171,0.02399,-0.28131,0.30869,-0.06171,-0.09284,-0.04899,0.08703,0.15479,0.16752,-0.01307,-0.01156,-0.00446,-0.00102
51.02,-0.00966,-0.00307,-0.00717,-0.01003,-0.08388,-0.10343,0.16266,0.09736,-0.37723,-0.04775,0.384,0,0.30303,0.1624,0.44548,-0.51195,-0.02818,-0.22708,-0.19545,-0.20267,0.27419,0.12424,0.23252,0.06643,-0.28511,0.04582,-0.03028,0.02877,-0.32656,0.36258,-0.07487,-0.10068,-0.05349,0.10474,0.16434,0.15935,-0.01708,-0.00894,-0.00015,0.00108
51.04,-0.00845,-0.0028,-0.00736,-0.03419,-0.10088,-0.09677,0.16505,0.09239,-0.409,-0.0267,0.384,0,0.27748,0.1896,0.40711,-0.49609,-0.02681,-0.22033,-0.20361,-0.22333,0.29407,0.13771,0.27557,0.05643,-0.29529,0.02712,-0.02045,0.03427,-0.36889,0.41285,-0.08531,-0.10608,-0.05667,0.12379,0.17435,0.1475,-0.02468,-0.00599,0.00346,0.00278
51.06,-0.00606,-0.00255,-0.00771,-0.05927,-0.11655,-0.09158,0.16599,0.08713,-0.44065,-0.00487,0.384,0,0.24841,0.22118,0.35717,-0.4808,-0.02502,-0.20659,-0.21634,-0.24276,0.31133,0.1511,0.31664,0.0443,-0.30206,0.00539,-0.01195,0.04085,-0.40515,0.45574,-0.0922,-0.10859,-0.05827,0.14382,0.1845,0.13195,-0.03612,-0.00275,0.00613,0.00395
51.08,-0.00247,-0.00224,-0.00813,-0.08447,-0.13048,-0.08764,0.16585,0.08173,-0.47163,0.01684,0.384,0,0.21787,0.25563,0.29916,-0.46652,-0.02304,-0.18686,-0.23226,-0.26005,0.32577,0.16349,0.35407,0.03068,-0.30543,-0.01962,-0.00396,0.04887,-0.43223,0.48741,-0.09507,-0.10804,-0.05817,0.16422,0.19402,0.11249,-0.05102,0.00071,0.00785,0.00461
51.1,0.00212,-0.00175,-0.0085,-0.10881,-0.1422,-0.08437,0.16478,0.07633,-0.50113,0.03769,0.384,0,0.18818,0.29087,0.23757,-0.45284,-0.02119,-0.16304,-0.24891,-0.27398,0.33732,0.1738,0.38611,0.01646,-0.30566,-0.04798,0.00473,0.05861,-0.44689,0.50371,-0.09372,-0.10443,-0.05636,0.18401,0.20166,0.08886,-0.06841,0.00431,0.00881,0.00487
51.12,0.0074,-0.00094,-0.00874,-0.13129,-0.15128,-0.08105,0.16277,0.07108,-0.52814,0.05699,0.384,0,0.16167,0.32454,0.17726,-0.43882,-0.01985,-0.13749,-0.26334,-0.28325,0.34597,0.18096,0.41106,0.00266,-0.30309,-0.07958,0.01539,0.07023,-0.44623,0.50094,-0.0882,-0.09795,-0.05292,0.20197,0.206,0.06092,-0.08692,0.00798,0.00931,0.00488
51.14,0.01301,0.00029,-0.00877,-0.15112,-0.15735,-0.07693,0.15965,0.0662,-0.5517,0.07432,0.384,0,0.14016,0.35453,0.12236,-0.42345,-0.01929,-0.11238,-0.27286,-0.28682,0.35176,0.18411,0.42757,-0.00992,-0.298,-0.11412,0.02884,0.08369,-0.42862,0.47707,-0.07878,-0.08891,-0.04801,0.21695,0.20594,0.02887,-0.10514,0.0116,0.00966,0.00481
51.16,0.0186,0.00196,-0.00856,-0.16788,-0.16024,-0.07145,0.15523,0.06194,-0.57098,0.08953,0.384,0,0.12467,0.37919,0.07581,-0.406,-0.01962,-0.08933,-0.27565,-0.28413,0.35474,0.18287,0.43488,-0.02085,-0.29053,-0.15098,0.04511,0.09868,-0.39449,0.43282,-0.066,-0.07775,-0.04186,0.22799,0.20107,-0.00649,-0.12179,0.01508,0.01004,0.00478
51.18,0.02384,0.00404,-0.00809,-0.18143,-0.15994,-0.06422,0.14927,0.0587,-0.58514,0.10262,0.384,0,0.11544,0.39728,0.03952,-0.38624,-0.02076,-0.06942,-0.27079,-0.2752,0.35493,0.17731,0.43277,-0.03004,-0.28072,-0.18897,0.06317,0.11448,-0.34669,0.37213,-0.05078,-0.06513,-0.03484,0.23429,0.19171,-0.04343,-0.13566,0.0183,0.01057,0.00485
51.2,0.0283,0.00639,-0.00737,-0.19172,-0.15654,-0.0551,0.14153,0.05697,-0.59323,0.11362,0.384,0,0.11214,0.40765,0.01481,-0.36449,-0.02246,-0.05345,-0.25823,-0.26058,0.3523,0.16793,0.42141,-0.03762,-0.26855,-0.2261,0.08101,0.12995,-0.29036,0.30203,-0.03439,-0.05195,-0.02748,0.23512,0.1789,-0.07923,-0.1455,0.02108,0.01124,0.00501
51.22,0.03161,0.00882,-0.00643,-0.19871,-0.15015,-0.04415,0.13179,0.05723,-0.59422,0.12249,0.384,0,0.11404,0.40933,0.00254,-0.34136,-0.02435,-0.04189,-0.23846,-0.24109,0.34674,0.15546,0.4013,-0.04378,-0.25396,-0.25996,0.09611,0.14371,-0.23167,0.23093,-0.01831,-0.03922,-0.02035,0.22985,0.16403,-0.11072,-0.15012,0.02322,0.01198,0.00525
51.24,0.03348,0.01116,-0.00526,-0.20236,-0.1409,-0.03151,0.11975,0.05978,-0.58721,0.12917,0.384,0,0.12016,0.40156,0.003,-0.31726,-0.02606,-0.03475,-0.21232,-0.21765,0.33802,0.14062,0.37308,-0.04873,-0.23692,-0.28838,0.1063,0.15466,-0.17579,0.16605,-0.00377,-0.02774,-0.01393,0.21804,0.14829,-0.13538,-0.14866,0.02455,0.01269,0.00551
51.26,0.0338,0.01325,-0.00381,-0.20262,-0.12888,-0.01744,0.10516,0.06453,-0.57167,0.13351,0.384,0,0.12932,0.38398,0.01582,-0.29212,-0.02724,-0.03154,-0.18084,-0.19108,0.32586,0.124,0.3376,-0.05256,-0.21746,-0.30979,0.11029,0.16218,-0.12581,0.1119,0.0084,-0.01801,-0.00849,0.19964,0.1324,-0.15195,-0.14084,0.02498,0.01328,0.00575
51.28,0.03267,0.01496,-0.002,-0.19936,-0.11424,-0.00238,0.08782,0.07099,-0.54755,0.13524,0.384,0,0.1401,0.35673,0.03989,-0.2656,-0.0276,-0.0312,-0.14544,-0.16233,0.30997,0.10613,0.29619,-0.05517,-0.19585,-0.32317,0.10775,0.16618,-0.08274,0.07022,0.01777,-0.0102,-0.00417,0.17513,0.11662,-0.16049,-0.127,0.02445,0.01368,0.00595
51.3,0.03034,0.01619,0.00029,-0.19243,-0.0973,0.01297,0.06777,0.07828,-0.51531,0.13396,0.384,0,0.15084,0.32053,0.07335,-0.23722,-0.02684,-0.03232,-0.10809,-0.13263,0.29018,0.08765,0.25081,-0.05631,-0.17272,-0.32781,0.09919,0.16697,-0.04612,0.04072,0.02415,-0.00432,-0.00095,0.14554,0.10093,-0.16208,-0.10808,0.02299,0.01383,0.00606
51.32,0.02715,0.01684,0.00316,-0.18165,-0.07846,0.0278,0.04529,0.08531,-0.47578,0.12924,0.384,0,0.15985,0.27655,0.11378,-0.20656,-0.02477,-0.0333,-0.07102,-0.10338,0.26637,0.06933,0.20374,-0.05571,-0.14888,-0.3233,0.08573,0.16509,-0.01455,0.02173,0.02757,-0.00022,0.00123,0.11229,0.08511,-0.15837,-0.08544,0.02067,0.01369,0.00606
51.34,0.02349,0.01684,0.00667,-0.16697,-0.05823,0.0415,0.02089,0.09112,-0.42988,0.12082,0.384,0,0.16574,0.22617,0.1585,-0.1734,-0.02129,-0.03277,-0.0361,-0.07585,0.23851,0.05214,0.15702,-0.05323,-0.12509,-0.30958,0.06872,0.16111,0.01373,0.01093,0.0282,0.00228,0.00249,0.07684,0.06885,-0.15109,-0.06049,0.0176,0.01323,0.00593
51.36,0.01966,0.01621,0.01078,-0.14855,-0.0372,0.0538,-0.00459,0.09507,-0.37862,0.10877,0.384,0,0.16764,0.17104,0.20462,-0.13785,-0.01645,-0.02983,-0.00458,-0.05114,0.20666,0.03724,0.1122,-0.04909,-0.10191,-0.28706,0.04966,0.15552,0.04039,0.00589,0.02639,0.00344,0.00296,0.04055,0.05186,-0.14173,-0.03457,0.01394,0.01247,0.00568
51.38,0.016,0.01501,0.01537,-0.12694,-0.01621,0.06469,-0.02979,0.09686,-0.32344,0.09363,0.384,0,0.16523,0.11343,0.24868,-0.10073,-0.0105,-0.02413,0.02272,-0.03032,0.17128,0.02621,0.07062,-0.04389,-0.07988,-0.25682,0.03021,0.14873,0.06666,0.0042,0.02265,0.00348,0.0028,0.00494,0.03401,-0.13146,-0.00912,0.00991,0.0115,0.00533
51.4,0.01282,0.01338,0.02015,-0.10317,0.00353,0.07436,-0.05272,0.09647,-0.26649,0.07643,0.29764,0,0.15865,0.05656,0.2865,-0.06368,-0.00391,-0.01581,0.04519,-0.01455,0.13332,0.02097,0.03372,-0.03859,-0.05961,-0.22061,0.01232,0.14111,0.09316,0.00362,0.01764,0.00266,0.00216,-0.0281,0.01548,-0.12123,0.01421,0.00584,0.01041,0.00492
51.42,0.01042,0.0115,0.02477,-0.07854,0.02068,0.08306,-0.07107,0.09408,-0.21022,0.05846,0.19018,0,0.14837,0.004,0.31384,-0.02886,0.00274,-0.00539,0.06237,-0.00496,0.09411,0.02349,0.00279,-0.03428,-0.0418,-0.18057,-0.00211,0.13287,0.11976,0.00222,0.01206,0.00119,0.0012,-0.05667,-0.00323,-0.11161,0.03371,0.00209,0.00934,0.00451
51.44,0.00903,0.00954,0.02893,-0.05434,0.03425,0.0911,-0.08289,0.08997,-0.15663,0.04103,0.0993,0,0.13498,-0.04133,0.32768,0.00167,0.00896,0.00647,0.07418,-0.00217,0.05479,0.03504,-0.02158,-0.03182,-0.02688,-0.13862,-0.01176,0.12398,0.14557,-0.00141,0.00659,-0.00066,8e-05,-0.07938,-0.02128,-0.10255,0.04806,-0.00103,0.0084,0.00413
51.46,0.0088,0.00769,0.03238,-0.0317,0.04383,0.09879,-0.08692,0.08448,-0.10684,0.02521,0.02328,0,0.11909,-0.0778,0.327,0.02633,0.01438,0.0191,0.0809,-0.00605,0.01623,0.05574,-0.0398,-0.03157,-0.01497,-0.09626,-0.01621,0.11406,0.16893,-0.00795,0.00177,-0.00261,-0.00103,-0.09577,-0.03749,-0.09323,0.05658,-0.00329,0.00763,0.0038
51.48,0.00974,0.0061,0.03496,-0.01173,0.04958,0.10633,-0.08268,0.07806,-0.06141,0.01197,-0.04005,0,0.10143,-0.10487,0.31301,0.0439,0.0188,0.03175,0.08324,-0.0156,-0.02076,0.08426,-0.0532,-0.03339,-0.00593,-0.05479,-0.01599,0.10242,0.18711,-0.01733,-0.00194,-0.00434,-0.00197,-0.10624,-0.05019,-0.08215,0.05915,-0.00456,0.00701,0.0035
51.5,0.0118,0.00497,0.03657,0.00434,0.05212,0.11382,-0.07035,0.07125,-0.02074,0.00228,-0.09266,0,0.08293,-0.12274,0.28884,0.05332,0.02208,0.0435,0.08215,-0.02908,-0.05518,0.11786,-0.06381,-0.03664,0.00057,-0.01562,-0.01247,0.08826,0.19637,-0.02875,-0.00416,-0.00545,-0.00253,-0.11184,-0.05719,-0.06727,0.05616,-0.00477,0.0065,0.0032
51.52,0.01485,0.00445,0.03713,0.01526,0.05233,0.12128,-0.05052,0.0646,0.01492,-0.00302,-0.13622,0,0.06467,-0.13207,0.2588,0.05365,0.02414,0.05338,0.07869,-0.04437,-0.08592,0.15303,-0.07392,-0.04047,0.00488,0.01992,-0.00743,0.07078,0.19273,-0.04095,-0.00458,-0.00556,-0.00253,-0.11398,-0.05627,-0.04664,0.04827,-0.0039,0.00603,0.00289
51.54,0.01876,0.00465,0.0366,0.01999,0.05121,0.12874,-0.02396,0.05853,0.04563,-0.00341,-0.17237,0,0.04765,-0.13387,0.22727,0.04431,0.02492,0.06061,0.07394,-0.05957,-0.11215,0.18645,-0.08567,-0.0441,0.00736,0.05096,-0.00264,0.04949,0.17318,-0.05273,-0.00302,-0.00436,-0.00182,-0.11415,-0.04589,-0.01914,0.03622,-0.00201,0.00558,0.00254
51.56,0.02339,0.00561,0.03501,0.01797,0.04975,0.13631,0.0085,0.05325,0.07181,0.00109,-0.2028,0,0.03281,-0.12938,0.19809,0.02517,0.02439,0.06465,0.06885,-0.07333,-0.13345,0.21553,-0.10067,-0.04703,0.00835,0.07737,0.00045,0.02443,0.13668,-0.06322,0.00048,-0.0017,-0.00034,-0.11376,-0.02583,0.01487,0.02072,0.00078,0.00521,0.0022
51.58,0.02854,0.00725,0.03248,0.00906,0.0489,0.14412,0.04572,0.04874,0.09408,0.00992,-0.22904,0,0.02102,-0.12009,0.17462,-0.00325,0.02251,0.06529,0.06429,-0.08482,-0.1497,0.23832,-0.11979,-0.04908,0.00809,0.09952,0.00082,-0.00359,0.0846,-0.07183,0.00565,0.00239,0.00188,-0.11405,0.00256,0.05311,0.00257,0.00426,0.00507,0.00194
51.6,0.03399,0.00941,0.02916,-0.00642,0.04958,0.15225,0.08609,0.04488,0.113,0.022,-0.25217,0,0.01328,-0.10765,0.15988,-0.03973,0.01927,0.06249,0.06109,-0.09359,-0.16089,0.25327,-0.14318,-0.05033,0.00678,0.11805,-0.00223,-0.03286,0.02077,-0.07821,0.012,0.00774,0.00474,-0.11611,0.03645,0.09147,-0.01727,0.00809,0.00536,0.0019
51.62,0.03943,0.01185,0.0253,-0.02778,0.05267,0.16073,0.12767,0.04143,0.12897,0.03596,-0.27287,0,0.01057,-0.09375,0.15639,-0.08259,0.01469,0.05644,0.05993,-0.09935,-0.16706,0.25926,-0.17042,-0.05099,0.00462,0.13358,-0.00908,-0.06102,-0.0493,-0.08223,0.0189,0.01402,0.00806,-0.12089,0.07224,0.12506,-0.03771,0.01191,0.00633,0.00219
51.64,0.04456,0.01432,0.02111,-0.0541,0.05897,0.16947,0.16853,0.03819,0.14227,0.05056,-0.29147,0,0.01365,-0.07982,0.16557,-0.13001,0.00886,0.04745,0.06125,-0.10184,-0.16838,0.2557,-0.20102,-0.05132,0.00193,0.14646,-0.01987,-0.08554,-0.1195,-0.08404,0.02569,0.02093,0.01166,-0.12917,0.10663,0.14991,-0.05769,0.01542,0.00814,0.00293
51.66,0.04909,0.01656,0.01684,-0.08412,0.06914,0.17825,0.20684,0.03499,0.15302,0.06487,-0.30806,0,0.0229,-0.06687,0.18737,-0.18014,0.00196,0.03602,0.06515,-0.10066,-0.16521,0.24274,-0.23447,-0.05147,-0.00079,0.15657,-0.03447,-0.10394,-0.18378,-0.08413,0.0318,0.0282,0.0154,-0.14156,0.13731,0.16413,-0.07617,0.01842,0.0108,0.00412
51.68,0.05267,0.01828,0.01273,-0.11607,0.08359,0.18662,0.24061,0.03179,0.16108,0.07821,-0.32236,0,0.03821,-0.05561,0.22002,-0.23074,-0.00562,0.02289,0.07133,-0.09522,-0.15812,0.22134,-0.27013,-0.0515,-0.00276,0.16318,-0.05235,-0.11371,-0.23569,-0.08332,0.03666,0.03556,0.01914,-0.15837,0.16287,0.168,-0.09201,0.02079,0.01413,0.00569
51.7,0.05492,0.01919,0.00909,-0.14755,0.10247,0.19389,0.26748,0.02862,0.16601,0.09008,-0.33359,0,0.05896,-0.04649,0.26012,-0.27888,-0.01332,0.0091,0.07916,-0.08483,-0.14782,0.19328,-0.30696,-0.05137,-0.003,0.16495,-0.07256,-0.11225,-0.2683,-0.08275,0.03973,0.04269,0.02271,-0.17955,0.18249,0.16363,-0.10384,0.0225,0.01778,0.00749
51.72,0.05545,0.01899,0.00624,-0.17584,0.12566,0.1992,0.28513,0.02564,0.16707,0.10004,-0.34076,0,0.08407,-0.03978,0.30323,-0.32119,-0.02048,-0.00408,0.08779,-0.06892,-0.13511,0.16078,-0.34362,-0.05097,-0.00042,0.16028,-0.09383,-0.09732,-0.27541,-0.08391,0.04053,0.04935,0.02601,-0.2047,0.19574,0.15408,-0.11032,0.02356,0.02134,0.0093
51.74,0.05399,0.01746,0.00442,-0.19857,0.15273,0.20173,0.29205,0.02302,0.16345,0.10781,-0.34302,0,0.11209,-0.03554,0.34494,-0.35452,-0.02651,-0.01537,0.09645,-0.04739,-0.12059,0.12605,-0.37871,-0.05017,0.00593,0.14787,-0.11482,-0.06782,-0.25387,-0.08867,0.03879,0.0555,0.02901,-0.2331,0.20244,0.14223,-0.11041,0.02401,0.0244,0.01093
51.76,0.05045,0.01452,0.00379,-0.21409,0.18295,0.20081,0.28811,0.02096,0.15439,0.11325,-0.33994,0,0.14116,-0.03356,0.38138,-0.37624,-0.03102,-0.02357,0.10459,-0.02094,-0.10467,0.091,-0.41089,-0.04885,0.01671,0.12715,-0.13421,-0.02445,-0.2053,-0.09929,0.03464,0.06143,0.03187,-0.26366,0.20261,0.12998,-0.10375,0.02388,0.02673,0.01226
51.78,0.04498,0.01025,0.00435,-0.22146,0.21496,0.19599,0.27466,0.01965,0.13923,0.1163,-0.33164,0,0.16878,-0.03342,0.40909,-0.38417,-0.03376,-0.02748,0.11186,0.00867,-0.08757,0.05751,-0.43858,-0.04694,0.03216,0.09855,-0.15056,0.02983,-0.13676,-0.11834,0.02854,0.06769,0.03489,-0.29462,0.19638,0.11822,-0.09069,0.02324,0.02822,0.01322
51.8,0.03797,0.00489,0.00602,-0.22022,0.24674,0.187,0.25436,0.01932,0.11751,0.11691,-0.31867,0,0.19175,-0.03453,0.42481,-0.37637,-0.0346,-0.02593,0.11801,0.03854,-0.06953,0.02759,-0.45985,-0.0444,0.05202,0.06355,-0.16227,0.0898,-0.06041,-0.14851,0.02137,0.07503,0.03846,-0.32354,0.18398,0.10697,-0.07225,0.02217,0.02888,0.01379
51.82,0.02992,-0.0012,0.00866,-0.21034,0.27597,0.17385,0.23047,0.02013,0.08904,0.11495,-0.30189,0,0.20666,-0.03633,0.42583,-0.35141,-0.03351,-0.01792,0.12293,0.0653,-0.05081,0.00306,-0.47263,-0.04119,0.07559,0.02433,-0.16792,0.14907,0.00902,-0.19216,0.01425,0.08405,0.0429,-0.34775,0.16572,0.09586,-0.04979,0.0207,0.02877,0.01397
51.84,0.0213,-0.00767,0.01208,-0.19209,0.30075,0.15693,0.20591,0.02207,0.05405,0.11014,-0.28211,0,0.21082,-0.03844,0.41074,-0.30876,-0.03052,-0.00305,0.12665,0.08596,-0.03169,-0.01509,-0.47533,-0.03728,0.1017,-0.01669,-0.16695,0.20183,0.05806,-0.25062,0.00828,0.09481,0.04828,-0.36537,0.14198,0.08468,-0.02455,0.01881,0.02799,0.01379
51.86,0.01247,-0.01416,0.01608,-0.16618,0.3201,0.13714,0.18261,0.02484,0.01335,0.10199,-0.26008,0,0.20288,-0.04088,0.38002,-0.24939,-0.02575,0.0182,0.12934,0.0986,-0.01251,-0.02703,-0.46725,-0.03258,0.12868,-0.05708,-0.16008,0.24387,0.07698,-0.32343,0.00445,0.10648,0.05418,-0.37582,0.11333,0.07378,0.0026,0.0164,0.02661,0.01329
51.88,0.00372,-0.02034,0.0204,-0.13384,0.33383,0.11608,0.16157,0.02783,-0.03129,0.08984,-0.23652,0,0.18301,-0.04403,0.33637,-0.17623,-0.01939,0.04426,0.13129,0.10234,0.00613,-0.03415,-0.44869,-0.027,0.15415,-0.09414,-0.14952,0.27252,0.0602,-0.40769,0.00364,0.11721,0.05969,-0.37991,0.08073,0.06429,0.03106,0.01332,0.0247,0.01249
51.9,-0.00467,-0.02581,0.02473,-0.09697,0.34237,0.09605,0.14308,0.03018,-0.07703,0.07297,-0.2123,0,0.1528,-0.0486,0.28464,-0.09427,-0.01179,0.07247,0.13293,0.09719,0.02331,-0.03874,-0.42089,-0.02052,0.17494,-0.12473,-0.13874,0.28622,0.0059,-0.49785,0.0066,0.12417,0.06341,-0.37955,0.04565,0.05806,0.06021,0.00933,0.0223,0.01144
51.92,-0.01243,-0.03018,0.02874,-0.05769,0.34653,0.07949,0.12688,0.03099,-0.12066,0.05067,-0.18831,0,0.1147,-0.0555,0.23073,-0.00928,-0.00335,0.09982,0.13476,0.08377,0.03802,-0.04347,-0.38548,-0.01313,0.18779,-0.14587,-0.13178,0.28441,-0.08432,-0.58662,0.01388,0.12429,0.06377,-0.37709,0.00974,0.05704,0.08937,0.00417,0.01949,0.01022
51.94,-0.01941,-0.03322,0.03217,-0.01761,0.34723,0.06809,0.11231,0.02976,-0.15976,0.02249,-0.16515,0,0.07127,-0.0657,0.18002,0.07415,0.00557,0.124,0.13738,0.0631,0.04955,-0.05065,-0.34384,-0.00491,0.19039,-0.15573,-0.13215,0.26765,-0.20581,-0.66674,0.02567,0.11528,0.05963,-0.37435,-0.02582,0.06236,0.11786,-0.00253,0.01631,0.00886
51.96,-0.02561,-0.03487,0.03487,0.02244,0.34545,0.0622,0.0984,0.02662,-0.19338,-0.01159,-0.14305,0,0.02481,-0.08003,0.13637,0.15376,0.01465,0.14408,0.14149,0.03646,0.05776,-0.06167,-0.29672,0.00397,0.18216,-0.15437,-0.14204,0.23772,-0.35052,-0.73191,0.04162,0.09639,0.05062,-0.37206,-0.06058,0.07369,0.14483,-0.01117,0.01282,0.00743
51.98,-0.03112,-0.03531,0.03681,0.06225,0.34211,0.06074,0.08404,0.02244,-0.22194,-0.05082,-0.12197,0,-0.02237,-0.09906,0.10224,0.2293,0.0236,0.16054,0.14786,0.0056,0.0631,-0.07679,-0.24453,0.01317,0.16447,-0.14389,-0.16213,0.19788,-0.50592,-0.7765,0.06068,0.0688,0.03728,-0.36966,-0.09464,0.08899,0.16911,-0.02217,0.00911,0.00601
52,-0.03606,-0.03486,0.03802,0.10187,0.33812,0.06143,0.06809,0.01876,-0.24683,-0.09363,-0.10179,0,-0.06773,-0.12303,0.07908,0.3018,0.03203,0.17492,0.1572,-0.02722,0.06643,-0.09519,-0.18764,0.02208,0.14041,-0.12813,-0.1916,0.15281,-0.65484,-0.79514,0.08111,0.03542,0.02107,-0.36549,-0.12836,0.10466,0.18897,-0.03588,0.00531,0.00467
52.02,-0.04059,-0.03395,0.03859,0.14139,0.33433,0.06141,0.04947,0.01738,-0.26975,-0.13811,-0.08223,0,-0.10884,-0.15188,0.06726,0.37297,0.03947,0.18917,0.16983,-0.05959,0.06889,-0.11541,-0.12618,0.02976,0.11388,-0.11146,-0.22862,0.10769,-0.7785,-0.78336,0.10078,0.00014,0.0039,-0.35723,-0.16199,0.1166,0.20228,-0.05255,0.00158,0.00352
52.04,-0.04489,-0.03294,0.03864,0.18085,0.33148,0.05817,0.02724,0.01981,-0.29209,-0.1829,-0.06265,0,-0.14409,-0.18536,0.06583,0.44488,0.04527,0.20485,0.18517,-0.08961,0.07168,-0.1359,-0.05967,0.03482,0.0882,-0.09723,-0.27097,0.0668,-0.86174,-0.73901,0.11768,-0.03342,-0.01245,-0.34254,-0.1955,0.12167,0.2068,-0.07232,-0.00195,0.00262
52.06,-0.04914,-0.03211,0.03828,0.22001,0.33019,0.05013,0.00072,0.02687,-0.3143,-0.22766,-0.04201,0,-0.17314,-0.22297,0.07227,0.51948,0.04864,0.22248,0.20133,-0.11626,0.07585,-0.15547,0.01305,0.0354,0.06525,-0.08662,-0.3163,0.03265,-0.89637,-0.66336,0.13023,-0.06264,-0.02671,-0.31962,-0.22822,0.11867,0.20036,-0.09517,-0.00523,0.002
52.08,-0.0535,-0.03161,0.03764,0.25802,0.33093,0.03686,-0.03029,0.03851,-0.33563,-0.27287,-0.01898,0,-0.19675,-0.26369,0.08243,0.59785,0.04856,0.24127,0.21487,-0.13928,0.0823,-0.17317,0.09334,0.02907,0.04548,-0.07848,-0.36191,0.00605,-0.88164,-0.56192,0.13729,-0.0859,-0.03812,-0.28746,-0.25855,0.10867,0.18099,-0.12069,-0.00824,0.00165
52.1,-0.05806,-0.03147,0.03683,0.29324,0.33406,0.01904,-0.06536,0.05392,-0.35413,-0.3194,0.00787,0,-0.21645,-0.30579,0.09073,0.67983,0.04384,0.25917,0.22105,-0.15894,0.09173,-0.18815,0.18221,0.01288,0.02816,-0.06977,-0.40451,-0.01348,-0.82313,-0.4443,0.13802,-0.10223,-0.04623,-0.24589,-0.2839,0.0947,0.14687,-0.14796,-0.01097,0.00153
52.12,-0.06285,-0.03165,0.03597,0.32357,0.33969,-0.00189,-0.10353,0.07168,-0.36715,-0.36818,0.03981,0,-0.23419,-0.34714,0.0912,0.76435,0.03322,0.27349,0.21498,-0.17601,0.10467,-0.19953,0.28045,-0.01651,0.01187,-0.05671,-0.44068,-0.02721,-0.73041,-0.32204,0.13193,-0.11125,-0.0509,-0.1953,-0.30126,0.08069,0.09629,-0.17553,-0.01339,0.00159
52.14,-0.06783,-0.03207,0.03512,0.34717,0.34759,-0.0242,-0.14354,0.09026,-0.37238,-0.42,0.07781,0,-0.25196,-0.38577,0.07886,0.85035,0.0157,0.28194,0.19356,-0.19182,0.12152,-0.20635,0.38902,-0.06261,-0.005,-0.03661,-0.46778,-0.03673,-0.61391,-0.20521,0.11908,-0.11309,-0.05221,-0.1361,-0.30835,0.07007,0.02756,-0.20152,-0.01542,0.00178
52.16,-0.07285,-0.03262,0.03429,0.36294,0.35698,-0.0462,-0.18387,0.10814,-0.36846,-0.47513,0.12216,0,-0.27152,-0.42024,0.05084,0.9371,-0.00923,0.28332,0.15682,-0.20829,0.14257,-0.20753,0.50898,-0.12873,-0.0238,-0.00906,-0.48447,-0.04354,-0.48326,-0.10043,0.10023,-0.10844,-0.05051,-0.0686,-0.30438,0.06471,-0.06069,-0.22364,-0.01686,0.00209
52.18,-0.07766,-0.03316,0.03346,0.37046,0.36649,-0.06608,-0.22245,0.12375,-0.35516,-0.53287,0.17216,0,-0.29414,-0.44938,0.00678,1.02362,-0.04133,0.27766,0.10858,-0.22782,0.16777,-0.20182,0.64058,-0.21749,-0.04537,0.02352,-0.4907,-0.04893,-0.34783,-0.01115,0.07698,-0.0985,-0.04635,0.00656,-0.2902,0.06475,-0.1689,-0.23892,-0.01744,0.00252
52.2,-0.08184,-0.03356,0.03256,0.36979,0.37418,-0.08185,-0.25651,0.13542,-0.33327,-0.59124,0.2259,0,-0.32049,-0.47206,-0.05124,1.10813,-0.07951,0.26605,0.05613,-0.25308,0.19671,-0.18783,0.78262,-0.33014,-0.06991,0.05605,-0.48743,-0.05387,-0.21737,0.06126,0.05182,-0.08498,-0.04049,0.088,-0.26815,0.06884,-0.29606,-0.24383,-0.01678,0.00311
52.22,-0.08493,-0.03367,0.03151,0.36137,0.37793,-0.09161,-0.2831,0.14157,-0.30429,-0.64753,0.2807,0,-0.35071,-0.48726,-0.11958,1.18832,-0.1219,0.25022,0.00841,-0.28675,0.22874,-0.16431,0.93309,-0.46553,-0.09683,0.08212,-0.47619,-0.05902,-0.10102,0.11689,0.02754,-0.06975,-0.03376,0.17385,-0.24133,0.07472,-0.43995,-0.23489,-0.01447,0.00391
52.24,-0.08656,-0.03337,0.03029,0.34589,0.37608,-0.09416,-0.30017,0.14116,-0.26991,-0.69932,0.33405,0,-0.38453,-0.49429,-0.19448,1.26215,-0.16613,0.23188,-0.02684,-0.33123,0.26342,-0.13049,1.09072,-0.61891,-0.12463,0.09602,-0.45861,-0.06468,-0.0052,0.15685,0.00641,-0.05439,-0.02686,0.2624,-0.21268,0.0801,-0.59794,-0.2099,-0.01025,0.00494
52.26,-0.08659,-0.03262,0.02893,0.32432,0.36791,-0.08932,-0.30723,0.13404,-0.23184,-0.74501,0.38395,0,-0.42127,-0.49308,-0.27265,1.32826,-0.20928,0.2124,-0.04492,-0.38821,0.30054,-0.08659,1.25545,-0.78048,-0.15073,0.09414,-0.43607,-0.07077,0.06756,0.18295,-0.01037,-0.03999,-0.02028,0.35229,-0.18438,0.08317,-0.76686,-0.16887,-0.00408,0.00624
52.28,-0.08509,-0.03144,0.02758,0.29807,0.35378,-0.07807,-0.30538,0.12103,-0.19204,-0.7836,0.384,0,-0.45955,-0.48412,-0.35093,1.38545,-0.24759,0.19284,-0.04444,-0.45821,0.33997,-0.03413,1.42737,-0.93383,-0.17122,0.0753,-0.40987,-0.0768,0.11831,0.19728,-0.02261,-0.02714,-0.01431,0.44185,-0.1579,0.08278,-0.94179,-0.11455,0.00379,0.00779
52.3,-0.08234,-0.0299,0.02647,0.26901,0.33502,-0.06243,-0.29714,0.10383,-0.15285,-0.81432,0.384,0,-0.49716,-0.46842,-0.42574,1.43227,-0.27635,0.1741,-0.02688,-0.54026,0.38132,0.02388,1.6055,-1.05592,-0.1809,0.04048,-0.3813,-0.08185,0.15072,0.202,-0.03097,-0.01608,-0.00909,0.52857,-0.13428,0.07833,-1.11521,-0.05225,0.01277,0.00955
52.32,-0.07872,-0.02815,0.02586,0.23916,0.31353,-0.04491,-0.28563,0.08463,-0.11672,-0.83655,0.384,0,-0.53142,-0.44732,-0.49346,1.46721,-0.29074,0.15692,0.00439,-0.63223,0.42391,0.0837,1.78773,-1.12156,-0.17427,-0.00784,-0.35154,-0.08484,0.16975,0.19911,-0.03652,-0.00683,-0.00466,0.6096,-0.11423,0.06964,-1.27842,0.01137,0.02212,0.01144
52.34,-0.0746,-0.02633,0.02598,0.2101,0.29101,-0.02767,-0.27375,0.06542,-0.08541,-0.85006,0.384,0,-0.55998,-0.42215,-0.55127,1.4893,-0.28737,0.14175,0.0454,-0.73151,0.46682,0.14203,1.97152,-1.11082,-0.14705,-0.0667,-0.3214,-0.08494,0.18024,0.19038,-0.04044,0.00075,-0.00098,0.68294,-0.09806,0.05684,-1.42447,0.07043,0.03117,0.01337
52.36,-0.07027,-0.02458,0.02695,0.18271,0.26862,-0.01209,-0.26347,0.04766,-0.05971,-0.85505,0.384,0,-0.58119,-0.39419,-0.59756,1.49858,-0.26539,0.12874,0.09227,-0.8351,0.50881,0.19665,2.15379,-1.01431,-0.09744,-0.13302,-0.29126,-0.08182,0.18594,0.1773,-0.04363,0.00691,0.00203,0.748,-0.08579,0.04026,-1.54972,0.12104,0.03941,0.01526
52.38,-0.06596,-0.02305,0.02878,0.15725,0.247,0.00129,-0.2558,0.03232,-0.03945,-0.85215,0.384,0,-0.59409,-0.36482,-0.63167,1.49606,-0.22679,0.11784,0.14105,-0.93889,0.54799,0.24616,2.32946,-0.83502,-0.02673,-0.2033,-0.26126,-0.07576,0.18916,0.16121,-0.0467,0.01194,0.00448,0.80525,-0.07722,0.02059,-1.65322,0.16119,0.04649,0.01697
52.4,-0.06185,-0.0219,0.03135,0.13367,0.22651,0.01252,-0.25096,0.02,-0.02389,-0.84233,0.384,0,-0.59822,-0.33567,-0.65348,1.48352,-0.17626,0.10892,0.18754,-1.03716,0.5816,0.28958,2.49056,-0.58762,0.06073,-0.27323,-0.23158,-0.06759,0.19084,0.14332,-0.04991,0.01608,0.00647,0.85565,-0.07204,-0.0011,-1.73551,0.19024,0.05214,0.01837
52.42,-0.05809,-0.02127,0.03449,0.11177,0.20731,0.02204,-0.24863,0.01106,-0.01195,-0.8268,0.384,0,-0.59367,-0.30843,-0.6634,1.46321,-0.11979,0.10188,0.22789,-1.12368,0.60657,0.32653,2.62807,-0.29431,0.15866,-0.33812,-0.20244,-0.05842,0.19096,0.12474,-0.05325,0.01953,0.00808,0.90034,-0.06987,-0.02342,-1.79805,0.20843,0.05616,0.01928
52.44,-0.05477,-0.02125,0.03796,0.09135,0.18951,0.03033,-0.24829,0.00562,-0.00264,-0.80695,0.384,0,-0.58131,-0.28441,-0.66264,1.43745,-0.06283,0.09672,0.2597,-1.19383,0.62048,0.35776,2.73539,0.02123,0.26064,-0.3939,-0.17415,-0.04928,0.18926,0.10631,-0.05659,0.0224,0.00938,0.94063,-0.07017,-0.04494,-1.84298,0.21657,0.05841,0.01955
52.46,-0.05191,-0.02181,0.04157,0.07237,0.17316,0.03768,-0.24945,0.00362,0.00482,-0.7844,0.37603,0,-0.56304,-0.26435,-0.65344,1.40854,-0.00907,0.0936,0.28265,-1.24578,0.62223,0.38537,2.81059,0.33694,0.36096,-0.43756,-0.14713,-0.04089,0.1856,0.08867,-0.05973,0.02478,0.0104,0.97785,-0.07223,-0.06426,-1.87295,0.21578,0.05889,0.01904
52.48,-0.04949,-0.02285,0.04507,0.05512,0.1585,0.04412,-0.2517,0.00481,0.01075,-0.76114,0.31701,0,-0.54195,-0.2485,-0.63911,1.37889,0.03938,0.09289,0.29851,-1.28044,0.61214,0.41275,2.85623,0.63074,0.45416,-0.46694,-0.12212,-0.03366,0.1802,0.07233,-0.06242,0.02663,0.01113,1.01304,-0.07509,-0.07989,-1.89072,0.20737,0.05764,0.01766
52.5,-0.04748,-0.02413,0.04818,0.04032,0.14602,0.04935,-0.25473,0.0088,0.0151,-0.73964,0.25409,0,-0.52226,-0.23684,-0.62399,1.35113,0.0815,0.09514,0.31062,-1.30066,0.59176,0.44417,2.87824,0.879,0.53434,-0.48036,-0.10037,-0.02779,0.17356,0.05785,-0.06433,0.02783,0.01155,1.04667,-0.0776,-0.09014,-1.89891,0.19281,0.05481,0.01536
52.52,-0.04582,-0.0254,0.05063,0.02895,0.13632,0.05291,-0.25824,0.01514,0.01758,-0.72244,0.19163,0,-0.50872,-0.22917,-0.61277,1.32784,0.11699,0.10081,0.32272,-1.31025,0.56343,0.48446,2.88415,1.0595,0.59589,-0.47671,-0.08332,-0.02342,0.16625,0.04571,-0.0651,0.02822,0.01159,1.07895,-0.07844,-0.09327,-1.89986,0.17356,0.05059,0.01215
52.54,-0.04445,-0.02644,0.0522,0.02183,0.12984,0.05442,-0.26195,0.02334,0.01797,-0.71153,0.13329,0,-0.50551,-0.22516,-0.60957,1.31092,0.14597,0.10991,0.33747,-1.31278,0.52966,0.53849,2.88105,1.15761,0.6349,-0.45585,-0.07208,-0.02073,0.15858,0.03617,-0.06448,0.02768,0.01122,1.11039,-0.07618,-0.08788,-1.89572,0.15089,0.0452,0.00807
52.56,-0.04331,-0.02713,0.05281,0.01935,0.12669,0.05375,-0.26551,0.03287,0.01641,-0.70793,0.08133,0,-0.51561,-0.22437,-0.61734,1.3012,0.16878,0.12169,0.35528,-1.31081,0.49283,0.61072,2.87416,1.17034,0.65013,-0.41901,-0.06709,-0.02009,0.15047,0.02916,-0.06234,0.02624,0.01046,1.14203,-0.06938,-0.07316,-1.88845,0.12581,0.03891,0.00328
52.58,-0.04231,-0.02744,0.05252,0.02148,0.12663,0.05107,-0.26852,0.0431,0.01339,-0.71163,0.03688,0,-0.54052,-0.22631,-0.63763,1.29849,0.1857,0.13443,0.37392,-1.30567,0.45535,0.70457,2.86654,1.10703,0.64305,-0.36908,-0.0681,-0.02207,0.14138,0.02427,-0.05878,0.02405,0.00941,1.17535,-0.05661,-0.04909,-1.87995,0.09927,0.03208,-0.00196
52.6,-0.04139,-0.02744,0.05147,0.02781,0.12915,0.04681,-0.2705,0.05326,0.00971,-0.7217,0.00037,0,-0.58033,-0.23041,-0.67066,1.30166,0.19678,0.14553,0.38876,-1.29746,0.41993,0.82196,2.85917,0.98752,0.61729,-0.31065,-0.07428,-0.02739,0.13053,0.02093,-0.05405,0.02142,0.00821,1.21188,-0.03642,-0.01632,-1.872,0.07233,0.0252,-0.00719
52.62,-0.0405,-0.02725,0.04989,0.03769,0.13367,0.04158,-0.27107,0.06254,0.0063,-0.73665,-0.02828,0,-0.63398,-0.23605,-0.71557,1.30893,0.202,0.15187,0.39413,-1.28524,0.38923,0.9636,2.85093,0.83676,0.57726,-0.24902,-0.08455,-0.03671,0.11724,0.0185,-0.04851,0.01868,0.00702,1.25284,-0.00705,0.02435,-1.86617,0.04629,0.019,-0.01173
52.64,-0.03964,-0.027,0.04797,0.05044,0.13976,0.03608,-0.27029,0.07025,0.00379,-0.75475,-0.04964,0,-0.69963,-0.24256,-0.7708,1.31798,0.20156,0.15043,0.38542,-1.26714,0.36531,1.12948,2.83869,0.67736,0.52638,-0.18876,-0.09797,-0.05029,0.10142,0.01654,-0.04249,0.01615,0.00599,1.29879,0.03402,0.07282,-1.86351,0.02271,0.01446,-0.01463
52.66,-0.03884,-0.02683,0.0459,0.06535,0.14725,0.03099,-0.26878,0.07595,0.00236,-0.7743,-0.06479,0,-0.7746,-0.24915,-0.83408,1.32613,0.19623,0.13879,0.36056,-1.24059,0.34929,1.31868,2.81732,0.52508,0.46601,-0.13286,-0.11394,-0.06768,0.08403,0.0149,-0.03625,0.01395,0.00518,1.34913,0.09021,0.13006,-1.8644,0.00352,0.01288,-0.01458
52.68,-0.03819,-0.02685,0.04382,0.08164,0.1563,0.02704,-0.26785,0.07945,0.00168,-0.79348,-0.0751,0,-0.85491,-0.2549,-0.90203,1.33025,0.18732,0.11527,0.32056,-1.2025,0.34142,1.52796,2.7799,0.38872,0.39559,-0.08299,-0.13221,-0.08754,0.06727,0.0138,-0.02997,0.01211,0.00457,1.40163,0.16548,0.19784,-1.86851,-0.00882,0.01592,-0.00994
52.7,-0.03784,-0.02716,0.04185,0.09837,0.16722,0.025,-0.26943,0.08069,0.00091,-0.81033,-0.08214,0,-0.93487,-0.2587,-0.96986,1.32683,0.17672,0.07895,0.26927,-1.14957,0.34126,1.75068,2.71805,0.27181,0.3133,-0.03999,-0.15267,-0.10766,0.05449,0.01379,-0.02386,0.01054,0.00412,1.45228,0.26377,0.27813,-1.87484,-0.01119,0.0256,0.00132
52.72,-0.03797,-0.02783,0.04013,0.11449,0.1805,0.02561,-0.27577,0.0797,-0.00099,-0.82288,-0.08738,0,-1.00778,-0.25941,-1.03204,1.31241,0.16664,0.02961,0.21214,-1.07867,0.348,1.97775,2.62312,0.17401,0.21685,-0.0041,-0.17547,-0.12542,0.04945,0.0157,-0.01812,0.00908,0.00373,1.49584,0.38805,0.37251,-1.88184,5e-05,0.04427,0.02147
52.74,-0.03872,-0.02893,0.03875,0.12907,0.19672,0.02943,-0.28914,0.07659,-0.00507,-0.82965,-0.09212,0,-1.06734,-0.25615,-1.08359,1.28419,0.15923,-0.03241,0.15428,-0.98731,0.36071,2.19989,2.4878,0.09247,0.10439,0.02492,-0.20105,-0.13861,0.05498,0.02042,-0.01294,0.00761,0.00331,1.52701,0.53913,0.48141,-1.88763,0.02862,0.0744,0.053
52.76,-0.04023,-0.03046,0.03783,0.14135,0.21645,0.0367,-0.31144,0.07147,-0.01216,-0.82988,-0.09725,0,-1.10836,-0.24841,-1.12079,1.24068,0.15639,-0.10604,0.09934,-0.87441,0.37845,2.40847,2.30777,0.02295,-0.02441,0.04772,-0.23011,-0.14594,0.07214,0.02882,-0.00852,0.00605,0.00281,1.54112,0.7143,0.60323,-1.89006,0.07797,0.11843,0.09835
52.78,-0.04252,-0.03238,0.0375,0.15067,0.24011,0.0473,-0.34401,0.06454,-0.02273,-0.8236,-0.10328,0,-1.12661,-0.23622,-1.14105,1.18212,0.15972,-0.18896,0.04967,-0.74118,0.40023,2.59403,2.08334,-0.03929,-0.16718,0.0651,-0.26342,-0.14708,0.09983,0.04163,-0.00513,0.00443,0.00221,1.53412,0.90572,0.73324,-1.88676,0.15089,0.17842,0.15957
52.8,-0.04558,-0.0346,0.03787,0.15642,0.26778,0.0607,-0.38746,0.05605,-0.03694,-0.81152,-0.11023,0,-1.11852,-0.22008,-1.14256,1.11053,0.1705,-0.27719,0.00679,-0.59172,0.42487,2.7451,1.82024,-0.09885,-0.3183,0.07781,-0.30155,-0.14251,0.13498,0.05938,-0.00307,0.00286,0.00155,1.50255,1.09986,0.86316,-1.87512,0.24914,0.25562,0.23792
52.82,-0.04928,-0.03699,0.03905,0.15814,0.2991,0.07607,-0.44148,0.04636,-0.05469,-0.79475,-0.11779,0,-1.08146,-0.2008,-1.1243,1.02913,0.18954,-0.36577,-0.02844,-0.43206,0.451,2.8495,1.52807,-0.15967,-0.47007,0.08658,-0.34455,-0.13342,0.17328,0.0822,-0.00262,0.00151,0.00088,1.4438,1.28006,0.98287,-1.85247,0.37324,0.34984,0.33314
52.84,-0.0534,-0.03938,0.04105,0.15581,0.33315,0.09244,-0.50461,0.03583,-0.07581,-0.7744,-0.12545,0,-1.01453,-0.17913,-1.08636,0.94118,0.21678,-0.44999,-0.05579,-0.26845,0.47717,2.89762,1.2174,-0.22468,-0.61506,0.0922,-0.39169,-0.12136,0.21034,0.10959,-0.00391,0.00053,0.00029,1.35675,1.43102,1.08348,-1.81642,0.52234,0.45879,0.44273
52.86,-0.05759,-0.04163,0.04375,0.15005,0.36828,0.10878,-0.57389,0.02486,-0.1001,-0.75142,-0.13259,0,-0.91936,-0.15566,-1.03026,0.84959,0.25099,-0.52593,-0.07563,-0.10664,0.50178,2.88449,0.89887,-0.29538,-0.74728,0.0956,-0.44106,-0.10828,0.24244,0.14016,-0.00677,2e-05,-0.00018,1.24264,1.54147,1.15915,-1.76519,0.69352,0.57711,0.56093
52.88,-0.06134,-0.04354,0.04687,0.14222,0.40179,0.12383,-0.64423,0.01399,-0.12715,-0.72666,-0.13845,0,-0.80094,-0.13094,-0.95942,0.75749,0.28942,-0.59004,-0.08872,0.04699,0.52293,2.81027,0.58531,-0.37114,-0.86142,0.09785,-0.48913,-0.09649,0.26637,0.17133,-0.01073,3e-05,-0.00047,1.10596,1.60388,1.20687,-1.69806,0.88036,0.69528,0.67765
52.9,-0.06395,-0.04491,0.04998,0.1343,0.42988,0.13612,-0.70833,0.00391,-0.15619,-0.70109,-0.14208,0,-0.66777,-0.1056,-0.87928,0.66869,0.32782,-0.63863,-0.09601,0.18457,0.53825,2.67967,0.29343,-0.44889,-0.95184,0.10005,-0.53066,-0.08869,0.27926,0.19934,-0.01502,0.00055,-0.00051,0.95483,1.61345,1.22569,-1.61558,1.07225,0.79961,0.77838
52.92,-0.06473,-0.04553,0.05258,0.12844,0.4484,0.14412,-0.75803,-0.00462,-0.18609,-0.67554,-0.14253,0,-0.53007,-0.08034,-0.79613,0.58701,0.36127,-0.66828,-0.09847,0.29783,0.54522,2.50024,0.0411,-0.52347,-1.013,0.10303,-0.5598,-0.0875,0.27882,0.21999,-0.01878,0.00153,-0.00028,0.79914,1.56808,1.21604,-1.51905,1.25595,0.87518,0.84728
52.94,-0.06318,-0.04528,0.05423,0.12628,0.45418,0.14674,-0.78682,-0.01096,-0.21553,-0.65048,-0.13911,0,-0.39672,-0.05567,-0.71534,0.51482,0.38559,-0.67681,-0.09706,0.38065,0.54175,2.28012,-0.15826,-0.5886,-1.04057,0.10698,-0.57197,-0.09463,0.26386,0.23,-0.02131,0.00292,0.00026,0.64758,1.46903,1.17945,-1.40969,1.41882,0.91093,0.8723
52.96,-0.05917,-0.04413,0.05468,0.12841,0.44595,0.14355,-0.79139,-0.01475,-0.24297,-0.62579,-0.13159,0,-0.27369,-0.03186,-0.64039,0.45227,0.3983,-0.66409,-0.0926,0.43057,0.5266,2.02735,-0.29892,-0.63739,-1.03236,0.11114,-0.56512,-0.11039,0.23477,0.22783,-0.02227,0.00465,0.0011,0.50606,1.32193,1.1184,-1.28841,1.55048,0.90305,0.84868
52.98,-0.05299,-0.04218,0.05387,0.13431,0.42456,0.13495,-0.77198,-0.01592,-0.26644,-0.601,-0.12029,0,-0.16456,-0.00907,-0.57318,0.39754,0.39863,-0.63217,-0.08589,0.44868,0.49955,1.75148,-0.38246,-0.66193,-0.98838,0.1137,-0.54006,-0.13335,0.19377,0.21394,-0.02176,0.00663,0.00219,0.37834,1.13794,1.03672,-1.15665,1.64211,0.85578,0.77989
53,-0.04536,-0.03967,0.05188,0.14243,0.39279,0.12201,-0.73189,-0.01458,-0.28342,-0.57543,-0.10604,0,-0.07155,0.01241,-0.51469,0.34765,0.38728,-0.58506,-0.07762,0.43882,0.46141,1.46491,-0.41587,-0.65346,-0.91075,0.11198,-0.50012,-0.16056,0.14488,0.19052,-0.02019,0.00874,0.00344,0.26721,0.93382,0.93973,-1.01707,1.68559,0.78047,0.67671
53.02,-0.03718,-0.03687,0.04889,0.15067,0.35445,0.10621,-0.67616,-0.01101,-0.29132,-0.54831,-0.09,0,0.00406,0.03219,-0.46517,0.29925,0.36586,-0.52779,-0.06842,0.4064,0.41371,1.18125,-0.40918,-0.60425,-0.80331,0.10316,-0.45005,-0.18823,0.09301,0.16075,-0.01815,0.01086,0.00475,0.17465,0.72868,0.83345,-0.8731,1.67422,0.69218,0.55383
53.04,-0.02928,-0.03402,0.04511,0.15711,0.31304,0.08895,-0.60976,-0.00561,-0.28824,-0.51883,-0.07322,0,0.06218,0.04987,-0.42403,0.24962,0.33606,-0.46489,-0.05873,0.35697,0.35821,0.9118,-0.37294,-0.51089,-0.67125,0.08539,-0.39441,-0.21293,0.04259,0.12775,-0.01618,0.01287,0.00601,0.10125,0.53855,0.72318,-0.72763,1.60468,0.60504,0.42494
53.06,-0.02216,-0.03126,0.04068,0.16048,0.27112,0.07133,-0.53666,0.0011,-0.27359,-0.48623,-0.05647,0,0.10384,0.06511,-0.38992,0.19746,0.29934,-0.39972,-0.04883,0.29553,0.29683,0.66396,-0.31677,-0.37687,-0.52137,0.05868,-0.33666,-0.23232,-0.00329,0.09393,-0.01462,0.01468,0.00714,0.04605,0.37336,0.61293,-0.58263,1.47874,0.52925,0.29979
53.08,-0.0161,-0.02861,0.03574,0.16016,0.23033,0.0542,-0.46006,0.00848,-0.24827,-0.45008,-0.04034,0,0.13079,0.07744,-0.36094,0.14346,0.25706,-0.33475,-0.03888,0.22677,0.23203,0.44278,-0.24923,-0.21423,-0.36318,0.02523,-0.27938,-0.24514,-0.04263,0.06114,-0.01356,0.01624,0.0081,0.00694,0.23742,0.50609,-0.4401,1.30448,0.47095,0.18442
53.1,-0.01115,-0.02605,0.03043,0.1562,0.1918,0.03829,-0.38292,0.0157,-0.2146,-0.41045,-0.02534,0,0.1451,0.08624,-0.33507,0.09046,0.2107,-0.27199,-0.02905,0.15545,0.16714,0.25281,-0.17825,-0.04308,-0.2094,-0.01062,-0.2247,-0.25102,-0.07419,0.0309,-0.0129,0.0175,0.00883,-0.0187,0.13116,0.40621,-0.30312,1.09622,0.43297,0.0823
53.12,-0.00724,-0.0235,0.0249,0.1491,0.15627,0.02416,-0.30787,0.02191,-0.17568,-0.36775,-0.01192,0,0.14903,0.0908,-0.31025,0.04246,0.16176,-0.21307,-0.01945,0.08639,0.106,0.09774,-0.11103,0.11303,-0.07364,-0.04363,-0.17434,-0.25018,-0.09734,0.00439,-0.0124,0.01839,0.00929,-0.03364,0.05247,0.31666,-0.17538,0.87132,0.41539,-0.00482
53.14,-0.00423,-0.02089,0.01926,0.13956,0.12409,0.0121,-0.23678,0.02642,-0.13443,-0.32232,-0.0004,0,0.14503,0.09064,-0.28451,0.00293,0.11148,-0.1589,-0.01018,0.02414,0.05205,-0.02147,-0.05381,0.23465,0.03373,-0.06941,-0.12942,-0.24326,-0.11214,-0.0176,-0.01186,0.01888,0.00947,-0.04052,-0.00221,0.23967,-0.05985,0.64525,0.41578,-0.07643
53.16,-0.00196,-0.01816,0.01361,0.12845,0.09527,0.002,-0.17065,0.02887,-0.09309,-0.27431,0.00902,0,0.13577,0.08565,-0.25611,-0.02624,0.06079,-0.10962,-0.0013,-0.02705,0.00793,-0.10762,-0.01177,0.3111,0.10804,-0.0856,-0.09043,-0.23114,-0.11933,-0.03478,-0.01111,0.01895,0.00936,-0.04168,-0.0371,0.17586,0.04178,0.42888,0.42943,-0.13273
53.18,-0.00028,-0.01531,0.00806,0.11676,0.06978,-0.00652,-0.11014,0.02921,-0.05341,-0.224,0.0162,0,0.12427,0.07623,-0.22373,-0.0447,0.0107,-0.06501,0.00708,-0.0628,-0.0243,-0.1667,0.01052,0.34111,0.15034,-0.09203,-0.05759,-0.21504,-0.12032,-0.04719,-0.01009,0.01859,0.00897,-0.03907,-0.0565,0.12462,0.12844,0.22947,0.44928,-0.17396
53.2,0.00093,-0.01239,0.00279,0.10574,0.04776,-0.01403,-0.05603,0.02767,-0.01691,-0.17207,0.02097,0,0.11389,0.0632,-0.18666,-0.0534,-0.03733,-0.02488,0.01475,-0.07825,-0.04282,-0.20691,0.00876,0.33113,0.16621,-0.09031,-0.03108,-0.19648,-0.11692,-0.05504,-0.00885,0.01779,0.00835,-0.03426,-0.0644,0.08478,0.19888,0.0524,0.46635,-0.20002
53.22,0.00176,-0.0095,-0.00202,0.09664,0.02943,-0.02112,-0.00916,0.02459,0.01513,-0.11932,0.02312,0,0.10818,0.04771,-0.1445,-0.05438,-0.08135,0.01074,0.02135,-0.0683,-0.04617,-0.23774,-0.02147,0.29225,0.16378,-0.08306,-0.01109,-0.17697,-0.11088,-0.05862,-0.00748,0.01657,0.00753,-0.02842,-0.0643,0.05491,0.25177,-0.09857,0.47142,-0.21065
53.24,0.00228,-0.00675,-0.0062,0.09045,0.01496,-0.02825,0.02996,0.02025,0.04204,-0.06597,0.02246,0,0.11069,0.03105,-0.0967,-0.05071,-0.1191,0.04164,0.0264,-0.0283,-0.0338,-0.2691,-0.08474,0.23617,0.15142,-0.07282,0.00247,-0.15757,-0.10323,-0.05834,-0.00611,0.01491,0.00652,-0.0224,-0.05906,0.03351,0.28639,-0.22209,0.45768,-0.20606
53.26,0.00251,-0.00422,-0.00968,0.08772,0.00429,-0.03561,0.06144,0.0148,0.06384,-0.01141,0.01879,0,0.12476,0.0145,-0.0424,-0.04649,-0.14808,0.0674,0.02925,0.04526,-0.00646,-0.31065,-0.1856,0.1727,0.13621,-0.06143,0.01013,-0.13861,-0.09385,-0.0547,-0.00486,0.01279,0.00535,-0.01673,-0.05096,0.01915,0.30304,-0.31947,0.42253,-0.18744
53.28,0.0025,-0.00199,-0.01242,0.08852,-0.00276,-0.04304,0.08569,0.00819,0.08111,0.04552,0.01197,0,0.15343,-0.00049,0.01926,-0.04687,-0.16527,0.08708,0.02912,0.15416,0.03352,-0.3714,-0.32786,0.10956,0.12362,-0.04986,0.01276,-0.11975,-0.08145,-0.04835,-0.00381,0.01019,0.00398,-0.01176,-0.04167,0.01062,0.303,-0.39382,0.36831,-0.15716
53.3,0.00224,-0.00016,-0.01441,0.09249,-0.0064,-0.04999,0.10323,0.00032,0.09475,0.10599,0.00195,0,0.19937,-0.01222,0.08876,-0.05797,-0.16682,0.09912,0.02501,0.29813,0.08221,-0.45932,-0.51406,0.05302,0.11778,-0.03838,0.0115,-0.10024,-0.0638,-0.04001,-0.00307,0.00708,0.00243,-0.00762,-0.03237,0.00709,0.28819,-0.44913,0.30188,-0.11871
53.32,0.00169,0.00116,-0.01565,0.09904,-0.00684,-0.05571,0.11452,-0.00902,0.10577,0.17116,-0.01132,0,0.26502,-0.01878,0.16637,-0.08656,-0.14779,0.10133,0.0157,0.47544,0.13462,-0.58117,-0.74558,0.00862,0.12182,-0.02667,0.00754,-0.07927,-0.03852,-0.03047,-0.00275,0.0035,0.00067,-0.00435,-0.0238,0.00808,0.26096,-0.48944,0.23249,-0.07604
53.34,0.00083,0.00188,-0.01612,0.1075,-0.00431,-0.05951,0.12003,-0.02003,0.11511,0.24215,-0.02786,0,0.35271,-0.01816,0.25261,-0.13943,-0.102,0.0912,-0.00021,0.68383,0.18546,-0.7422,-1.02321,-0.01817,0.13836,-0.01396,0.00188,-0.05646,-0.0042,-0.02031,-0.00294,-0.0005,-0.00128,-0.00191,-0.01639,0.01334,0.22372,-0.51838,0.16854,-0.03259
53.36,-0.0004,0.0019,-0.01582,0.11724,0.00093,-0.06093,0.1203,-0.03289,0.12344,0.31986,-0.04766,0,0.46434,-0.00839,0.34821,-0.2228,-0.02208,0.0661,-0.02423,0.92043,0.22961,-0.94533,-1.34643,-0.02137,0.16975,0.00083,-0.00479,-0.0322,0.03876,-0.00993,-0.00371,-0.00479,-0.00337,-0.00019,-0.01032,0.02272,0.17899,-0.53873,0.11556,0.0092
53.38,-0.00208,0.00117,-0.01473,0.12759,0.0085,-0.05975,0.11588,-0.04764,0.13109,0.40433,-0.07052,0,0.60067,0.0124,0.45345,-0.34162,0.10003,0.02351,-0.0578,1.18003,0.26179,-1.18963,-1.71098,0.0057,0.21794,0.01896,-0.01208,-0.00797,0.08756,0.00047,-0.00512,-0.00913,-0.00549,0.00093,-0.0056,0.03613,0.12965,-0.55215,0.07612,0.04776
53.4,-0.00425,-0.00036,-0.01286,0.13779,0.01798,-0.05601,0.10731,-0.06407,0.13802,0.49431,-0.09595,0,0.76058,0.04594,0.56754,-0.4991,0.27218,-0.03874,-0.1021,1.45379,0.2764,-1.46933,-2.10702,0.07046,0.28433,0.04173,-0.0199,0.01365,0.13707,0.01077,-0.00718,-0.01318,-0.00749,0.00157,-0.00213,0.05339,0.07914,-0.55904,0.05043,0.082
53.42,-0.00696,-0.00271,-0.01021,0.14698,0.02908,-0.04985,0.09495,-0.08184,0.14401,0.58751,-0.12323,0,0.94163,0.09382,0.68884,-0.69709,0.50072,-0.12202,-0.1577,1.73047,0.26796,-1.77545,-2.52088,0.18051,0.3698,0.07041,-0.02848,0.02968,0.181,0.02093,-0.00988,-0.01654,-0.00918,0.00186,0.00028,0.07407,0.03104,-0.55896,0.03672,0.11113
53.44,-0.01026,-0.00589,-0.00684,0.15421,0.04187,-0.04147,0.07881,-0.10053,0.14898,0.68141,-0.15165,0,1.14111,0.15748,0.81567,-0.93662,0.7885,-0.22624,-0.22419,1.99947,0.23219,-2.09896,-2.93885,0.34275,0.47481,0.10607,-0.03852,0.03773,0.21387,0.03111,-0.0132,-0.01889,-0.01039,0.00189,0.00179,0.0972,-0.01186,-0.55123,0.03162,0.13467
53.46,-0.01417,-0.00987,-0.00288,0.15845,0.05701,-0.03107,0.0585,-0.11971,0.15323,0.77351,-0.18054,0,1.3561,0.23792,0.94631,-1.21751,1.13254,-0.34905,-0.2997,2.25189,0.16689,-2.43184,-3.3485,0.56204,0.59913,0.14947,-0.05127,0.03677,0.2322,0.04162,-0.01705,-0.02005,-0.01105,0.00176,0.00262,0.12103,-0.04797,-0.53545,0.03033,0.15237
53.48,-0.01867,-0.01451,0.00143,0.1585,0.0756,-0.01893,0.0333,-0.13879,0.1574,0.86064,-0.20911,0,1.58193,0.33513,1.07815,-1.53625,1.52099,-0.48471,-0.3802,2.47895,0.07255,-2.76487,-3.73582,0.83949,0.74087,0.20062,-0.06841,0.02728,0.2347,0.05285,-0.0213,-0.02,-0.01113,0.00154,0.00294,0.1428,-0.07675,-0.51166,0.02669,0.16407
53.5,-0.02367,-0.01963,0.00572,0.15308,0.09905,-0.00547,0.00244,-0.15693,0.16242,0.9385,-0.23622,0,1.81083,0.44758,1.2068,-1.88435,1.93156,-0.6235,-0.45928,2.67021,-0.04751,-3.08551,-4.08265,1.17063,0.89573,0.25848,-0.09191,0.01107,0.22192,0.06521,-0.02571,-0.01885,-0.01067,0.00127,0.00291,0.15874,-0.09833,-0.48046,0.01364,0.16948
53.52,-0.02901,-0.02497,0.0096,0.14108,0.12868,0.00882,-0.03464,-0.17315,0.16923,1.00241,-0.26068,0,2.03284,0.57255,1.32659,-2.24948,2.33448,-0.75267,-0.52936,2.81462,-0.18786,-3.37916,-4.36865,1.54397,1.05743,0.3207,-0.12352,-0.00929,0.19569,0.079,-0.02999,-0.01682,-0.00975,0.001,0.00266,0.16493,-0.11318,-0.44277,-0.01507,0.16825
53.54,-0.03454,-0.03031,0.01277,0.12198,0.16521,0.02342,-0.07792,-0.18672,0.17841,1.04897,-0.28175,0,2.238,0.70678,1.432,-2.6183,2.6984,-0.85833,-0.58372,2.9033,-0.34233,-3.63277,-4.57622,1.93975,1.21885,0.38341,-0.16418,-0.03128,0.15858,0.0943,-0.03386,-0.01415,-0.00847,0.00074,0.00228,0.15865,-0.12193,-0.39953,-0.06249,0.16009
53.56,-0.04008,-0.0355,0.01513,0.09625,0.20834,0.03784,-0.12635,-0.19724,0.1899,1.07701,-0.29935,0,2.41734,0.84657,1.51824,-2.9772,2.99328,-0.92644,-0.61783,2.93138,-0.50441,-3.83644,-4.69353,2.32767,1.37228,0.44086,-0.21347,-0.05293,0.11357,0.11092,-0.03705,-0.01112,-0.00697,0.00052,0.00186,0.13936,-0.12514,-0.35165,-0.12651,0.14488
53.58,-0.04544,-0.04043,0.01673,0.06565,0.25626,0.05149,-0.17743,-0.20471,0.20286,1.08761,-0.31408,0,2.56159,0.98668,1.58072,-3.30969,3.18862,-0.94245,-0.62933,2.89795,-0.66605,-3.98219,-4.71397,2.66324,1.50829,0.48493,-0.26907,-0.07274,0.06437,0.12818,-0.03931,-0.00803,-0.0054,0.00033,0.00144,0.10906,-0.12322,-0.30037,-0.19894,0.12283
53.6,-0.05034,-0.04499,0.01781,0.03318,0.30561,0.06361,-0.22706,-0.20929,0.21567,1.08361,-0.32696,0,2.66018,1.11962,1.61448,-3.59453,3.25194,-0.89114,-0.61746,2.80544,-0.81694,-4.06233,-4.63489,2.88801,1.61518,0.50518,-0.3267,-0.08953,0.01551,0.14489,-0.04041,-0.00526,-0.00394,0.00019,0.00105,0.07203,-0.11647,-0.24741,-0.26616,0.09455
53.62,-0.05447,-0.04905,0.01863,0.00237,0.35218,0.07342,-0.27027,-0.21128,0.22644,1.06886,-0.3392,0,2.70254,1.23675,1.61483,-3.80895,3.15231,-0.75876,-0.58224,2.65854,-0.94583,-4.06989,-4.45725,2.94159,1.68145,0.49106,-0.38105,-0.10241,-0.02834,0.15958,-0.04011,-0.00314,-0.00278,8e-05,0.00072,0.03363,-0.10523,-0.19443,-0.31299,0.06113
53.64,-0.05754,-0.05249,0.01944,-0.0238,0.39222,0.08029,-0.30256,-0.21094,0.23363,1.04731,-0.35204,0,2.68125,1.33058,1.57878,-3.93527,2.86752,-0.53663,-0.52344,2.46323,-1.04348,-4.00053,-4.18614,2.78134,1.70022,0.43543,-0.42741,-0.11085,-0.06353,0.17094,-0.03829,-0.00192,-0.00205,0,0.00045,-0.0016,-0.09015,-0.14199,-0.32869,0.02419
53.66,-0.05939,-0.05523,0.02034,-0.04366,0.42318,0.084,-0.32072,-0.20844,0.23658,1.02254,-0.36649,0,2.59435,1.39607,1.50632,-3.96524,2.39043,-0.22469,-0.4402,2.22678,-1.10431,-3.85427,-3.83234,2.39706,1.67238,0.33728,-0.46265,-0.11475,-0.0882,0.17812,-0.03497,-0.0017,-0.00181,-5e-05,0.00024,-0.03112,-0.07252,-0.08898,-0.31113,-0.01396
53.68,-0.05989,-0.05713,0.02131,-0.0568,0.44367,0.08467,-0.32287,-0.20386,0.23557,0.99775,-0.3832,0,2.44635,1.4304,1.40107,-3.90056,1.73351,0.16562,-0.33142,1.95948,-1.12629,-3.63676,-3.41506,1.81691,1.60739,0.20304,-0.48511,-0.11433,-0.1022,0.18068,-0.03036,-0.00239,-0.00202,-7e-05,8e-05,-0.05442,-0.05442,-0.03291,-0.26789,-0.05002
53.7,-0.05902,-0.05806,0.02218,-0.06384,0.45309,0.0827,-0.30818,-0.19721,0.23166,0.97595,-0.384,0,2.24799,1.43229,1.27038,-3.75145,0.93016,0.6104,-0.19661,1.67557,-1.11015,-3.35946,-2.9629,1.10505,1.52213,0.04628,-0.49426,-0.11013,-0.10674,0.17853,-0.02485,-0.00375,-0.00256,-9e-05,-2e-05,-0.07263,-0.03871,0.02948,-0.21494,-0.07958
53.72,-0.05677,-0.05787,0.0227,-0.06597,0.45142,0.07863,-0.27657,-0.18851,0.22626,0.95972,-0.384,0,2.01338,1.40169,1.12386,-3.53305,0.02908,1.07739,-0.037,1.39088,-1.05862,-3.03725,-2.50841,0.34504,1.43588,-0.11565,-0.49031,-0.10281,-0.10383,0.17181,-0.01891,-0.00548,-0.00328,-9e-05,-9e-05,-0.0879,-0.02852,0.10117,-0.17157,-0.0981
53.74,-0.05314,-0.05644,0.02267,-0.06443,0.43901,0.07294,-0.22851,-0.17787,0.22054,0.95091,-0.384,0,1.75582,1.33987,0.97109,-3.26091,-0.91577,1.53317,0.14309,1.11829,-0.97579,-2.68441,-2.07869,-0.38556,1.36324,-0.26677,-0.47394,-0.09302,-0.09558,0.16078,-0.0129,-0.0073,-0.00404,-8e-05,-0.00012,-0.10258,-0.02639,0.18363,-0.15303,-0.1024
53.76,-0.04819,-0.05372,0.02195,-0.06024,0.41657,0.06596,-0.16501,-0.16563,0.21503,0.95034,-0.384,0,1.48586,1.2497,0.82055,-2.94892,-1.84852,1.94654,0.33471,0.86551,-0.86708,-2.31325,-1.69031,-1.03014,1.30942,-0.39556,-0.44621,-0.08126,-0.08386,0.14579,-0.00703,-0.00906,-0.00478,-7e-05,-0.00014,-0.11866,-0.03366,0.27565,-0.16548,-0.09174
53.78,-0.04202,-0.04976,0.02051,-0.05407,0.38527,0.05789,-0.08807,-0.15244,0.20954,0.95777,-0.384,0,1.21275,1.13636,0.68051,-2.61094,-2.70521,2.28609,0.52238,0.63644,-0.73993,-1.93646,-1.35109,-1.55175,1.26947,-0.49472,-0.40865,-0.06803,-0.0702,0.12738,-0.00133,-0.0107,-0.00545,-6e-05,-0.00014,-0.13756,-0.05031,0.37241,-0.20466,-0.0681
53.8,-0.03482,-0.04469,0.01844,-0.04632,0.34683,0.04885,-0.00097,-0.13933,0.20334,0.97207,-0.384,0,0.94628,1.00753,0.55977,-2.26273,-3.41007,2.51828,0.68408,0.43338,-0.60418,-1.5693,-1.06369,-1.92736,1.22998,-0.55998,-0.36344,-0.05382,-0.0559,0.10639,0.00426,-0.01227,-0.00607,-5e-05,-0.00013,-0.15995,-0.07503,0.46524,-0.25711,-0.03594
53.82,-0.02686,-0.03877,0.01586,-0.03726,0.30332,0.03891,0.09217,-0.12747,0.1954,0.99142,-0.384,0,0.6961,0.87212,0.4661,-1.92053,-3.88831,2.61243,0.79616,0.25769,-0.47068,-1.22772,-0.82765,-2.14564,1.17359,-0.58956,-0.31309,-0.03912,-0.04203,0.08382,0.00983,-0.01383,-0.00668,-4e-05,-0.00011,-0.1858,-0.10562,0.54327,-0.30434,-0.00096
53.84,-0.01849,-0.03225,0.01292,-0.02708,0.2568,0.0281,0.18735,-0.11781,0.18492,1.0138,-0.384,0,0.46944,0.73802,0.40319,-1.59775,-4.08983,2.55052,0.84167,0.10949,-0.34878,-0.92367,-0.64022,-2.20754,1.08546,-0.58426,-0.26005,-0.02434,-0.02933,0.06071,0.01542,-0.01543,-0.00732,-3e-05,-9e-05,-0.21441,-0.13954,0.59633,-0.32911,0.03156
53.86,-0.01007,-0.02543,0.00975,-0.01611,0.20922,0.01648,0.28097,-0.11089,0.1716,1.0371,-0.384,0,0.27022,0.61101,0.36866,-1.3036,-4.00561,2.33444,0.81606,-0.01219,-0.24506,-0.6629,-0.49745,-2.12701,0.9579,-0.54763,-0.20653,-0.00974,-0.01825,0.03811,0.02092,-0.01709,-0.00799,-2e-05,-7e-05,-0.24438,-0.17418,0.61679,-0.31961,0.05789
53.88,-0.00211,-0.01869,0.00644,-0.00487,0.16277,0.0042,0.3692,-0.10678,0.15587,1.05904,-0.384,0,0.10047,0.49546,0.35388,-1.04516,-3.67155,1.98908,0.72858,-0.1083,-0.16381,-0.44646,-0.39569,-1.9312,0.79249,-0.48609,-0.15493,0.00443,-0.00901,0.01723,0.02606,-0.0187,-0.00866,-1e-05,-5e-05,-0.27336,-0.20665,0.59975,-0.27049,0.07588
53.9,0.00471,-0.01251,0.00314,0.00586,0.12013,-0.00839,0.44745,-0.10523,0.13883,1.07703,-0.384,0,-0.03815,0.39527,0.34524,-0.82943,-3.16275,1.56039,0.60058,-0.17889,-0.10789,-0.27311,-0.33265,-1.6587,0.59985,-0.40877,-0.10809,0.01782,-0.00171,-0.00049,0.03035,-0.02009,-0.00926,-1e-05,-3e-05,-0.29799,-0.23365,0.54279,-0.18245,0.08468
53.92,0.00972,-0.0074,-5e-05,0.0152,0.08409,-0.0209,0.51102,-0.10573,0.12194,1.08841,-0.384,0,-0.14432,0.31363,0.32745,-0.66256,-2.57335,1.10436,0.4592,-0.22357,-0.07877,-0.1402,-0.30672,-1.35242,0.39597,-0.32575,-0.06896,0.03007,0.00357,-0.01354,0.03325,-0.02105,-0.0097,0,-2e-05,-0.31455,-0.25195,0.44595,-0.06099,0.08439
53.94,0.01241,-0.00372,-0.00303,0.02245,0.05674,-0.03308,0.5565,-0.10758,0.10636,1.09089,-0.384,0,-0.21818,0.25205,0.28819,-0.54712,-1.98763,0.67027,0.32829,-0.24282,-0.07599,-0.04371,-0.31518,-1.04911,0.19621,-0.24569,-0.03977,0.04094,0.00674,-0.0209,0.0344,-0.02141,-0.00992,1e-05,-0,-0.32007,-0.25926,0.31207,0.08529,0.07582
53.96,0.01267,-0.00159,-0.00574,0.02728,0.03899,-0.04493,0.58264,-0.10998,0.09258,1.08289,-0.384,0,-0.26201,0.20983,0.22142,-0.48042,-1.46229,0.29068,0.2226,-0.23895,-0.09672,0.02167,-0.35281,-0.77334,0.01197,-0.17428,-0.02154,0.05037,0.00761,-0.02232,0.03376,-0.02112,-0.00987,1e-05,1e-05,-0.31306,-0.2548,0.14752,0.24536,0.06032
53.98,0.01073,-0.00088,-0.00817,0.02971,0.03061,-0.05664,0.59036,-0.11198,0.08049,1.06363,-0.33343,0,-0.27992,0.18426,0.12869,-0.45478,-1.02591,-0.01816,0.14721,-0.21624,-0.13557,0.06186,-0.41134,-0.53803,-0.14876,-0.1145,-0.01414,0.05846,0.00591,-0.01838,0.03162,-0.02025,-0.00957,2e-05,3e-05,-0.29374,-0.23948,-0.03642,0.40466,0.03983
54,0.00717,-0.00128,-0.01029,0.03002,0.03052,-0.06847,0.5822,-0.11255,0.06948,1.03311,-0.27903,0,-0.27717,0.1713,0.01872,-0.45874,-0.68523,-0.25214,0.0992,-0.18069,-0.18487,0.08266,-0.47973,-0.34743,-0.27993,-0.06735,-0.01658,0.06535,0.00128,-0.01036,0.02865,-0.01897,-0.00905,3e-05,5e-05,-0.26387,-0.21567,-0.22334,0.54489,0.01691
54.02,0.00272,-0.00237,-0.01209,0.02864,0.03715,-0.08063,0.56159,-0.11071,0.05875,0.99184,-0.22634,0,-0.25935,0.16627,-0.09564,-0.47931,-0.43241,-0.41527,0.07089,-0.13879,-0.23609,0.08935,-0.54603,-0.19998,-0.37734,-0.03247,-0.02733,0.07114,-0.00665,0.0001,0.02562,-0.0175,-0.00838,4e-05,7e-05,-0.22611,-0.18643,-0.39477,0.64716,-0.00564
54.04,-0.00194,-0.00375,-0.01357,0.02589,0.04889,-0.0932,0.53186,-0.10588,0.04756,0.94057,-0.1782,0,-0.2314,0.16479,-0.20214,-0.50457,-0.25292,-0.51599,0.05385,-0.09607,-0.28195,0.08645,-0.60017,-0.09096,-0.43947,-0.00872,-0.04475,0.07586,-0.01807,0.01146,0.02327,-0.01604,-0.00761,6e-05,9e-05,-0.18308,-0.15436,-0.53561,0.69765,-0.02538
54.06,-0.0064,-0.00514,-0.01477,0.02189,0.06436,-0.10596,0.49569,-0.09802,0.03549,0.88023,-0.13596,0,-0.19712,0.16334,-0.29194,-0.5255,-0.13115,-0.5645,0.04163,-0.05611,-0.31769,0.07763,-0.63567,-0.01455,-0.46804,0.00549,-0.06729,0.07942,-0.03291,0.02259,0.02212,-0.01469,-0.00678,7e-05,0.00011,-0.13691,-0.12098,-0.63735,0.69131,-0.04055
54.08,-0.01043,-0.00638,-0.01573,0.01656,0.08233,-0.11833,0.45528,-0.0878,0.02257,0.81233,-0.09963,0,-0.15923,0.1594,-0.35964,-0.53617,-0.0531,-0.5715,0.03062,-0.02064,-0.34109,0.06571,-0.64978,0.03494,-0.46775,0.01185,-0.09338,0.08157,-0.05064,0.03274,0.02245,-0.01348,-0.00591,9e-05,0.00013,-0.08944,-0.08681,-0.69804,0.63273,-0.05003
54.1,-0.01399,-0.00742,-0.01652,0.00965,0.10167,-0.1293,0.41252,-0.0765,0.00931,0.73933,-0.0684,0,-0.1197,0.15146,-0.40247,-0.53341,-0.00741,-0.54745,0.01992,0.01007,-0.35203,0.05278,-0.64289,0.06232,-0.44567,0.01207,-0.12129,0.08191,-0.0702,0.04144,0.02431,-0.01236,-0.005,0.0001,0.00014,-0.04253,-0.05158,-0.72083,0.53488,-0.05322
54.12,-0.01716,-0.00829,-0.01718,0.0009,0.12128,-0.13765,0.36906,-0.06569,-0.00345,0.66418,-0.04111,0,-0.07984,0.13879,-0.41993,-0.51602,0.01473,-0.50186,0.01051,0.03682,-0.35179,0.04023,-0.6175,0.07142,-0.40996,0.00776,-0.14922,0.07999,-0.09019,0.04841,0.02761,-0.01127,-0.00406,0.0001,0.00015,0.00225,-0.01437,-0.71183,0.41482,-0.05003
54.14,-0.0201,-0.0091,-0.01771,-0.0099,0.14026,-0.14237,0.32602,-0.05665,-0.01496,0.58945,-0.01679,0,-0.04032,0.12117,-0.41393,-0.48378,0.0204,-0.44257,0.00402,0.06122,-0.34237,0.02894,-0.57714,0.06532,-0.3684,0.00037,-0.17554,0.07561,-0.10908,0.05348,0.03217,-0.01012,-0.0031,0.0001,0.00014,0.04412,0.02652,-0.67768,0.2877,-0.04092
54.16,-0.02295,-0.01002,-0.01806,-0.02266,0.15781,-0.14294,0.28411,-0.05001,-0.02468,0.51701,0.0049,0,-0.00135,0.09877,-0.3889,-0.43691,0.01566,-0.37557,0.00185,0.08538,-0.32605,0.01937,-0.52565,0.04659,-0.32748,-0.00873,-0.19886,0.06896,-0.1253,0.05653,0.03775,-0.00888,-0.00212,8e-05,0.00012,0.08341,0.07348,-0.6241,0.16311,-0.02707
54.18,-0.02584,-0.01122,-0.01812,-0.03696,0.17317,-0.13934,0.24386,-0.04576,-0.03231,0.44849,0.02338,0,0.03696,0.07228,-0.35198,-0.37625,0.00568,-0.30536,0.00497,0.11165,-0.30537,0.01169,-0.46744,0.01748,-0.29248,-0.01825,-0.21785,0.06073,-0.13719,0.05748,0.04398,-0.00756,-0.00114,4e-05,6e-05,0.12129,0.12918,-0.55583,0.04506,-0.01044
54.2,-0.02888,-0.01296,-0.01774,-0.05195,0.18545,-0.13202,0.20596,-0.04331,-0.03766,0.38572,0.03712,0,0.07438,0.04295,-0.31264,-0.30345,-0.00521,-0.2355,0.014,0.14239,-0.28312,0.00585,-0.40762,-0.01999,-0.26774,-0.02689,-0.23109,0.05205,-0.14289,0.05618,0.05044,-0.0062,-0.0002,-3e-05,-4e-05,0.15935,0.19623,-0.47698,-0.06657,0.00619
54.22,-0.03209,-0.01542,-0.01673,-0.06659,0.1939,-0.12164,0.17104,-0.04183,-0.04064,0.33051,0.04406,0,0.11056,0.01226,-0.28078,-0.22046,-0.01322,-0.16862,0.02925,0.17964,-0.26186,0.00167,-0.3512,-0.06375,-0.25639,-0.03352,-0.23738,0.04423,-0.14073,0.05252,0.05662,-0.00493,0.00064,-0.00012,-0.00018,0.19917,0.2768,-0.39124,-0.17408,0.01945
54.24,-0.03547,-0.01874,-0.01494,-0.07999,0.19819,-0.10882,0.13921,-0.04053,-0.04127,0.28385,0.04237,0,0.1453,-0.01871,-0.26385,-0.12869,-0.0147,-0.10612,0.0507,0.22475,-0.24319,-0.0011,-0.3018,-0.11153,-0.25979,-0.03732,-0.2362,0.03826,-0.12973,0.0464,0.06215,-0.00387,0.00131,-0.00026,-0.00038,0.24186,0.37236,-0.30178,-0.27973,0.02584
54.26,-0.03896,-0.0229,-0.01231,-0.09162,0.19872,-0.09393,0.10982,-0.03897,-0.03969,0.24548,0.03103,0,0.17858,-0.04959,-0.26498,-0.02877,-0.00593,-0.04822,0.07796,0.27802,-0.22732,-0.00273,-0.26084,-0.16047,-0.27705,-0.03797,-0.22806,0.03456,-0.11009,0.03783,0.06684,-0.00316,0.00176,-0.00044,-0.00064,0.28758,0.48314,-0.21164,-0.38396,0.022
54.28,-0.04239,-0.02772,-0.00888,-0.10127,0.19665,-0.0772,0.08167,-0.03708,-0.03616,0.21414,0.00999,0,0.21038,-0.0806,-0.28244,0.07886,0.01695,0.00559,0.11005,0.33816,-0.21302,-0.00348,-0.22765,-0.20668,-0.30484,-0.03568,-0.21469,0.0329,-0.08341,0.02697,0.07065,-0.00296,0.00191,-0.00067,-0.00097,0.33511,0.60714,-0.12444,-0.484,0.00479
54.3,-0.04552,-0.03282,-0.00479,-0.10891,0.19373,-0.05882,0.05328,-0.03518,-0.03104,0.18799,-0.0198,0,0.24047,-0.11212,-0.3103,0.19293,0.05753,0.05596,0.1452,0.40215,-0.19799,-0.00359,-0.20006,-0.24507,-0.33761,-0.03106,-0.19884,0.03252,-0.05264,0.01418,0.07367,-0.00345,0.00169,-0.00094,-0.00136,0.38169,0.73971,-0.0448,-0.57371,-0.02858
54.32,-0.04805,-0.03774,-0.00028,-0.1146,0.19184,-0.03899,0.02334,-0.03372,-0.02477,0.16507,-0.0567,0,0.26883,-0.14416,-0.34031,0.31046,0.11741,0.1031,0.18074,0.46597,-0.17952,-0.00329,-0.17505,-0.27023,-0.36878,-0.02494,-0.18358,0.03238,-0.02132,-6e-05,0.07604,-0.00481,0.00102,-0.00124,-0.00181,0.42394,0.87445,0.02284,-0.64535,-0.07976
54.34,-0.04968,-0.04204,0.00439,-0.11837,0.19219,-0.01797,-0.00882,-0.03314,-0.01774,0.14375,-0.09874,0,0.29637,-0.17566,-0.36475,0.42583,0.19383,0.14617,0.21303,0.52585,-0.15542,-0.00274,-0.14956,-0.27782,-0.3925,-0.01805,-0.17122,0.03154,0.00752,-0.01533,0.07792,-0.00724,-0.00019,-0.00156,-0.00227,0.45926,1.00514,0.07627,-0.69288,-0.14826
54.36,-0.05024,-0.04542,0.009,-0.12017,0.19489,0.00383,-0.04285,-0.03356,-0.01032,0.12312,-0.1437,0,0.32537,-0.20395,-0.3782,0.52985,0.27769,0.18279,0.23736,0.57903,-0.12476,-0.00207,-0.12115,-0.26567,-0.40481,-0.01078,-0.16265,0.02937,0.03207,-0.03127,0.07942,-0.01093,-0.00203,-0.00186,-0.00271,0.48676,1.12664,0.11686,-0.7141,-0.23035
54.38,-0.0496,-0.04772,0.01328,-0.1198,0.19875,0.02571,-0.07699,-0.03485,-0.00284,0.10323,-0.18888,0,0.35938,-0.22433,-0.37797,0.60858,0.3524,0.2086,0.24766,0.62346,-0.0883,-0.00138,-0.08833,-0.23401,-0.4038,-0.00324,-0.1572,0.02563,0.05167,-0.04753,0.08059,-0.01602,-0.00456,-0.00209,-0.00305,0.50724,1.23413,0.14953,-0.71095,-0.31825
54.4,-0.04774,-0.04887,0.01693,-0.11692,0.20145,0.04651,-0.10805,-0.03659,0.00432,0.08514,-0.23083,0,0.40264,-0.23036,-0.36357,0.64378,0.39484,0.21741,0.23677,0.65737,-0.04842,-0.00073,-0.05072,-0.18532,-0.3893,0.00467,-0.15289,0.02047,0.06659,-0.06362,0.08143,-0.02257,-0.00784,-0.0022,-0.00321,0.52274,1.32233,0.18186,-0.68878,-0.40023
54.42,-0.04468,-0.04883,0.01966,-0.1112,0.20021,0.06491,-0.13221,-0.03819,0.01076,0.07045,-0.26598,0,0.45879,-0.21563,-0.33566,0.6175,0.38146,0.20289,0.19802,0.67925,-0.00842,-0.00017,-0.00879,-0.12355,-0.36231,0.01312,-0.14719,0.01428,0.07751,-0.07892,0.08188,-0.03053,-0.01184,-0.00212,-0.0031,0.5358,1.38583,0.22206,-0.65452,-0.46327
54.44,-0.04051,-0.04765,0.02125,-0.10243,0.1927,0.07988,-0.14644,-0.03906,0.01619,0.06056,-0.29163,0,0.52906,-0.17665,-0.29452,0.51957,0.29751,0.16139,0.12792,0.68798,0.02873,0.00029,0.03657,-0.05306,-0.32427,0.02217,-0.13786,0.00746,0.08519,-0.0928,0.08188,-0.03971,-0.01646,-0.00182,-0.00266,0.54837,1.42043,0.27613,-0.61423,-0.49725
54.46,-0.03534,-0.04542,0.02167,-0.09071,0.17777,0.09091,-0.14938,-0.03871,0.02044,0.05613,-0.30667,0,0.61074,-0.11496,-0.23923,0.35313,0.14397,0.09398,0.02821,0.68308,0.06111,0.00061,0.08425,0.02184,-0.27668,0.03158,-0.12373,0.00034,0.09011,-0.10457,0.08141,-0.04968,-0.0215,-0.00129,-0.0019,0.56119,1.42393,0.34581,-0.57158,-0.49784
54.48,-0.0294,-0.04229,0.02102,-0.0766,0.15569,0.09804,-0.14151,-0.03677,0.02345,0.05703,-0.31152,0,0.69624,-0.03812,-0.16777,0.13723,-0.05976,0.00745,-0.09288,0.66465,0.08781,0.0008,0.13258,0.09648,-0.22136,0.04071,-0.10494,-0.00682,0.0923,-0.11346,0.08045,-0.05972,-0.02659,-0.00059,-0.0009,0.57341,1.3962,0.42747,-0.52777,-0.46711
54.5,-0.02302,-0.03847,0.01956,-0.06106,0.1281,0.10167,-0.12496,-0.03299,0.02523,0.06245,-0.30788,0,0.77322,0.04086,-0.07772,-0.0945,-0.27756,-0.08605,-0.22093,0.63335,0.10857,0.00084,0.17911,0.16547,-0.16072,0.04857,-0.08286,-0.01377,0.09144,-0.11853,0.07906,-0.06879,-0.0312,0.00017,0.0002,0.58274,1.33889,0.51234,-0.48205,-0.41269
54.52,-0.01658,-0.0342,0.01763,-0.04529,0.0974,0.10242,-0.10276,-0.02723,0.02586,0.07112,-0.29805,0,0.82755,0.10673,0.03269,-0.3023,-0.46642,-0.172,-0.33881,0.59022,0.12357,0.00072,0.22103,0.22339,-0.09749,0.05399,-0.05953,-0.02026,0.08707,-0.11889,0.07728,-0.07571,-0.03472,0.0009,0.00122,0.58613,1.25478,0.58893,-0.43269,-0.34497
54.54,-0.01043,-0.02972,0.01554,-0.03032,0.06591,0.10094,-0.07789,-0.01948,0.02551,0.08162,-0.28409,0,0.84796,0.14721,0.16312,-0.45333,-0.59138,-0.23809,-0.43205,0.53642,0.13325,0.00042,0.25604,0.26615,-0.03421,0.05609,-0.03682,-0.02603,0.07909,-0.11406,0.07517,-0.07959,-0.03671,0.00149,0.00204,0.58082,1.14703,0.64682,-0.37807,-0.27331
54.56,-0.00479,-0.02519,0.01352,-0.01675,0.03532,0.09778,-0.05274,-0.00982,0.02446,0.09254,-0.26739,0,0.82921,0.15632,0.30969,-0.53022,-0.6355,-0.27721,-0.49242,0.47333,0.13821,-0.0001,0.28286,0.2919,0.02695,0.05459,-0.01584,-0.03083,0.06802,-0.10426,0.07277,-0.08002,-0.03694,0.00189,0.00258,0.56514,1.01906,0.67919,-0.31772,-0.20356
54.58,0.00017,-0.02079,0.01175,-0.00488,0.00679,0.09342,-0.02912,0.00141,0.02313,0.10241,-0.24859,0,0.77296,0.13515,0.46353,-0.53252,-0.60189,-0.28779,-0.51819,0.40294,0.13911,-0.00087,0.30108,0.30096,0.08375,0.04983,0.00296,-0.03439,0.05523,-0.09053,0.07014,-0.07715,-0.03549,0.00213,0.00285,0.5388,0.87538,0.68307,-0.25294,-0.13799
54.6,0.00429,-0.01666,0.01035,0.00523,-0.01873,0.08825,-0.0085,0.01366,0.02204,0.10971,-0.22778,0,0.68706,0.09091,0.61055,-0.47414,-0.51091,-0.27302,-0.51305,0.32825,0.1366,-0.00196,0.31092,0.29539,0.13346,0.04276,0.01964,-0.03637,0.04283,-0.07469,0.06735,-0.0716,-0.03268,0.00224,0.00294,0.50281,0.72235,0.65875,-0.18702,-0.07618
54.62,0.00747,-0.01299,0.0094,0.01364,-0.04051,0.08258,0.00795,0.02622,0.0217,0.11291,-0.20468,0,0.58285,0.03421,0.7347,-0.37721,-0.39217,-0.23916,-0.48402,0.25273,0.13136,-0.00341,0.313,0.2783,0.17299,0.0348,0.03444,-0.03645,0.0332,-0.05885,0.06445,-0.06425,-0.02896,0.0023,0.00297,0.45901,0.56725,0.60847,-0.12431,-0.0163
54.64,0.00964,-0.00988,0.0089,0.02051,-0.05802,0.07667,0.01938,0.03848,0.02255,0.11073,-0.17894,0,0.47139,-0.02484,0.82331,-0.26372,-0.27343,-0.1935,-0.43893,0.1795,0.12414,-0.00526,0.30817,0.25308,0.19944,0.02764,0.04754,-0.03452,0.0281,-0.04475,0.06146,-0.05598,-0.02477,0.00238,0.00304,0.40929,0.41655,0.53498,-0.06852,0.04341
54.66,0.0108,-0.00738,0.00885,0.02605,-0.07096,0.07071,0.0253,0.04996,0.02481,0.10233,-0.15033,0,0.36123,-0.07901,0.87057,-0.15032,-0.17337,-0.14312,-0.38484,0.11082,0.11579,-0.00751,0.29748,0.22292,0.21043,0.02311,0.05884,-0.0308,0.0282,-0.03328,0.0583,-0.04744,-0.02047,0.00255,0.00326,0.35528,0.27521,0.4408,-0.02183,0.10336
54.68,0.01101,-0.00546,0.00917,0.03046,-0.0791,0.06487,0.02548,0.0603,0.02845,0.08733,-0.11905,0,0.25863,-0.12418,0.87797,-0.0477,-0.10051,-0.0949,-0.32803,0.04862,0.10741,-0.01014,0.28221,0.19096,0.20398,0.02322,0.06781,-0.02584,0.03291,-0.02449,0.05486,-0.03916,-0.01633,0.00282,0.00369,0.29866,0.14751,0.3287,0.01504,0.16184
54.7,0.01039,-0.00408,0.00975,0.03387,-0.08224,0.05937,0.0199,0.06916,0.03322,0.06587,-0.08584,0,0.1685,-0.15871,0.853,0.03812,-0.05475,-0.05581,-0.27429,-0.00509,0.10029,-0.01304,0.26388,0.16038,0.17841,0.03013,0.07349,-0.02057,0.04055,-0.01779,0.05097,-0.03152,-0.01257,0.00321,0.00435,0.24145,0.03814,0.20218,0.04228,0.21487
54.72,0.00907,-0.00316,0.01047,0.03635,-0.08018,0.05444,0.00872,0.07621,0.03878,0.03845,-0.05178,0,0.09446,-0.18267,0.80632,0.10468,-0.02985,-0.03252,-0.22856,-0.04829,0.09577,-0.016,0.24411,0.13409,0.13222,0.04589,0.07471,-0.01597,0.04897,-0.0122,0.04647,-0.02485,-0.00936,0.00368,0.00524,0.18587,-0.04813,0.06514,0.06046,0.25716
54.74,0.0072,-0.00263,0.0112,0.03794,-0.07292,0.05027,-0.00768,0.08125,0.04487,0.00574,-0.01776,0,0.03848,-0.19707,0.74796,0.15194,-0.01644,-0.03048,-0.19421,-0.07959,0.09497,-0.0187,0.22432,0.11419,0.06408,0.07212,0.07059,-0.01279,0.05641,-0.00682,0.04127,-0.01931,-0.00682,0.00417,0.00631,0.13373,-0.1077,-0.07903,0.07,0.28392
54.76,0.00493,-0.00243,0.01186,0.03868,-0.06077,0.04698,-0.02861,0.08421,0.05141,-0.03147,0.01569,0,0.00071,-0.20327,0.68505,0.18144,-0.00413,-0.05332,-0.17258,-0.09856,0.09857,-0.02065,0.20564,0.10157,-0.02685,0.10956,0.06088,-0.01128,0.06201,-0.00108,0.03531,-0.01497,-0.00496,0.0046,0.00743,0.08622,-0.13879,-0.22761,0.07085,0.29196
54.78,0.00245,-0.00246,0.01242,0.03854,-0.04445,0.04464,-0.05292,0.08514,0.05851,-0.07199,0.04825,0,-0.02017,-0.20278,0.62156,0.19577,0.01786,-0.10258,-0.16308,-0.10558,0.10672,-0.02117,0.18902,0.09595,-0.14028,0.15776,0.0461,-0.01115,0.06595,0.00514,0.02871,-0.0118,-0.00377,0.00483,0.00845,0.04426,-0.14133,-0.37746,0.06234,0.27991
54.8,-4e-05,-0.00269,0.01285,0.03752,-0.02515,0.04332,-0.07894,0.08421,0.06638,-0.11404,0.07953,0,-0.02651,-0.19713,0.55905,0.19821,0.06052,-0.17777,-0.16354,-0.10163,0.11911,-0.01939,0.17538,0.09613,-0.27419,0.21496,0.02751,-0.01163,0.06933,0.01151,0.02171,-0.00972,-0.00318,0.00466,0.00912,0.00881,-0.11648,-0.5241,0.04322,0.24793
54.82,-0.00232,-0.00305,0.01313,0.03558,-0.00425,0.04303,-0.10473,0.0816,0.07524,-0.15564,0.1091,0,-0.02116,-0.18776,0.49736,0.19231,0.13452,-0.27691,-0.17078,-0.08805,0.13508,-0.01422,0.16566,0.1004,-0.42498,0.27858,0.00676,-0.01163,0.0738,0.01745,0.01465,-0.00863,-0.00311,0.00388,0.0091,-0.01915,-0.06614,-0.66236,0.01201,0.1972
54.84,-0.00422,-0.0035,0.01328,0.03271,0.01702,0.04375,-0.12861,0.0775,0.0853,-0.19519,0.13673,0,-0.007,-0.17579,0.43539,0.18158,0.24947,-0.39729,-0.18124,-0.06627,0.15377,-0.00441,0.16078,0.1071,-0.58792,0.34605,-0.01462,-0.01001,0.08121,0.02238,0.00779,-0.00844,-0.00347,0.00222,0.00798,-0.03901,0.00748,-0.78802,-0.03247,0.12935
54.86,-0.00564,-0.00398,0.01329,0.02898,0.03778,0.04534,-0.14944,0.07207,0.09663,-0.23188,0.16247,0,0.01334,-0.16203,0.37185,0.16924,0.41291,-0.53551,-0.19141,-0.03782,0.17423,0.01142,0.16163,0.11491,-0.75695,0.41511,-0.03545,-0.0057,0.0932,0.02596,0.00124,-0.00907,-0.00422,-0.00065,0.00526,-0.05071,0.10185,-0.89862,-0.09058,0.04631
54.88,-0.00653,-0.00448,0.01314,0.02457,0.05738,0.04756,-0.1665,0.06549,0.10906,-0.26542,0.18641,0,0.0374,-0.14702,0.30587,0.15831,0.62907,-0.68652,-0.19782,-0.00451,0.19525,0.03464,0.16909,0.12294,-0.92336,0.48344,-0.05489,0.00222,0.11114,0.02808,-0.00499,-0.01045,-0.00531,-0.00504,0.00036,-0.05466,0.21343,-0.99273,-0.16127,-0.04919
54.9,-0.00692,-0.00492,0.01283,0.01975,0.07522,0.05008,-0.17932,0.05799,0.12213,-0.29573,0.20852,0,0.06281,-0.13114,0.23747,0.15156,0.89745,-0.84284,-0.1971,0.03151,0.21527,0.06651,0.184,0.13061,-1.07504,0.54816,-0.07222,0.01442,0.13592,0.02878,-0.01094,-0.01254,-0.00671,-0.01125,-0.00735,-0.05163,0.33732,-1.06901,-0.24184,-0.15311
54.92,-0.00687,-0.00528,0.01234,0.01486,0.09077,0.05252,-0.18761,0.04985,0.13516,-0.32278,0.22848,0,0.0875,-0.11459,0.16714,0.15124,1.2117,-0.99505,-0.18655,0.06801,0.23259,0.10787,0.20704,0.13743,-1.19843,0.60607,-0.08685,0.03117,0.16767,0.02825,-0.01664,-0.01524,-0.00838,-0.01955,-0.01846,-0.04253,0.46798,-1.12595,-0.32827,-0.26035
54.94,-0.00642,-0.00552,0.01167,0.01022,0.10363,0.05451,-0.19123,0.04138,0.14745,-0.34649,0.24574,0,0.11009,-0.0973,0.09514,0.1585,1.55843,-1.1333,-0.16495,0.10325,0.24577,0.15885,0.23848,0.14287,-1.28227,0.65426,-0.09838,0.05206,0.20538,0.02668,-0.0221,-0.01842,-0.01024,-0.03005,-0.03349,-0.02828,0.60078,-1.16211,-0.4159,-0.36565
54.96,-0.00566,-0.00562,0.01083,0.00605,0.11353,0.05579,-0.19026,0.03294,0.15829,-0.36663,0.25941,0,0.13007,-0.07892,0.0212,0.17297,1.91519,-1.24786,-0.13324,0.13623,0.25386,0.21846,0.27798,0.14609,-1.31995,0.69052,-0.10666,0.07571,0.24647,0.02428,-0.02723,-0.02184,-0.01216,-0.04267,-0.05275,-0.00977,0.73258,-1.17621,-0.49969,-0.46369
54.98,-0.00467,-0.00557,0.00984,0.00249,0.12026,0.05616,-0.18494,0.02501,0.16695,-0.3826,0.26814,0,0.14772,-0.05899,-0.05504,0.1926,2.24717,-1.32829,-0.09495,0.16651,0.25639,0.28409,0.32417,0.14596,-1.30968,0.713,-0.11171,0.09955,0.28636,0.02124,-0.03179,-0.02513,-0.01396,-0.05703,-0.0762,0.01203,0.86091,-1.16698,-0.57356,-0.5484
55,-0.00356,-0.00538,0.00878,-0.00032,0.12363,0.05552,-0.17569,0.01821,0.17257,-0.39336,0.27012,0,0.16388,-0.03708,-0.13344,0.21376,2.50697,-1.36292,-0.056,0.19394,0.25325,0.35126,0.37455,0.14106,-1.25365,0.71998,-0.11362,0.11986,0.31858,0.01774,-0.03541,-0.02776,-0.01537,-0.07234,-0.10332,0.03596,0.983,-1.13307,-0.63013,-0.61257
55.02,-0.00241,-0.00507,0.00771,-0.00231,0.12344,0.05381,-0.16301,0.01321,0.17433,-0.39764,0.26342,0,0.17963,-0.01293,-0.21334,0.23212,2.6433,-1.34048,-0.02338,0.21853,0.24451,0.4146,0.42578,0.13014,-1.15673,0.71,-0.11255,0.13259,0.33616,0.014,-0.03764,-0.02921,-0.0161,-0.08763,-0.13327,0.0608,1.0959,-1.07354,-0.66201,-0.64905
55.04,-0.00131,-0.00467,0.00668,-0.00349,0.11967,0.05103,-0.14747,0.01049,0.17159,-0.3944,0.24668,0,0.19607,0.01339,-0.29393,0.24397,2.61592,-1.2532,-0.00311,0.24047,0.23034,0.46939,0.47438,0.11268,-1.02481,0.68225,-0.10875,0.13468,0.33387,0.01019,-0.03817,-0.02908,-0.01595,-0.10193,-0.16512,0.08551,1.19737,-0.98871,-0.66425,-0.6532
55.06,-0.00035,-0.00419,0.00573,-0.00398,0.11253,0.04728,-0.12971,0.01019,0.16414,-0.38316,0.21959,0,0.21403,0.04133,-0.37415,0.2471,2.4062,-1.09936,0.0012,0.26006,0.2109,0.51253,0.51705,0.08947,-0.86434,0.63699,-0.10255,0.12499,0.30991,0.00649,-0.0369,-0.02721,-0.01485,-0.11446,-0.19792,0.10928,1.28612,-0.88112,-0.63599,-0.62461
55.08,0.00043,-0.00367,0.00486,-0.00397,0.10257,0.04274,-0.11054,0.01212,0.15224,-0.36419,0.18325,0,0.23387,0.06959,-0.45213,0.24094,2.02091,-0.88496,-0.01144,0.27757,0.18647,0.54235,0.55038,0.06281,-0.68322,0.57601,-0.09444,0.1046,0.26634,0.00309,-0.03402,-0.02376,-0.01289,-0.12452,-0.23046,0.13138,1.36122,-0.75649,-0.58106,-0.56766
55.1,0.00097,-0.00315,0.00405,-0.00379,0.09066,0.03772,-0.09109,0.01577,0.1366,-0.33846,0.14011,0,0.25542,0.09606,-0.52463,0.22641,1.49078,-0.62378,-0.0396,0.29307,0.15762,0.55824,0.57067,0.03649,-0.49166,0.50263,-0.0851,0.07651,0.20879,0.00023,-0.02997,-0.01914,-0.01031,-0.13143,-0.26115,0.15101,1.42135,-0.62394,-0.50752,-0.49098
55.12,0.00125,-0.00268,0.0033,-0.00378,0.07785,0.03258,-0.0726,0.02042,0.11825,-0.30743,0.09349,0,0.27806,0.11824,-0.58758,0.20534,0.86211,-0.33451,-0.08014,0.30644,0.12514,0.56032,0.57445,0.01483,-0.30081,0.42112,-0.0753,0.04479,0.1447,-0.00186,-0.02528,-0.01392,-0.00744,-0.13461,-0.28818,0.16723,1.46493,-0.49407,-0.42549,-0.40534
55.14,0.00124,-0.00229,0.00259,-0.00425,0.06518,0.02767,-0.05614,0.0253,0.09824,-0.27272,0.04662,0,0.30098,0.13414,-0.63705,0.1798,0.18395,-0.03594,-0.12904,0.31754,0.09005,0.54934,0.55952,0.00123,-0.1203,0.33554,-0.06583,0.01308,0.08068,-0.00297,-0.02046,-0.00861,-0.00456,-0.13376,-0.31016,0.17914,1.49069,-0.3757,-0.34405,-0.32032
55.16,0.00098,-0.00199,0.00194,-0.00545,0.05353,0.02322,-0.04246,0.02968,0.07753,-0.23597,0.0022,0,0.32328,0.14272,-0.6699,0.15172,-0.498,0.25522,-0.1818,0.32627,0.05362,0.52668,0.52579,-0.00282,0.04298,0.2493,-0.05742,-0.01615,0.02098,-0.003,-0.01585,-0.00355,-0.00186,-0.12897,-0.32639,0.18593,1.49808,-0.27395,-0.26933,-0.24247
55.18,0.00052,-0.00177,0.00137,-0.00755,0.04371,0.01945,-0.03202,0.03283,0.05712,-0.19908,-0.03739,0,0.34381,0.14402,-0.68359,0.12294,-1.13794,0.52272,-0.23315,0.33251,0.01768,0.49443,0.47567,0.00208,0.18388,0.16563,-0.05084,-0.0417,-0.03243,-0.00191,-0.01164,0.00108,0.00058,-0.12083,-0.33679,0.18677,1.48723,-0.19064,-0.20466,-0.17535
55.2,-5e-05,-0.00159,0.00094,-0.0106,0.03652,0.01651,-0.02515,0.03405,0.03816,-0.16444,-0.06979,0,0.36106,0.13891,-0.676,0.09541,-1.68645,0.7491,-0.27692,0.33601,-0.01523,0.45539,0.4139,0.01353,0.29777,0.0882,-0.04687,-0.06321,-0.07928,0.00023,-0.00792,0.00521,0.00272,-0.11036,-0.34172,0.18082,1.45876,-0.12528,-0.15127,-0.12033
55.22,-0.0006,-0.00142,0.00071,-0.01459,0.03268,0.01455,-0.02197,0.03273,0.02175,-0.13448,-0.09302,0,0.37327,0.12881,-0.64566,0.07086,-2.09666,0.91788,-0.30695,0.33636,-0.04228,0.41246,0.34641,0.0282,0.38086,0.02057,-0.04626,-0.08092,-0.12022,0.00331,-0.00472,0.00881,0.00458,-0.0988,-0.34176,0.16726,1.41337,-0.07596,-0.10896,-0.07732
55.24,-0.00105,-0.00123,0.00071,-0.01942,0.0326,0.01359,-0.02228,0.0286,0.00864,-0.11101,-0.1061,0,0.3788,0.11528,-0.59249,0.05035,-2.33701,1.01827,-0.31871,0.33293,-0.06123,0.3676,0.27844,0.043,0.4316,-0.03482,-0.04945,-0.09524,-0.15623,0.00714,-0.00201,0.01191,0.00619,-0.08728,-0.33754,0.14551,1.35152,-0.04002,-0.07666,-0.04525
55.26,-0.00134,-0.00097,0.00093,-0.02492,0.03626,0.01356,-0.02543,0.0218,-0.00106,-0.0948,-0.10958,0,0.37633,0.09975,-0.51849,0.03392,-2.39954,1.04828,-0.31041,0.32488,-0.0709,0.32141,0.21348,0.05586,0.45146,-0.07732,-0.0564,-0.10657,-0.188,0.01151,0.00029,0.01454,0.00756,-0.0766,-0.32963,0.11538,1.27332,-0.01453,-0.05282,-0.02253
55.28,-0.00142,-0.00064,0.00128,-0.0308,0.04319,0.01424,-0.03029,0.01302,-0.00779,-0.08554,-0.10553,0,0.36491,0.08364,-0.42843,0.02069,-2.30103,1.01505,-0.28328,0.31118,-0.07123,0.27325,0.15354,0.0658,0.44499,-0.10778,-0.06653,-0.11503,-0.21554,0.0161,0.00224,0.0167,0.00869,-0.0673,-0.31852,0.07736,1.17915,0.00328,-0.03577,-0.00742
55.3,-0.0013,-0.00021,0.00165,-0.03663,0.05244,0.01531,-0.0353,0.00345,-0.01242,-0.08216,-0.09731,0,0.34394,0.0684,-0.32988,0.00906,-2.0791,0.93334,-0.24127,0.29072,-0.06311,0.22176,0.09967,0.07282,0.41911,-0.12812,-0.07874,-0.12049,-0.238,0.02049,0.0039,0.01835,0.00954,-0.05974,-0.30471,0.03272,1.07,0.0158,-0.02392,0.00182
55.32,-0.001,0.00032,0.0019,-0.04191,0.06282,0.0164,-0.03869,-0.00553,-0.01597,-0.08303,-0.0887,0,0.3131,0.05537,-0.23165,-0.00289,-1.78203,0.8217,-0.18972,0.26241,-0.04809,0.16543,0.05216,0.07762,0.38177,-0.14081,-0.09161,-0.12265,-0.25413,0.02424,0.00532,0.01941,0.01007,-0.05411,-0.28862,-0.01691,0.94716,0.02495,-0.0159,0.00674
55.34,-0.00054,0.00093,0.00191,-0.04625,0.07317,0.01719,-0.03887,-0.0128,-0.01933,-0.0863,-0.08274,0,0.27227,0.04552,-0.14108,-0.01696,-1.45468,0.69718,-0.13361,0.22539,-0.02809,0.10313,0.01047,0.08138,0.34004,-0.14834,-0.10377,-0.12131,-0.26294,0.02693,0.00655,0.01985,0.01023,-0.05042,-0.27051,-0.07015,0.81129,0.03218,-0.0105,0.00868
55.36,6e-05,0.00163,0.0016,-0.04943,0.08254,0.01744,-0.03462,-0.01777,-0.02299,-0.09006,-0.08091,0,0.22168,0.03928,-0.06262,-0.03444,-1.13017,0.57231,-0.07649,0.1793,-0.00529,0.03479,-0.02669,0.08558,0.29905,-0.1529,-0.11408,-0.11653,-0.26426,0.02831,0.00764,0.01963,0.01003,-0.04846,-0.25049,-0.12618,0.66242,0.03847,-0.00671,0.00877
55.38,0.00077,0.00237,0.00096,-0.05139,0.09012,0.017,-0.02522,-0.02048,-0.02698,-0.09237,-0.08295,0,0.16228,0.03656,0.00205,-0.0559,-0.83011,0.45512,-0.02067,0.12463,0.01776,-0.03798,-0.06108,0.09191,0.26201,-0.15628,-0.12163,-0.10877,-0.25881,0.02823,0.00864,0.01879,0.00948,-0.04787,-0.22864,-0.18439,0.50088,0.04428,-0.00373,0.00789
55.4,0.00155,0.00314,5e-05,-0.05221,0.09518,0.01584,-0.01042,-0.02139,-0.03091,-0.09127,-0.08716,0,0.09591,0.03686,0.05308,-0.08118,-0.5676,0.3504,0.0323,0.06298,0.0381,-0.11163,-0.09451,0.10216,0.2306,-0.15978,-0.12564,-0.09877,-0.24803,0.02667,0.00959,0.0174,0.00867,-0.04811,-0.20517,-0.24398,0.32832,0.04952,-0.00103,0.00669
55.42,0.00238,0.00389,-0.00107,-0.05198,0.09711,0.01392,0.00972,-0.02122,-0.03418,-0.08502,-0.09112,0,0.02487,0.03953,0.09164,-0.1096,-0.34927,0.26044,0.08145,-0.0034,0.05283,-0.18179,-0.12862,0.1177,0.20546,-0.16433,-0.12549,-0.08742,-0.23373,0.02367,0.0105,0.01555,0.00766,-0.04859,-0.18031,-0.304,0.1471,0.05378,0.00173,0.00561
55.44,0.00324,0.00465,-0.0023,-0.05077,0.09549,0.0112,0.03502,-0.02058,-0.03638,-0.07232,-0.09299,0,-0.04903,0.04402,0.11912,-0.1405,-0.17643,0.18562,0.1263,-0.07246,0.05993,-0.24505,-0.16459,0.13884,0.18657,-0.17058,-0.12078,-0.07544,-0.21744,0.01939,0.01137,0.01335,0.00654,-0.04871,-0.15414,-0.36373,-0.04117,0.05662,0.00475,0.00494
55.46,0.00414,0.00546,-0.00359,-0.04852,0.09015,0.00755,0.06522,-0.01979,-0.03751,-0.05268,-0.09221,0,-0.12487,0.05007,0.13657,-0.17337,-0.0463,0.12494,0.16678,-0.14261,0.05886,-0.30008,-0.20293,0.16429,0.17365,-0.17897,-0.11148,-0.06317,-0.20014,0.01403,0.0122,0.01088,0.00536,-0.04795,-0.12651,-0.4227,-0.23602,0.05775,0.00813,0.0048
55.48,0.0051,0.00646,-0.00489,-0.04506,0.08122,0.00277,0.09978,-0.01878,-0.03804,-0.02656,-0.08975,0,-0.20213,0.05777,0.1443,-0.20772,0.04644,0.07672,0.20282,-0.2123,0.05062,-0.34745,-0.24308,0.19081,0.16629,-0.18967,-0.09798,-0.05068,-0.18227,0.00794,0.01295,0.00826,0.00416,-0.04587,-0.09729,-0.48021,-0.43675,0.05709,0.01185,0.00524
55.5,0.00614,0.00781,-0.00616,-0.04015,0.06912,-0.00336,0.13771,-0.01717,-0.03882,0.00463,-0.08797,0,-0.28015,0.06738,0.14197,-0.24283,0.10834,0.03911,0.23407,-0.27962,0.03759,-0.38894,-0.28327,0.21336,0.16416,-0.20258,-0.08107,-0.03785,-0.16393,0.00158,0.01355,0.00563,0.00298,-0.04212,-0.06649,-0.53504,-0.64111,0.05474,0.01583,0.00618
55.52,0.00729,0.00965,-0.00736,-0.03353,0.05441,-0.01104,0.1778,-0.01438,-0.04091,0.03892,-0.08986,0,-0.35811,0.07918,0.12919,-0.27768,0.14616,0.01031,0.25998,-0.34257,0.02288,-0.42669,-0.32092,0.22642,0.16713,-0.2174,-0.06173,-0.02452,-0.1451,-0.00451,0.01393,0.00313,0.00186,-0.03642,-0.03421,-0.58557,-0.84581,0.05095,0.01996,0.00752
55.54,0.00856,0.0121,-0.00848,-0.02503,0.03754,-0.02044,0.219,-0.0098,-0.0452,0.07454,-0.09813,0,-0.43541,0.09318,0.10658,-0.31114,0.16615,-0.01155,0.28012,-0.39993,0.00939,-0.46224,-0.35347,0.2259,0.17544,-0.23379,-0.04073,-0.01063,-0.12589,-0.00995,0.01405,0.00091,0.00083,-0.0285,-0.00037,-0.63043,-1.0481,0.04602,0.02438,0.00929
55.56,0.00991,0.01514,-0.00951,-0.01468,0.01877,-0.03156,0.26056,-0.00295,-0.05222,0.11022,-0.11448,0,-0.51166,0.1089,0.07666,-0.34186,0.17362,-0.02835,0.2944,-0.45166,-0.00083,-0.49568,-0.37878,0.21055,0.18968,-0.25142,-0.01848,0.00363,-0.10682,-0.01453,0.0139,-0.00091,-6e-05,-0.01817,0.03534,-0.66878,-1.24625,0.04034,0.02957,0.01167
55.58,0.01129,0.01862,-0.01048,-0.00281,-0.00173,-0.04423,0.3018,0.00646,-0.06203,0.14507,-0.13931,0,-0.58612,0.12514,0.04425,-0.3681,0.17267,-0.04192,0.30297,-0.49854,-0.00659,-0.52527,-0.39508,0.18242,0.2108,-0.26988,0.00484,0.0177,-0.08896,-0.01825,0.01353,-0.00224,-0.00077,-0.00539,0.07323,-0.70006,-1.4381,0.03438,0.03631,0.01502
55.6,0.01257,0.02227,-0.01141,0.00995,-0.02371,-0.05797,0.34175,0.01847,-0.07418,0.17825,-0.17167,0,-0.65718,0.14,0.0163,-0.38751,0.1662,-0.05376,0.30603,-0.54174,-0.00745,-0.5474,-0.40079,0.14649,0.23989,-0.28857,0.02916,0.03057,-0.07403,-0.02122,0.01303,-0.00297,-0.00121,0.00973,0.11332,-0.72371,-1.61977,0.02875,0.04571,0.01985
55.62,0.01362,0.02572,-0.0123,0.02278,-0.0469,-0.07217,0.37934,0.03283,-0.08786,0.2089,-0.20949,0,-0.72272,0.15111,0.00071,-0.39751,0.15608,-0.06497,0.30384,-0.58238,-0.00368,-0.55762,-0.39473,0.10928,0.278,-0.30681,0.05437,0.04107,-0.06392,-0.02364,0.01251,-0.00301,-0.00131,0.0269,0.15532,-0.73921,-1.78631,0.02411,0.05914,0.02684
55.64,0.01434,0.02868,-0.01317,0.03502,-0.07097,-0.08625,0.41366,0.04908,-0.102,0.2362,-0.24984,0,-0.78099,0.15618,0.00429,-0.39586,0.14365,-0.07602,0.29663,-0.62125,0.00392,-0.55238,-0.37671,0.07672,0.32576,-0.32417,0.08034,0.0483,-0.05999,-0.02564,0.01201,-0.00231,-0.00104,0.04576,0.19878,-0.74636,-1.93365,0.02103,0.07829,0.03686
55.66,0.01463,0.03099,-0.01399,0.04626,-0.09557,-0.0998,0.44411,0.06638,-0.11542,0.25933,-0.28905,0,-0.83103,0.1533,0.03135,-0.38123,0.12997,-0.0867,0.28466,-0.65849,0.01397,-0.53021,-0.34792,0.05279,0.38301,-0.34053,0.10685,0.05187,-0.06256,-0.02724,0.01151,-0.00087,-0.00037,0.06587,0.24299,-0.74549,-2.05946,0.01992,0.10507,0.0509
55.68,0.0145,0.03259,-0.0147,0.05632,-0.12009,-0.11245,0.47023,0.08347,-0.1267,0.27725,-0.32237,0,-0.87239,0.14103,0.08322,-0.35328,0.11607,-0.09594,0.26832,-0.69323,0.02445,-0.49217,-0.31127,0.0394,0.4483,-0.35607,0.13328,0.05199,-0.07076,-0.02832,0.0109,0.00123,0.00065,0.08656,0.28666,-0.73751,-2.16242,0.02101,0.14142,0.06998
55.7,0.01396,0.03356,-0.01522,0.06516,-0.14352,-0.1238,0.49143,0.09855,-0.13415,0.2886,-0.34404,0,-0.90467,0.11841,0.15832,-0.31277,0.10303,-0.10191,0.24816,-0.72345,0.03279,-0.44167,-0.27125,0.03673,0.51861,-0.37101,0.15857,0.04936,-0.08267,-0.02863,0.01001,0.00383,0.00192,0.10684,0.32768,-0.72375,-2.24112,0.02435,0.18905,0.09505
55.72,0.01306,0.03401,-0.01545,0.07281,-0.16464,-0.13346,0.50701,0.1097,-0.13614,0.29199,-0.34834,0,-0.92742,0.08516,0.25265,-0.26127,0.09221,-0.10256,0.2249,-0.74651,0.03639,-0.38342,-0.23293,0.04364,0.58974,-0.38543,0.1814,0.04496,-0.09573,-0.02788,0.00863,0.00673,0.00332,0.1255,0.36347,-0.70569,-2.29393,0.02969,0.24906,0.12676
55.74,0.01184,0.03402,-0.01531,0.07936,-0.18238,-0.14112,0.51637,0.11545,-0.13163,0.28651,-0.33158,0,-0.9403,0.04192,0.36068,-0.20088,0.08532,-0.09661,0.1993,-0.76023,0.03344,-0.32197,-0.20033,0.05819,0.65728,-0.39897,0.20061,0.03989,-0.10731,-0.02586,0.00656,0.00972,0.00472,0.1415,0.39173,-0.68443,-2.31956,0.03632,0.32145,0.1652
55.76,0.01032,0.03366,-0.01479,0.08491,-0.19598,-0.14662,0.51915,0.11519,-0.12058,0.27223,-0.29343,0,-0.94313,-0.00938,0.47549,-0.13423,0.08462,-0.08412,0.1723,-0.76354,0.02347,-0.26077,-0.17536,0.07789,0.7169,-0.41066,0.21553,0.03518,-0.11506,-0.02257,0.00371,0.0126,0.00603,0.15408,0.41086,-0.6605,-2.31738,0.04289,0.4045,0.20961
55.78,0.00852,0.03293,-0.01393,0.08957,-0.205,-0.14991,0.51518,0.10929,-0.10407,0.25032,-0.23757,0,-0.93584,-0.06508,0.58796,-0.06495,0.09295,-0.06678,0.14511,-0.75661,0.00759,-0.2025,-0.15779,0.0996,0.76402,-0.41873,0.22588,0.0318,-0.11699,-0.01826,5e-05,0.01518,0.00714,0.16273,0.41993,-0.63393,-2.28745,0.04732,0.49407,0.258
55.8,0.00646,0.03178,-0.01281,0.09337,-0.2091,-0.15099,0.50445,0.09893,-0.08427,0.22299,-0.1713,0,-0.91841,-0.11971,0.68643,0.00201,0.11351,-0.04779,0.11943,-0.74059,-0.01166,-0.14948,-0.14574,0.11957,0.79349,-0.42065,0.23158,0.03068,-0.11141,-0.01342,-0.00432,0.01724,0.00796,0.16707,0.41839,-0.60449,-2.23031,0.04694,0.58323,0.3069
55.82,0.00417,0.03014,-0.01157,0.09628,-0.20806,-0.14994,0.48702,0.08572,-0.06377,0.19295,-0.10344,0,-0.89075,-0.16709,0.75844,0.06126,0.14887,-0.03097,0.09709,-0.717,-0.03116,-0.10364,-0.1365,0.13383,0.80013,-0.41371,0.23263,0.03254,-0.09721,-0.00861,-0.00919,0.01857,0.00841,0.16677,0.40593,-0.57172,-2.14649,0.03913,0.66318,0.35183
55.84,0.00165,0.02796,-0.01031,0.09828,-0.20171,-0.1469,0.46295,0.07107,-0.04475,0.16252,-0.0412,0,-0.8526,-0.20216,0.79401,0.10842,0.19949,-0.01958,0.07942,-0.68689,-0.04839,-0.06615,-0.12775,0.13894,0.77996,-0.39582,0.22894,0.03758,-0.07434,-0.00428,-0.01434,0.01906,0.00845,0.16161,0.38226,-0.53495,-2.03591,0.02227,0.72503,0.38811
55.86,-0.00106,0.0252,-0.00909,0.09942,-0.19004,-0.14215,0.43236,0.05592,-0.02832,0.13318,0.01187,0,-0.80365,-0.22215,0.78777,0.14101,0.2625,-0.01546,0.06699,-0.65035,-0.06217,-0.03723,-0.11832,0.13248,0.73115,-0.36622,0.22028,0.04535,-0.04423,-0.00062,-0.01949,0.0187,0.00809,0.15148,0.34714,-0.49348,-1.89799,-0.0035,0.76087,0.41131
55.88,-0.00391,0.0219,-0.00791,0.09973,-0.1732,-0.13613,0.39564,0.04066,-0.01459,0.10561,0.05593,0,-0.74384,-0.22668,0.73941,0.15841,0.33092,-0.01891,0.05952,-0.60661,-0.07279,-0.0164,-0.10853,0.11322,0.65455,-0.32584,0.20629,0.05455,-0.0101,0.00245,-0.02427,0.01762,0.00741,0.13648,0.30057,-0.44685,-1.73254,-0.03588,0.76356,0.41714
55.9,-0.00682,0.01817,-0.00677,0.09931,-0.15161,-0.12944,0.35362,0.02539,-0.00288,0.08001,0.09403,0,-0.67368,-0.21736,0.65315,0.16141,0.39389,-0.02884,0.05611,-0.55444,-0.0817,-0.00276,-0.10005,0.08092,0.55361,-0.27723,0.18654,0.06319,0.02314,0.00521,-0.02826,0.01605,0.00655,0.11693,0.24303,-0.39515,-1.5406,-0.07061,0.72675,0.40145
55.92,-0.00967,0.01417,-0.00564,0.09819,-0.12581,-0.12269,0.30733,0.00999,0.00797,0.05621,0.13069,0,-0.59402,-0.19698,0.53589,0.15168,0.43914,-0.04338,0.05546,-0.49242,-0.09096,0.00478,-0.09519,0.03578,0.43329,-0.22365,0.16062,0.06903,0.05004,0.00806,-0.03098,0.01429,0.00567,0.09329,0.17542,-0.33882,-1.32401,-0.10245,0.64574,0.36088
55.94,-0.01236,0.01003,-0.00448,0.09634,-0.09628,-0.11631,0.2576,-0.00572,0.0191,0.03371,0.17002,0,-0.5056,-0.16856,0.3948,0.13123,0.45689,-0.0606,0.05601,-0.41928,-0.10244,0.00739,-0.09593,-0.02239,0.29822,-0.16773,0.12826,0.07037,0.06636,0.01143,-0.03209,0.01257,0.00489,0.06605,0.09889,-0.27828,-1.08428,-0.1269,0.5193,0.29415
55.96,-0.01485,0.00583,-0.00329,0.09363,-0.0634,-0.1104,0.20494,-0.02181,0.03132,0.01181,0.21441,0,-0.40896,-0.13476,0.23614,0.10213,0.44254,-0.07902,0.05618,-0.33438,-0.11723,0.0062,-0.10312,-0.0945,0.15202,-0.11062,0.0895,0.06651,0.07027,0.01561,-0.03146,0.01105,0.00427,0.03568,0.01494,-0.21386,-0.82267,-0.14126,0.35141,0.20316
55.98,-0.01709,0.00164,-0.00209,0.08981,-0.02772,-0.10477,0.14988,-0.0381,0.04495,-0.01021,0.26377,0,-0.30522,-0.09802,0.0661,0.06665,0.39737,-0.09751,0.05431,-0.23847,-0.13545,0.00228,-0.1163,-0.18179,-0.00188,-0.05228,0.04499,0.05796,0.06265,0.02079,-0.02919,0.00975,0.00383,0.0029,-0.07385,-0.14622,-0.54203,-0.14477,0.15282,0.09393
56,-0.01907,-0.00248,-0.00092,0.08457,0.00987,-0.09897,0.09333,-0.05406,0.05977,-0.03294,0.31558,0,-0.19661,-0.06073,-0.10815,0.02736,0.32788,-0.11523,0.04877,-0.13409,-0.15616,-0.00332,-0.13378,-0.28504,-0.15921,0.00797,-0.00378,0.04627,0.04663,0.02698,-0.0256,0.00862,0.00351,-0.03116,-0.16349,-0.07681,-0.24843,-0.1383,-0.05878,-0.02342
56.02,-0.02074,-0.00645,0.00012,0.07761,0.04831,-0.09245,0.03643,-0.06904,0.07518,-0.05681,0.36595,0,-0.08601,-0.02522,-0.27891,-0.01292,0.24349,-0.13144,0.03807,-0.02487,-0.17786,-0.0096,-0.15312,-0.40323,-0.31509,0.07084,-0.05486,0.03356,0.0266,0.03408,-0.02111,0.00757,0.00325,-0.06513,-0.24926,-0.00751,0.05019,-0.12378,-0.26246,-0.13683
56.04,-0.02209,-0.01022,0.00098,0.06862,0.08668,-0.08468,-0.0199,-0.08254,0.09058,-0.0822,0.384,0,0.02408,0.00649,-0.43926,-0.05155,0.1532,-0.14549,0.02109,0.08578,-0.19903,-0.01549,-0.1718,-0.532,-0.46516,0.13646,-0.10646,0.02174,0.00665,0.0419,-0.01618,0.00652,0.00296,-0.09771,-0.32724,0.06009,0.34707,-0.1035,-0.44019,-0.23586
56.06,-0.02308,-0.01378,0.00161,0.05743,0.12435,-0.07528,-0.07511,-0.09441,0.10547,-0.10946,0.384,0,0.13199,0.03279,-0.58345,-0.08603,0.06358,-0.15675,-0.00267,0.19524,-0.2185,-0.01987,-0.18766,-0.66209,-0.6057,0.20371,-0.15727,0.01208,-0.0104,0.05024,-0.01116,0.00541,0.00263,-0.12784,-0.39505,0.12496,0.63781,-0.07969,-0.58042,-0.31384
56.08,-0.02369,-0.01712,0.00199,0.04409,0.16072,-0.06411,-0.12862,-0.10481,0.11945,-0.13864,0.384,0,0.2361,0.05222,-0.70585,-0.11387,-0.02102,-0.16445,-0.0329,0.301,-0.23544,-0.02143,-0.19887,-0.77794,-0.73268,0.26958,-0.2061,0.00516,-0.02307,0.05879,-0.00638,0.00427,0.00223,-0.15448,-0.45151,0.18623,0.91837,-0.05459,-0.67793,-0.36779
56.1,-0.02387,-0.02021,0.00209,0.02889,0.19495,-0.05132,-0.17944,-0.11411,0.13205,-0.16938,0.384,0,0.33414,0.06334,-0.80013,-0.1323,-0.09773,-0.16768,-0.06839,0.3999,-0.24917,-0.0187,-0.20382,-0.85805,-0.84082,0.32901,-0.25156,0.00097,-0.03105,0.06708,-0.00214,0.00315,0.00179,-0.1764,-0.49606,0.2427,1.18313,-0.03055,-0.73215,-0.39748
56.12,-0.02359,-0.02301,0.00195,0.01234,0.22607,-0.03725,-0.22635,-0.12266,0.14275,-0.20101,0.384,0,0.42352,0.06501,-0.86019,-0.13876,-0.16482,-0.16555,-0.10743,0.48861,-0.25914,-0.01001,-0.20127,-0.88015,-0.92444,0.37612,-0.29215,-0.00086,-0.03477,0.07462,0.00127,0.00217,0.00138,-0.19241,-0.52859,0.2931,1.42576,-0.0098,-0.74583,-0.40462
56.14,-0.02283,-0.02549,0.00158,-0.00506,0.25324,-0.02229,-0.26836,-0.13073,0.15102,-0.23288,0.384,0,0.50235,0.05679,-0.88247,-0.13157,-0.22167,-0.15748,-0.14838,0.56477,-0.26512,0.00648,-0.19068,-0.82945,-0.97929,0.40647,-0.32672,-0.00087,-0.03502,0.08102,0.00367,0.00143,0.00104,-0.20175,-0.54962,0.33669,1.64183,0.00607,-0.72378,-0.39205
56.16,-0.02162,-0.02763,0.00108,-0.02277,0.27596,-0.00678,-0.30502,-0.13833,0.15635,-0.26443,0.384,0,0.56989,0.03944,-0.86755,-0.11056,-0.26861,-0.14354,-0.19,0.62754,-0.26719,0.03264,-0.17247,-0.70467,-1.00383,0.41847,-0.35466,0.00033,-0.03266,0.08611,0.005,0.001,0.0008,-0.2044,-0.56035,0.37355,1.8301,0.01635,-0.67224,-0.36335
56.18,-0.02007,-0.02944,0.00054,-0.04019,0.29386,0.00885,-0.33611,-0.14512,0.15821,-0.295,0.384,0,0.62616,0.0151,-0.82052,-0.07729,-0.30648,-0.12455,-0.23116,0.67729,-0.26579,0.07025,-0.14819,-0.52031,-0.9992,0.41362,-0.37571,0.00217,-0.02853,0.08992,0.00528,0.00091,0.0007,-0.20107,-0.56258,0.40437,1.99126,0.02122,-0.59904,-0.32289
56.2,-0.01833,-0.0309,0.00013,-0.05651,0.30656,0.02404,-0.36135,-0.15044,0.156,-0.32364,0.384,0,0.67132,-0.01285,-0.75046,-0.03503,-0.33609,-0.10212,-0.27058,0.71495,-0.26162,0.12071,-0.12051,-0.30518,-0.96872,0.39601,-0.38973,0.00404,-0.02347,0.0926,0.00466,0.00115,0.00072,-0.1931,-0.55848,0.43012,2.12633,0.02153,-0.51349,-0.27581
56.22,-0.0166,-0.03201,-1e-05,-0.07083,0.31363,0.03814,-0.38041,-0.15344,0.14921,-0.34924,0.384,0,0.70562,-0.04041,-0.66828,0.01208,-0.35765,-0.07846,-0.3068,0.74172,-0.25544,0.18466,-0.09253,-0.09438,-0.91692,0.37105,-0.39659,0.00545,-0.01817,0.09438,0.00332,0.00168,0.00087,-0.1821,-0.55029,0.45177,2.23632,0.01852,-0.42516,-0.22733
56.24,-0.01501,-0.03273,0.00026,-0.08249,0.31477,0.05064,-0.393,-0.15345,0.13755,-0.371,0.384,0,0.72957,-0.06409,-0.58379,0.06012,-0.37012,-0.05595,-0.33847,0.75897,-0.24784,0.26153,-0.06684,0.08285,-0.84847,0.3437,-0.39627,0.00611,-0.01299,0.09544,0.00144,0.00246,0.00113,-0.1695,-0.53991,0.4702,2.3227,0.01335,-0.34182,-0.18167
56.26,-0.01367,-0.03308,0.00099,-0.09119,0.30992,0.06131,-0.39903,-0.15017,0.12118,-0.3886,0.384,0,0.74407,-0.08158,-0.50392,0.10603,-0.37086,-0.03705,-0.36439,0.76814,-0.23909,0.34892,-0.04492,0.21087,-0.7677,0.31736,-0.38893,0.00601,-0.00786,0.0959,-0.00079,0.00338,0.00145,-0.15628,-0.52866,0.48604,2.38756,0.00689,-0.26837,-0.14148
56.28,-0.01262,-0.03307,0.00215,-0.09699,0.2993,0.07012,-0.39849,-0.1438,0.10087,-0.40211,0.37522,0,0.7503,-0.09171,-0.43287,0.14745,-0.3554,-0.02433,-0.38329,0.77065,-0.22916,0.4418,-0.02716,0.28856,-0.67902,0.29383,-0.37492,0.00545,-0.00226,0.0958,-0.0032,0.0043,0.00177,-0.14298,-0.51732,0.49955,2.43305,-0.00033,-0.2071,-0.10797
56.3,-0.01183,-0.03271,0.00363,-0.10018,0.2834,0.07711,-0.39143,-0.13491,0.07801,-0.41184,0.29771,0,0.74953,-0.09431,-0.37293,0.18232,-0.31749,-0.02066,-0.39368,0.76771,-0.21781,0.53235,-0.01314,0.32664,-0.58739,0.27358,-0.35482,0.00499,0.00461,0.09505,-0.00562,0.00506,0.00202,-0.12985,-0.50623,0.51046,2.46081,-0.00802,-0.15844,-0.08136
56.32,-0.01127,-0.03204,0.00529,-0.1012,0.26287,0.08241,-0.37796,-0.12438,0.05433,-0.41824,0.21558,0,0.74293,-0.08984,-0.32494,0.20902,-0.24937,-0.02904,-0.39389,0.76027,-0.20474,0.6117,-0.0019,0.34181,-0.49787,0.25628,-0.32938,0.00524,0.01362,0.09353,-0.00786,0.00548,0.0021,-0.11691,-0.49542,0.51813,2.47187,-0.01604,-0.12163,-0.06119
56.34,-0.01087,-0.03108,0.00699,-0.10049,0.23842,0.08619,-0.35832,-0.11308,0.0314,-0.42191,0.13424,0,0.73141,-0.07914,-0.28873,0.22669,-0.14217,-0.05231,-0.38236,0.74891,-0.18971,0.6728,0.00769,0.34904,-0.41459,0.24128,-0.29933,0.00663,0.0253,0.09109,-0.0098,0.00543,0.00198,-0.104,-0.48475,0.52178,2.46688,-0.02428,-0.09512,-0.04661
56.36,-0.01059,-0.02986,0.0086,-0.09847,0.2108,0.0887,-0.33306,-0.10176,0.01041,-0.42357,0.05778,0,0.7156,-0.06328,-0.26338,0.23547,0.01323,-0.09284,-0.35787,0.73378,-0.17272,0.7123,0.0167,0.35633,-0.34031,0.22803,-0.26549,0.00919,0.03952,0.08757,-0.01136,0.00488,0.00162,-0.09086,-0.47401,0.52068,2.44636,-0.03247,-0.07702,-0.03658
56.38,-0.01036,-0.02842,0.01002,-0.0955,0.18101,0.09019,-0.30317,-0.09113,-0.00775,-0.42402,-0.01071,0,0.69592,-0.04362,-0.24759,0.23647,0.22514,-0.15218,-0.31977,0.71478,-0.15415,0.73066,0.02598,0.36326,-0.27694,0.21634,-0.22898,0.01249,0.05534,0.08292,-0.01249,0.00389,0.00107,-0.07727,-0.46301,0.51418,2.41086,-0.04017,-0.06537,-0.03006
56.4,-0.01013,-0.02684,0.01119,-0.09191,0.15041,0.09092,-0.27026,-0.08187,-0.02235,-0.42415,-0.06852,0,0.67269,-0.02186,-0.23989,0.23151,0.49932,-0.23074,-0.26812,0.69159,-0.13483,0.73138,0.03612,0.36203,-0.22602,0.20638,-0.1914,0.01567,0.07101,0.07713,-0.01319,0.00264,0.00043,-0.06312,-0.45172,0.50169,2.36103,-0.04663,-0.05829,-0.02608
56.42,-0.00985,-0.02519,0.01201,-0.08794,0.12055,0.09108,-0.23621,-0.07459,-0.0328,-0.42478,-0.11346,0,0.64609,0.00014,-0.2387,0.2228,0.83665,-0.32734,-0.2039,0.66386,-0.11589,0.71965,0.04742,0.34148,-0.18861,0.19848,-0.15457,0.01772,0.08445,0.07027,-0.01348,0.00133,-0.00022,-0.04846,-0.44014,0.48278,2.2974,-0.05083,-0.05415,-0.02382
56.44,-0.0095,-0.02352,0.01247,-0.08366,0.09267,0.09077,-0.20264,-0.0696,-0.03878,-0.42654,-0.14435,0,0.61613,0.02065,-0.24225,0.21241,1.22999,-0.43878,-0.12917,0.63119,-0.09843,0.7006,0.05987,0.29302,-0.16455,0.19277,-0.11997,0.01777,0.09397,0.06244,-0.01335,0.00014,-0.00077,-0.03343,-0.4282,0.45727,2.22014,-0.05146,-0.0517,-0.02267
56.46,-0.00908,-0.02185,0.01254,-0.07898,0.06751,0.08992,-0.17071,-0.06683,-0.04034,-0.42977,-0.16135,0,0.58264,0.03823,-0.24847,0.20198,1.66064,-0.55906,-0.04745,0.59339,-0.08329,0.67825,0.07314,0.21498,-0.15207,0.18895,-0.08853,0.01542,0.09873,0.05378,-0.01285,-0.00082,-0.00117,-0.01832,-0.41573,0.42543,2.12915,-0.04693,-0.05006,-0.02223
56.48,-0.00859,-0.0202,0.01224,-0.07365,0.04542,0.08833,-0.14122,-0.06578,-0.03791,-0.43447,-0.16585,0,0.54561,0.05162,-0.25496,0.19271,2.09421,-0.67826,0.03554,0.55077,-0.07121,0.65532,0.08649,0.11419,-0.14779,0.18623,-0.06074,0.01075,0.09887,0.04457,-0.01198,-0.00151,-0.0014,-0.00366,-0.4025,0.38821,2.02473,-0.03543,-0.04881,-0.02237
56.5,-0.00809,-0.01856,0.01165,-0.06731,0.02661,0.08564,-0.11495,-0.06563,-0.03218,-0.44032,-0.16017,0,0.50532,0.05964,-0.25903,0.18546,2.48041,-0.78249,0.11172,0.50429,-0.06285,0.63349,0.09869,0.00531,-0.14711,0.18346,-0.03698,0.00429,0.0953,0.03521,-0.01078,-0.00194,-0.00148,0.00968,-0.38835,0.34735,1.90806,-0.01496,-0.04793,-0.02315
56.52,-0.00763,-0.01694,0.01082,-0.05962,0.01121,0.08148,-0.09254,-0.06542,-0.02401,-0.44676,-0.14708,0,0.46222,0.06129,-0.25816,0.18068,2.76372,-0.85653,0.17225,0.45526,-0.05878,0.61351,0.1083,-0.09363,-0.14513,0.1793,-0.01754,-0.00314,0.08936,0.02619,-0.0093,-0.00218,-0.00145,0.02072,-0.37313,0.30486,1.78066,0.01622,-0.04767,-0.02478
56.54,-0.00725,-0.01533,0.00982,-0.05031,-0.00081,0.07554,-0.07439,-0.06426,-0.01422,-0.4531,-0.12921,0,0.41657,0.05608,-0.25068,0.1784,2.90138,-0.88858,0.21028,0.40469,-0.05918,0.59539,0.11414,-0.16796,-0.13789,0.17253,-0.00247,-0.01072,0.0823,0.01796,-0.00757,-0.00228,-0.00135,0.0287,-0.35666,0.26212,1.64324,0.05913,-0.04828,-0.02743
56.56,-0.00699,-0.01373,0.00872,-0.03938,-0.00958,0.06769,-0.06054,-0.06153,-0.00355,-0.45868,-0.10877,0,0.36836,0.04423,-0.23625,0.17808,2.87546,-0.8734,0.22273,0.35302,-0.06374,0.57848,0.11553,-0.21084,-0.12326,0.1623,0.00837,-0.0178,0.07499,0.01079,-0.00564,-0.00232,-0.00123,0.03333,-0.33872,0.21942,1.49538,0.11349,-0.04987,-0.03117
56.58,-0.00685,-0.01214,0.00756,-0.02715,-0.01532,0.05806,-0.05074,-0.05696,0.00737,-0.46277,-0.08755,0,0.31764,0.02679,-0.21608,0.17868,2.69573,-0.81308,0.21061,0.30043,-0.07158,0.5617,0.11237,-0.22399,-0.10127,0.14822,0.01528,-0.02389,0.06785,0.00486,-0.00361,-0.00233,-0.0011,0.03478,-0.31919,0.17614,1.33652,0.17724,-0.05231,-0.03583
56.6,-0.00681,-0.01058,0.00642,-0.01429,-0.01821,0.04706,-0.04464,-0.05054,0.01788,-0.46456,-0.06714,0,0.2648,0.00565,-0.1928,0.17868,2.39622,-0.71622,0.17841,0.24722,-0.0813,0.54361,0.10506,-0.2164,-0.07399,0.13039,0.01861,-0.02856,0.06095,0.00029,-0.00159,-0.00235,-0.001,0.03363,-0.29813,0.1312,1.16692,0.24628,-0.05529,-0.04108
56.62,-0.00685,-0.00908,0.00534,-0.00167,-0.01846,0.03526,-0.04172,-0.0425,0.02738,-0.46312,-0.04877,0,0.2104,-0.01695,-0.16964,0.17646,2.02383,-0.59505,0.13273,0.19375,-0.0912,0.52248,0.09426,-0.20106,-0.04469,0.10926,0.01876,-0.0315,0.05413,-0.00283,0.0003,-0.00241,-0.00095,0.03065,-0.27564,0.08346,0.98727,0.31486,-0.05827,-0.04636
56.64,-0.00692,-0.00766,0.00436,0.00995,-0.01643,0.02313,-0.04128,-0.03312,0.03547,-0.45743,-0.03321,0,0.15458,-0.03901,-0.14917,0.1707,1.62225,-0.4613,0.08028,0.14007,-0.09974,0.49618,0.08064,-0.19061,-0.01671,0.08533,0.01628,-0.03253,0.04704,-0.00453,0.00195,-0.00252,-0.00095,0.0267,-0.25151,0.03201,0.79736,0.37651,-0.06051,-0.05099
56.66,-0.00697,-0.0063,0.00351,0.02011,-0.01269,0.011,-0.04233,-0.02264,0.04202,-0.44643,-0.02066,0,0.09691,-0.05915,-0.13249,0.16073,1.22247,-0.32388,0.02684,0.08592,-0.10571,0.46227,0.06477,-0.1944,0.00732,0.05909,0.01191,-0.03163,0.03928,-0.00494,0.0033,-0.00268,-0.00101,0.02256,-0.22517,-0.02332,0.59593,0.42439,-0.06109,-0.05412
56.68,-0.00691,-0.00498,0.00279,0.02861,-0.0081,-0.00095,-0.0436,-0.01134,0.04713,-0.42906,-0.01084,0,0.03679,-0.07656,-0.11918,0.1467,0.8432,-0.18926,-0.0227,0.03107,-0.10827,0.41825,0.04711,-0.21766,0.02543,0.03118,0.00665,-0.02898,0.03045,-0.00433,0.00434,-0.00289,-0.00112,0.01892,-0.19579,-0.08146,0.38207,0.45097,-0.05886,-0.05472
56.7,-0.00666,-0.00367,0.00218,0.0354,-0.00376,-0.01255,-0.04357,0.00043,0.05106,-0.40434,-0.00313,0,-0.02614,-0.09077,-0.10765,0.12951,0.49426,-0.0625,-0.06396,-0.02429,-0.10688,0.3618,0.02817,-0.26173,0.03622,0.0025,0.00174,-0.02489,0.02022,-0.00309,0.00508,-0.00313,-0.00126,0.01645,-0.16251,-0.13991,0.15655,0.44806,-0.05257,-0.05164
56.72,-0.00614,-0.00231,0.00168,0.04055,-0.00089,-0.02368,-0.04068,0.01227,0.05408,-0.37144,0.00309,0,-0.09192,-0.10146,-0.09603,0.11035,0.17756,0.05316,-0.09342,-0.07961,-0.1013,0.29117,0.00839,-0.32432,0.03906,-0.02606,-0.00148,-0.01975,0.00838,-0.00161,0.00554,-0.00339,-0.00142,0.01563,-0.12451,-0.19527,-0.07849,0.40837,-0.0411,-0.04385
56.74,-0.00529,-0.00085,0.00126,0.04427,-0.00061,-0.03431,-0.03362,0.02397,0.05634,-0.32963,0.00819,0,-0.16049,-0.10828,-0.08341,0.09013,-0.11347,0.15739,-0.10916,-0.13442,-0.09157,0.20547,-0.01214,-0.39998,0.03463,-0.05412,-0.00182,-0.01392,-0.00514,-0.00029,0.00578,-0.00364,-0.00157,0.01656,-0.08106,-0.24438,-0.32101,0.32825,-0.02394,-0.03084
56.76,-0.00407,0.00076,0.0009,0.04691,-0.00377,-0.04455,-0.02155,0.03551,0.05776,-0.27853,0.01201,0,-0.23152,-0.11067,-0.07064,0.06903,-0.39345,0.25328,-0.11136,-0.18842,-0.0781,0.10524,-0.03371,-0.48012,0.0253,-0.08209,0.00162,-0.00766,-0.02019,0.00055,0.00586,-0.00388,-0.0017,0.01889,-0.03163,-0.28497,-0.56926,0.20985,-0.00157,-0.01295
56.78,-0.0025,0.00259,0.00055,0.04888,-0.01088,-0.05455,-0.00424,0.047,0.05802,-0.21848,0.01378,0,-0.30393,-0.10784,-0.06073,0.04658,-0.68276,0.34672,-0.10234,-0.24107,-0.06173,-0.00668,-0.05688,-0.55235,0.01525,-0.11101,0.00938,-0.00119,-0.03632,0.00069,0.00585,-0.00412,-0.00181,0.0217,0.02369,-0.31544,-0.81991,0.06249,0.02429,0.0084
56.8,-0.00067,0.00467,0.00019,0.05069,-0.02217,-0.06444,0.01792,0.05863,0.05651,-0.15076,0.01217,0,-0.37544,-0.09875,-0.05853,0.02189,-1.00376,0.44503,-0.08624,-0.29126,-0.0438,-0.12491,-0.08229,-0.60076,0.01023,-0.14224,0.02168,0.00529,-0.05267,-5e-05,0.00584,-0.00436,-0.00191,0.02361,0.08389,-0.33459,-1.06667,-0.09759,0.0507,0.03078
56.82,0.00133,0.00703,-0.00021,0.05281,-0.03766,-0.07427,0.04417,0.07054,0.05252,-0.07727,0.00557,0,-0.4432,-0.08235,-0.06939,-0.00613,-1.37423,0.55455,-0.06775,-0.33759,-0.02571,-0.24305,-0.11047,-0.60898,0.0163,-0.17711,0.03853,0.01161,-0.06819,-0.00181,0.00589,-0.0046,-0.00199,0.02316,0.14733,-0.34184,-1.30165,-0.25099,0.07426,0.05129
56.84,0.00344,0.0097,-0.0007,0.0556,-0.05731,-0.08407,0.07384,0.08284,0.04532,0.00023,-0.00739,0,-0.50491,-0.05787,-0.09705,-0.03847,-1.7991,0.67762,-0.05047,-0.37906,-0.00843,-0.3565,-0.1417,-0.56527,0.03786,-0.21648,0.05988,0.01761,-0.08198,-0.00471,0.0061,-0.00486,-0.00208,0.01937,0.2123,-0.33768,-1.51871,-0.3812,0.09221,0.06759
56.86,0.00563,0.01271,-0.0013,0.0592,-0.08103,-0.09378,0.10647,0.09548,0.0344,0.0804,-0.02752,0,-0.55949,-0.02519,-0.14209,-0.07578,-2.26325,0.81006,-0.03581,-0.41533,0.00783,-0.46391,-0.17579,-0.46617,0.07628,-0.26029,0.08571,0.02319,-0.09353,-0.0089,0.00653,-0.00515,-0.00216,0.01214,0.27722,-0.32415,-1.71505,-0.47824,0.10319,0.07839
56.88,0.00791,0.01604,-0.00204,0.06354,-0.10855,-0.10319,0.14167,0.10822,0.01949,0.16176,-0.0548,0,-0.60675,0.01486,-0.20124,-0.118,-2.72615,0.93952,-0.02277,-0.44659,0.02365,-0.5668,-0.21177,-0.31807,0.12931,-0.30715,0.11582,0.02822,-0.10263,-0.01451,0.00723,-0.00548,-0.00225,0.00238,0.34016,-0.30495,-1.89003,-0.53886,0.1073,0.08358
56.9,0.01033,0.01966,-0.00293,0.0683,-0.13927,-0.11189,0.17885,0.12051,0.00068,0.24216,-0.08835,0,-0.64692,0.0604,-0.26751,-0.16417,-3.12278,1.04587,-0.00838,-0.47321,0.04008,-0.66827,-0.24779,-0.13667,0.19127,-0.35422,0.14971,0.03253,-0.10927,-0.02162,0.00824,-0.00585,-0.00235,-0.00802,0.39851,-0.2853,-2.04356,-0.56511,0.10586,0.08401
56.92,0.01291,0.02347,-0.00397,0.07298,-0.17234,-0.11936,0.21725,0.13161,-0.02163,0.31908,-0.12652,0,-0.68037,0.10881,-0.33179,-0.21266,-3.37964,1.10645,0.01122,-0.49566,0.05823,-0.77123,-0.28154,0.05695,0.25491,-0.39796,0.18663,0.03597,-0.11354,-0.03023,0.00955,-0.00627,-0.00245,-0.0168,0.44929,-0.27094,-2.17568,-0.56233,0.1009,0.08106
56.94,0.01564,0.02738,-0.00516,0.0771,-0.20694,-0.12512,0.25603,0.14086,-0.04681,0.39046,-0.16729,0,-0.70755,0.15736,-0.38532,-0.26175,-3.44054,1.10438,0.0393,-0.5146,0.07872,-0.87644,-0.31108,0.24237,0.31414,-0.43541,0.22586,0.03846,-0.11552,-0.04025,0.01113,-0.00672,-0.00257,-0.02199,0.49015,-0.2666,-2.28696,-0.53684,0.09435,0.07614
56.96,0.01848,0.03128,-0.00647,0.08021,-0.2423,-0.12887,0.29429,0.14778,-0.07397,0.45494,-0.20832,0,-0.72884,0.20345,-0.42121,-0.30978,-3.28455,1.03438,0.0774,-0.53092,0.1012,-0.98076,-0.33533,0.40332,0.36575,-0.46494,0.26669,0.04007,-0.11525,-0.05142,0.01284,-0.00719,-0.00269,-0.02247,0.5198,-0.27505,-2.37857,-0.49458,0.08767,0.07034
56.98,0.02129,0.03504,-0.00786,0.08193,-0.27745,-0.13043,0.33074,0.15206,-0.10171,0.51154,-0.24663,0,-0.74433,0.24434,-0.43452,-0.35483,-2.93113,0.90466,0.12477,-0.54552,0.12407,-1.07588,-0.35396,0.52737,0.40943,-0.48623,0.30817,0.041,-0.11267,-0.06324,0.0145,-0.00768,-0.00284,-0.0181,0.53789,-0.29671,-2.45146,-0.44093,0.08173,0.06442
57,0.02387,0.03844,-0.00924,0.08193,-0.31102,-0.12975,0.3635,0.15346,-0.12808,0.55908,-0.27846,0,-0.75372,0.27691,-0.42186,-0.39448,-2.43594,0.73557,0.17839,-0.55926,0.14453,-1.14845,-0.36714,0.60464,0.44709,-0.49989,0.34885,0.04158,-0.10768,-0.07492,0.01583,-0.00814,-0.00301,-0.00957,0.5447,-0.32994,-2.50569,-0.38094,0.07692,0.05884
57.02,0.02595,0.04128,-0.01054,0.07996,-0.34143,-0.12686,0.39044,0.15186,-0.15087,0.59632,-0.29984,0,-0.75644,0.29802,-0.38111,-0.42613,-1.87361,0.55364,0.23391,-0.57275,0.15926,-1.18347,-0.37528,0.62828,0.4817,-0.50701,0.38697,0.04211,-0.10021,-0.08554,0.01652,-0.00855,-0.00321,0.0019,0.54087,-0.37177,-2.54058,-0.31901,0.07326,0.05382
57.04,0.02736,0.0434,-0.01168,0.07592,-0.36737,-0.12192,0.4098,0.14716,-0.16825,0.62238,-0.30759,0,-0.75201,0.30537,-0.31135,-0.4478,-1.3126,0.38275,0.28719,-0.58631,0.16569,-1.16972,-0.37877,0.59605,0.51605,-0.50866,0.42096,0.04279,-0.09038,-0.09438,0.01635,-0.00887,-0.00344,0.01507,0.52718,-0.41907,-2.55557,-0.2583,0.07062,0.04943
57.06,0.02802,0.04474,-0.01262,0.06996,-0.388,-0.11517,0.42066,0.13942,-0.17922,0.63704,-0.30006,0,-0.74033,0.29812,-0.21314,-0.45855,-0.80004,0.23866,0.33517,-0.59983,0.16274,-1.10381,-0.37785,0.51169,0.55166,-0.50559,0.44971,0.04357,-0.07867,-0.10101,0.01526,-0.0091,-0.0037,0.0289,0.50452,-0.46911,-2.55073,-0.20054,0.06878,0.04564
57.08,0.02799,0.04534,-0.01336,0.06254,-0.40291,-0.10708,0.42291,0.1288,-0.18353,0.64063,-0.27733,0,-0.72182,0.277,-0.08918,-0.45855,-0.36166,0.12876,0.37577,-0.61266,0.15106,-0.99143,-0.37253,0.38571,0.5883,-0.49814,0.47238,0.04416,-0.06602,-0.10538,0.01332,-0.00923,-0.00397,0.04257,0.47398,-0.51944,-2.52691,-0.14637,0.06756,0.04236
57.1,0.02744,0.04534,-0.01391,0.05439,-0.41184,-0.09828,0.41704,0.11571,-0.18158,0.63382,-0.24102,0,-0.69736,0.24418,0.05524,-0.44882,-0.00727,0.05385,0.4074,-0.62358,0.13281,-0.84665,-0.36262,0.2349,0.62391,-0.4863,0.48815,0.04402,-0.05384,-0.10765,0.01081,-0.00927,-0.00423,0.05534,0.43698,-0.56746,-2.48556,-0.09588,0.06678,0.03948
57.12,0.02658,0.04488,-0.01429,0.04638,-0.41468,-0.08946,0.40392,0.10063,-0.17417,0.61743,-0.19386,0,-0.66811,0.20276,0.21294,-0.43092,0.26411,0.01042,0.42893,-0.63099,0.11106,-0.68783,-0.3478,0.07871,0.65539,-0.46979,0.49628,0.04253,-0.0437,-0.10812,0.00804,-0.00923,-0.00445,0.06657,0.39501,-0.61069,-2.42824,-0.04883,0.06632,0.03692
57.14,0.02561,0.04413,-0.01454,0.03919,-0.41142,-0.08114,0.38443,0.08407,-0.16226,0.59214,-0.13891,0,-0.63497,0.15596,0.37633,-0.40659,0.45964,-0.00693,0.43981,-0.63343,0.08879,-0.5316,-0.3278,-0.06625,0.67993,-0.44832,0.49627,0.03919,-0.03685,-0.10708,0.0053,-0.00912,-0.00459,0.0758,0.34926,-0.64727,-2.35606,-0.00462,0.06623,0.03466
57.16,0.02465,0.04323,-0.01465,0.03322,-0.40225,-0.07357,0.35938,0.06651,-0.14688,0.55853,-0.07932,0,-0.59847,0.10681,0.53779,-0.37753,0.58915,-0.00381,0.44013,-0.62979,0.06833,-0.38928,-0.30254,-0.18958,0.69581,-0.42171,0.48804,0.03376,-0.03387,-0.10474,0.00282,-0.00891,-0.00464,0.08278,0.3005,-0.67623,-2.26951,0.03754,0.06673,0.03276
57.18,0.02375,0.04225,-0.01463,0.02849,-0.38756,-0.0667,0.32959,0.04852,-0.12922,0.51723,-0.01867,0,-0.55898,0.0584,0.68857,-0.34563,0.66288,0.01441,0.43064,-0.61944,0.05143,-0.26703,-0.27238,-0.28689,0.70249,-0.3902,0.47201,0.02631,-0.03464,-0.1012,0.00068,-0.0086,-0.00458,0.08738,0.24945,-0.69731,-2.16899,0.07827,0.06825,0.0314
57.2,0.02289,0.04127,-0.01448,0.02482,-0.36801,-0.06033,0.29608,0.03088,-0.11064,0.46916,0.03874,0,-0.51695,0.01414,0.81796,-0.31305,0.6903,0.04273,0.41263,-0.60218,0.03934,-0.16729,-0.23824,-0.35838,0.70036,-0.35459,0.44907,0.0173,-0.03843,-0.09652,-0.00107,-0.00815,-0.00439,0.08959,0.19701,-0.71061,-2.05543,0.11773,0.07139,0.0309
57.22,0.02204,0.04034,-0.01418,0.02189,-0.34439,-0.05415,0.25999,0.01443,-0.09253,0.4154,0.08854,0,-0.47293,-0.02264,0.91471,-0.28199,0.67974,0.07669,0.3877,-0.57812,0.03277,-0.08991,-0.2015,-0.40697,0.69021,-0.31603,0.4204,0.00732,-0.04414,-0.09072,-0.00244,-0.00752,-0.00409,0.08938,0.14413,-0.71642,-1.93004,0.1559,0.07684,0.03161
57.24,0.02113,0.0395,-0.01371,0.01946,-0.31749,-0.04785,0.22231,-0.0002,-0.07596,0.35693,0.12753,0,-0.42737,-0.04957,0.97007,-0.2541,0.63876,0.11266,0.35744,-0.5475,0.0317,-0.03306,-0.16369,-0.43647,0.67275,-0.27581,0.38717,-0.00303,-0.05054,-0.08382,-0.00348,-0.0067,-0.00367,0.08679,0.09122,-0.71499,-1.79372,0.193,0.08531,0.03389
57.26,0.02016,0.03884,-0.01311,0.01737,-0.28807,-0.04122,0.18387,-0.01269,-0.06151,0.29464,0.15437,0,-0.38072,-0.06575,0.97974,-0.23028,0.57465,0.14787,0.32339,-0.51069,0.03519,0.00606,-0.12646,-0.45021,0.64826,-0.2352,0.35055,-0.01332,-0.05652,-0.07597,-0.00423,-0.0057,-0.00315,0.08187,0.03799,-0.70641,-1.64711,0.22983,0.09735,0.03799
57.28,0.01914,0.03842,-0.01241,0.01572,-0.2571,-0.03422,0.14565,-0.02299,-0.04935,0.22979,0.16956,0,-0.33372,-0.07174,0.94412,-0.21075,0.495,0.18016,0.28723,-0.46843,0.04132,0.0307,-0.09185,-0.45051,0.61669,-0.1958,0.31186,-0.02321,-0.06102,-0.06746,-0.00474,-0.00456,-0.00256,0.07471,-0.01619,-0.6907,-1.49165,0.26749,0.11332,0.04404
57.3,0.01812,0.03836,-0.01169,0.01475,-0.22588,-0.02698,0.10897,-0.03122,-0.03935,0.16441,0.17503,0,-0.28771,-0.06921,0.86777,-0.19528,0.40783,0.20772,0.25094,-0.42204,0.04736,0.04407,-0.06242,-0.43868,0.57787,-0.15969,0.27286,-0.0324,-0.06304,-0.05875,-0.00507,-0.00337,-0.00195,0.06549,-0.07187,-0.66777,-1.33052,0.30702,0.13319,0.05198
57.32,0.01717,0.03872,-0.01102,0.01481,-0.19587,-0.0198,0.07531,-0.03754,-0.03129,0.10091,0.17339,0,-0.24427,-0.06049,0.75805,-0.1834,0.32083,0.22901,0.21656,-0.37315,0.0504,0.04916,-0.04077,-0.41538,0.53166,-0.12905,0.23545,-0.04057,-0.06172,-0.05044,-0.00523,-0.00224,-0.00137,0.05447,-0.12927,-0.63753,-1.16784,0.34896,0.15624,0.06143
57.34,0.01633,0.03947,-0.01045,0.01616,-0.16825,-0.01304,0.04582,-0.04214,-0.02491,0.04139,0.16721,0,-0.20453,-0.0479,0.62341,-0.17448,0.23996,0.24293,0.18556,-0.32326,0.0482,0.04854,-0.02862,-0.38138,0.47815,-0.10534,0.20117,-0.04739,-0.05647,-0.04299,-0.00524,-0.00126,-0.00086,0.0419,-0.18822,-0.59986,-1.00705,0.39293,0.18072,0.07153
57.36,0.01558,0.0404,-0.00999,0.01892,-0.14378,-0.00704,0.02106,-0.0452,-0.02005,-0.01272,0.15841,0,-0.16879,-0.03335,0.47283,-0.1678,0.16872,0.24886,0.15863,-0.27348,0.03986,0.0443,-0.02619,-0.33818,0.41794,-0.08881,0.17093,-0.05253,-0.04714,-0.03673,-0.00508,-0.00046,-0.00044,0.02811,-0.24794,-0.55483,-0.85023,0.43714,0.20346,0.08075
57.38,0.01486,0.04114,-0.00959,0.02297,-0.12286,-0.00222,0.00113,-0.04683,-0.01668,-0.06034,0.14824,0,-0.13672,-0.01838,0.31668,-0.16269,0.10854,0.24658,0.13573,-0.22492,0.02601,0.03809,-0.03207,-0.28847,0.35272,-0.07853,0.14522,-0.05561,-0.03407,-0.0318,-0.0047,0.00013,-0.00011,0.01357,-0.30646,-0.50307,-0.69916,0.47795,0.21959,0.08683
57.4,0.01405,0.04117,-0.00918,0.02798,-0.10578,0.00094,-0.01409,-0.04707,-0.01496,-0.10032,0.13737,0,-0.10769,-0.00423,0.16732,-0.15853,0.05946,0.23621,0.11642,-0.17897,0.0087,0.03111,-0.04352,-0.23627,0.28541,-0.07264,0.12435,-0.05614,-0.0181,-0.02824,-0.00402,0.00052,0.00013,-0.00106,-0.36044,-0.44593,-0.55632,0.50996,0.22283,0.08683
57.42,0.01301,0.03989,-0.00866,0.03347,-0.09272,0.00196,-0.02488,-0.04589,-0.01511,-0.13154,0.12604,0,-0.0809,0.00814,0.03729,-0.15479,0.02049,0.21808,0.09998,-0.13711,-0.00927,0.02417,-0.05707,-0.18628,0.21946,-0.0688,0.10841,-0.05368,-0.00044,-0.02601,-0.00297,0.00075,0.00031,-0.01498,-0.40584,-0.38518,-0.42441,0.52749,0.20702,0.07792
57.44,0.01163,0.03684,-0.00794,0.039,-0.08357,0.00051,-0.03176,-0.04331,-0.01727,-0.1534,0.11429,0,-0.05551,0.01821,-0.06417,-0.15095,-0.01025,0.19262,0.08558,-0.10023,-0.02534,0.01779,-0.06956,-0.14272,0.15745,-0.0647,0.09719,-0.04799,0.01767,-0.02498,-0.00149,0.00086,0.00046,-0.02756,-0.43928,-0.32236,-0.30475,0.5271,0.16867,0.05846
57.46,0.00983,0.03179,-0.00696,0.04415,-0.07793,-0.00345,-0.0355,-0.03939,-0.02131,-0.16608,0.10213,0,-0.03068,0.02585,-0.13315,-0.14653,-0.03535,0.16045,0.0723,-0.06841,-0.03779,0.01222,-0.07876,-0.10874,0.10033,-0.05847,0.09005,-0.03916,0.03511,-0.0249,0.00044,0.00089,0.00058,-0.03845,-0.45889,-0.25843,-0.19656,0.50932,0.10885,0.02891
57.48,0.00759,0.0248,-0.00571,0.04858,-0.07508,-0.00967,-0.03709,-0.03432,-0.02685,-0.17048,0.08969,0,-0.00583,0.03134,-0.17102,-0.14108,-0.05788,0.12257,0.05934,-0.04105,-0.04581,0.00756,-0.0834,-0.08651,0.04769,-0.04879,0.08599,-0.02777,0.05072,-0.02543,0.00275,0.00088,0.00069,-0.0475,-0.46431,-0.19427,-0.09765,0.4792,0.03407,-0.00779
57.5,0.00495,0.01626,-0.00422,0.05195,-0.07413,-0.01758,-0.03768,-0.02841,-0.0332,-0.16801,0.07729,0,0.01921,0.03521,-0.18333,-0.13425,-0.08105,0.08054,0.0461,-0.0172,-0.0493,0.00376,-0.08308,-0.07757,-0.00171,-0.03489,0.08375,-0.01482,0.06326,-0.02612,0.00533,0.00086,0.00081,-0.05468,-0.45639,-0.13107,-0.00534,0.44576,-0.04413,-0.04636
57.52,0.00203,0.00673,-0.00257,0.05394,-0.07409,-0.02641,-0.03843,-0.02205,-0.03954,-0.16035,0.06536,0,0.04435,0.03812,-0.17809,-0.12571,-0.10777,0.03627,0.03215,0.00429,-0.04872,0.00068,-0.078,-0.08295,-0.04949,-0.01644,0.08202,-0.00157,0.07158,-0.02654,0.00801,0.00087,0.00095,-0.06005,-0.43674,-0.07011,0.08313,0.41989,-0.112,-0.08052
57.54,-0.00109,-0.00317,-0.00082,0.05435,-0.07408,-0.03537,-0.04036,-0.01564,-0.04515,-0.1492,0.05426,0,0.06953,0.0407,-0.16374,-0.11523,-0.14017,-0.00842,0.0172,0.02471,-0.04474,-0.00184,-0.06875,-0.10313,-0.09735,0.00669,0.07965,0.01083,0.07494,-0.02631,0.01063,0.00094,0.00109,-0.06375,-0.40719,-0.01221,0.17067,0.41111,-0.15801,-0.10501
57.56,-0.00428,-0.01293,0.00096,0.05312,-0.0734,-0.04372,-0.04424,-0.00952,-0.04949,-0.13609,0.04419,0,0.09485,0.04335,-0.14787,-0.10258,-0.17906,-0.0519,0.00106,0.04535,-0.0382,-0.00397,-0.0561,-0.13791,-0.14668,0.03446,0.07583,0.02149,0.07329,-0.02519,0.01304,0.00109,0.00125,-0.066,-0.36963,0.04257,0.25999,0.42536,-0.17577,-0.11699
57.58,-0.00742,-0.02201,0.00271,0.05037,-0.07159,-0.05078,-0.05053,-0.00405,-0.05223,-0.12249,0.03529,0,0.12043,0.04629,-0.13698,-0.08775,-0.2236,-0.09249,-0.01618,0.06734,-0.03003,-0.00587,-0.04113,-0.18618,-0.19811,0.06648,0.07012,0.02978,0.0673,-0.02313,0.0151,0.00132,0.00143,-0.06707,-0.32619,0.09448,0.35293,0.46444,-0.16455,-0.1162
57.6,-0.01034,-0.02985,0.00435,0.04636,-0.0684,-0.05581,-0.05934,0.00037,-0.0532,-0.10982,0.02767,0,0.14622,0.04944,-0.13646,-0.07085,-0.27115,-0.12816,-0.03412,0.09149,-0.0213,-0.00767,-0.02519,-0.24564,-0.25119,0.10187,0.06251,0.03521,0.05825,-0.02022,0.0167,0.00164,0.00164,-0.06727,-0.27935,0.14374,0.44988,0.52602,-0.12858,-0.10465
57.62,-0.01287,-0.03589,0.00578,0.04139,-0.06377,-0.05816,-0.07057,0.00337,-0.05236,-0.09934,0.0214,0,0.17193,0.05249,-0.15016,-0.05191,-0.31782,-0.15676,-0.05204,0.11828,-0.01302,-0.00942,-0.00962,-0.31241,-0.30469,0.13926,0.05325,0.03746,0.04772,-0.01668,0.01769,0.00206,0.00185,-0.06688,-0.23169,0.19046,0.55011,0.60397,-0.07545,-0.08571
57.64,-0.01486,-0.03979,0.00695,0.03576,-0.05777,-0.05736,-0.08399,0.00473,-0.04979,-0.09184,0.01644,0,0.19721,0.05482,-0.17957,-0.03036,-0.35945,-0.17659,-0.06903,0.14794,-0.00585,-0.01111,0.00464,-0.38068,-0.35712,0.17703,0.04273,0.03639,0.03707,-0.01278,0.01801,0.00257,0.00209,-0.06609,-0.18513,0.23494,0.65277,0.68868,-0.01388,-0.06303
57.66,-0.01624,-0.04148,0.00781,0.02963,-0.05059,-0.05334,-0.09926,0.00443,-0.04569,-0.08749,0.01257,0,0.22152,0.05551,-0.22317,-0.00483,-0.39215,-0.18675,-0.08407,0.1804,6e-05,-0.01263,0.01736,-0.44218,-0.40703,0.21325,0.03139,0.03212,0.02712,-0.00882,0.01766,0.00317,0.00236,-0.065,-0.14066,0.27764,0.75713,0.767,0.04752,-0.03984
57.68,-0.01699,-0.04118,0.00835,0.02309,-0.0426,-0.04639,-0.11584,0.00271,-0.0404,-0.08582,0.00943,0,0.24403,0.05333,-0.27591,0.02676,-0.41213,-0.18714,-0.0959,0.21502,0.00507,-0.01376,0.02898,-0.48556,-0.45267,0.24546,0.01979,0.02506,0.01815,-0.00516,0.0167,0.00387,0.00266,-0.06358,-0.09861,0.31895,0.86192,0.82159,0.10016,-0.01893
57.7,-0.01716,-0.03936,0.00859,0.01622,-0.03435,-0.03718,-0.13293,1e-05,-0.03441,-0.08585,0.00655,0,0.26343,0.04679,-0.32948,0.06693,-0.41557,-0.1782,-0.1029,0.25046,0.00994,-0.01416,0.04043,-0.49671,-0.49167,0.27054,0.00867,0.01588,0.01005,-0.00223,0.01528,0.00468,0.003,-0.06171,-0.05901,0.35882,0.96468,0.83158,0.13526,-0.0028
57.72,-0.01679,-0.03661,0.00855,0.00907,-0.02652,-0.02659,-0.14959,-0.00312,-0.02832,-0.08636,0.0034,0,0.27809,0.03429,-0.37421,0.11844,-0.39906,-0.16067,-0.10331,0.28502,0.01561,-0.01334,0.05281,-0.46206,-0.52156,0.28536,-0.00118,0.0054,0.00251,-0.00044,0.01357,0.00559,0.0034,-0.05923,-0.02176,0.39692,1.06225,0.77742,0.14523,0.00656
57.74,-0.01596,-0.03344,0.00825,0.0017,-0.0197,-0.01544,-0.16504,-0.00618,-0.02266,-0.08623,-0.00056,0,0.28646,0.01448,-0.402,0.18392,-0.36048,-0.13516,-0.0955,0.31721,0.0229,-0.0107,0.0671,-0.37364,-0.54059,0.288,-0.00909,-0.00559,-0.00476,-9e-05,0.01174,0.00658,0.00384,-0.05604,0.01348,0.43302,1.15199,0.64856,0.12585,0.00806
57.76,-0.01473,-0.03023,0.00771,-0.00581,-0.01431,-0.00435,-0.17876,-0.0088,-0.01788,-0.08474,-0.00585,0,0.28725,-0.01348,-0.40831,0.26549,-0.29978,-0.10203,-0.07822,0.34609,0.03226,-0.00549,0.08378,-0.23309,-0.54835,0.27851,-0.01466,-0.01646,-0.01183,-0.00129,0.00991,0.00765,0.00433,-0.05212,0.04711,0.46716,1.23239,0.44929,0.078,0.00182
57.78,-0.01317,-0.02718,0.00697,-0.01329,-0.01063,0.0062,-0.19046,-0.01071,-0.01436,-0.08156,-0.01291,0,0.27951,-0.04966,-0.39255,0.36408,-0.21958,-0.06154,-0.05078,0.37113,0.04367,0.00313,0.10272,-0.05357,-0.54584,0.25924,-0.01772,-0.02661,-0.01845,-0.00389,0.00813,0.00876,0.00484,-0.04762,0.07935,0.4994,1.30255,0.20156,0.00838,-0.01075
57.8,-0.01136,-0.02437,0.00607,-0.02043,-0.00884,0.01581,-0.19992,-0.01179,-0.0124,-0.07683,-0.02205,0,0.2627,-0.09313,-0.35767,0.47863,-0.12527,-0.01427,-0.0133,0.39198,0.05658,0.01601,0.12306,0.14093,-0.53517,0.23449,-0.01828,-0.03547,-0.02402,-0.00756,0.00646,0.00985,0.00536,-0.04282,0.11003,0.52958,1.36153,-0.05624,-0.07107,-0.02707
57.82,-0.00937,-0.02179,0.00504,-0.02688,-0.00904,0.02413,-0.20701,-0.01197,-0.01228,-0.07091,-0.03351,0,0.23716,-0.14173,-0.30887,0.60524,-0.02395,0.03833,0.03272,0.40831,0.07018,0.03399,0.14356,0.32129,-0.51894,0.20944,-0.01645,-0.04252,-0.02779,-0.01186,0.00493,0.01085,0.00583,-0.03809,0.13861,0.55729,1.40828,-0.27864,-0.1461,-0.04405
57.84,-0.00725,-0.01937,0.00392,-0.03234,-0.01123,0.03095,-0.21162,-0.01123,-0.01411,-0.06429,-0.04738,0,0.20489,-0.19187,-0.25212,0.73625,0.07733,0.09314,0.08358,0.41996,0.08359,0.05772,0.16299,0.46224,-0.49945,0.18844,-0.01242,-0.04741,-0.02915,-0.01641,0.00352,0.01171,0.00623,-0.03371,0.16444,0.58197,1.442,-0.42755,-0.20468,-0.05907
57.86,-0.00504,-0.01704,0.00274,-0.03668,-0.01528,0.03622,-0.21375,-0.00961,-0.0178,-0.05739,-0.06363,0,0.17019,-0.2382,-0.19314,0.85911,0.17243,0.14472,0.13267,0.42682,0.09615,0.08751,0.18044,0.54814,-0.47816,0.17399,-0.00643,-0.05003,-0.02778,-0.02095,0.00222,0.01243,0.00655,-0.02981,0.18692,0.60297,1.46225,-0.48189,-0.2399,-0.07053
57.88,-0.00273,-0.01473,0.00151,-0.03989,-0.02092,0.04003,-0.21345,-0.0072,-0.02303,-0.05066,-0.08194,0,0.14011,-0.27317,-0.13771,0.95511,0.25557,0.18463,0.1698,0.42886,0.10726,0.12305,0.19527,0.57355,-0.45574,0.16655,0.00122,-0.05053,-0.02374,-0.02536,0.00097,0.01299,0.00678,-0.02638,0.20531,0.61934,1.46886,-0.43928,-0.25041,-0.07798
57.9,-0.00035,-0.01239,0.00028,-0.04201,-0.02774,0.04252,-0.21079,-0.00415,-0.02924,-0.04455,-0.10167,0,0.12405,-0.28723,-0.09184,0.99995,0.3208,0.20187,0.18178,0.42602,0.11634,0.16332,0.2069,0.54178,-0.43227,0.16489,0.0101,-0.04923,-0.01742,-0.02963,-0.00027,0.01343,0.00694,-0.02329,0.21859,0.62977,1.46162,-0.31391,-0.23957,-0.08182
57.92,0.0021,-0.01001,-0.00092,-0.04318,-0.03523,0.04386,-0.20583,-0.00064,-0.03575,-0.03951,-0.12192,0,0.13143,-0.27109,-0.06095,0.96955,0.36258,0.18558,0.15559,0.4182,0.12288,0.20672,0.21486,0.46236,-0.40738,0.16669,0.01976,-0.04655,-0.00936,-0.03377,-0.00155,0.01377,0.00703,-0.02037,0.22576,0.63279,1.4403,-0.13112,-0.21359,-0.08297
57.94,0.0046,-0.00758,-0.00206,-0.04348,-0.04298,0.04426,-0.19864,0.00314,-0.04187,-0.03578,-0.1419,0,0.16805,-0.2193,-0.04836,0.84928,0.37723,0.1295,0.08351,0.40534,0.12653,0.25149,0.21891,0.34805,-0.38044,0.16944,0.02984,-0.04284,-3e-05,-0.03782,-0.00295,0.01403,0.00708,-0.01748,0.2263,0.62726,1.40461,0.07973,-0.17913,-0.08227
57.96,0.00718,-0.0051,-0.00312,-0.04303,-0.05069,0.04396,-0.18931,0.00702,-0.04701,-0.03341,-0.16097,0,0.23337,-0.13297,-0.05422,0.6409,0.36394,0.03528,-0.03305,0.38754,0.1272,0.29581,0.21905,0.2133,-0.35075,0.17098,0.04014,-0.03837,0.01033,-0.04185,-0.00455,0.01423,0.00708,-0.01451,0.22054,0.61273,1.35445,0.28932,-0.14181,-0.08018
57.98,0.00981,-0.00258,-0.00408,-0.04191,-0.05819,0.0432,-0.17802,0.0108,-0.05064,-0.03219,-0.17856,0,0.31945,-0.02101,-0.07528,0.36573,0.32504,-0.0861,-0.18183,0.36516,0.12507,0.33751,0.21556,0.07483,-0.31776,0.16967,0.05051,-0.03328,0.02161,-0.04584,-0.00643,0.01433,0.00701,-0.01149,0.20978,0.58964,1.29028,0.46786,-0.10605,-0.07662
58,0.01248,-9e-05,-0.00492,-0.04015,-0.06532,0.04222,-0.16507,0.01424,-0.05227,-0.0317,-0.19405,-0,0.41154,0.10041,-0.10529,0.06315,0.26563,-0.21503,-0.3405,0.33892,0.12052,0.37383,0.20895,-0.04826,-0.28135,0.16432,0.06083,-0.02764,0.03383,-0.04973,-0.00867,0.01429,0.00686,-0.00852,0.19614,0.55923,1.21332,0.5847,-0.07536,-0.07112
58.02,0.01513,0.00228,-0.00559,-0.0378,-0.07195,0.0413,-0.1509,0.01708,-0.05147,-0.03144,-0.20684,-0,0.4919,0.21197,-0.13663,-0.21953,0.19245,-0.32835,-0.48235,0.30972,0.11411,0.40178,0.19988,-0.13751,-0.24176,0.15428,0.07098,-0.02142,0.04718,-0.05337,-0.01137,0.01406,0.00659,-0.00576,0.18214,0.52314,1.12522,0.61302,-0.0523,-0.06306
58.04,0.0177,0.00446,-0.00609,-0.03486,-0.07796,0.04068,-0.13591,0.01916,-0.04793,-0.03087,-0.21662,-0,0.5457,0.29757,-0.16258,-0.44262,0.11201,-0.40697,-0.58516,0.27833,0.10639,0.41889,0.18898,-0.18035,-0.19957,0.13939,0.0809,-0.0144,0.06218,-0.05658,-0.01463,0.01354,0.00616,-0.00333,0.16992,0.48271,1.02736,0.53789,-0.03814,-0.05204
58.06,0.0201,0.0064,-0.00637,-0.0313,-0.08329,0.04058,-0.12052,0.02038,-0.04155,-0.02955,-0.22349,-0,0.56485,0.34835,-0.17882,-0.58417,0.02981,-0.44102,-0.6369,0.24529,0.09792,0.42377,0.17686,-0.17356,-0.1557,0.12017,0.09061,-0.00621,0.07968,-0.05911,-0.0186,0.01267,0.00553,-0.00123,0.1608,0.43865,0.92072,0.36233,-0.03274,-0.03823
58.08,0.02223,0.00803,-0.00643,-0.0271,-0.08784,0.04122,-0.10524,0.02077,-0.03246,-0.02709,-0.22794,-0,0.54881,0.36335,-0.18366,-0.64125,-0.04937,-0.43075,-0.63673,0.21113,0.0893,0.41608,0.16415,-0.12409,-0.11178,0.09791,0.10014,0.00366,0.1008,-0.06066,-0.0234,0.01136,0.00464,0.00067,0.15525,0.39129,0.80665,0.1099,-0.03455,-0.02252
58.1,0.02394,0.00929,-0.00623,-0.02226,-0.09148,0.04278,-0.09076,0.02044,-0.02107,-0.02324,-0.23075,-0,0.50351,0.34819,-0.17765,-0.62677,-0.12092,-0.38507,-0.59331,0.17657,0.08119,0.3964,0.15158,-0.04769,-0.07032,0.0747,0.10943,0.01571,0.12664,-0.06087,-0.02914,0.00956,0.00346,0.00256,0.15301,0.34094,0.68745,-0.17708,-0.04086,-0.00649
58.12,0.02508,0.01014,-0.00576,-0.01671,-0.09403,0.04536,-0.07785,0.01958,-0.00795,-0.01781,-0.23286,-0,0.43859,0.31228,-0.16271,-0.56281,-0.1809,-0.31779,-0.52082,0.1424,0.07424,0.36588,0.13988,0.03564,-0.03423,0.05297,0.11834,0.03013,0.15778,-0.05938,-0.03583,0.00724,0.00198,0.00467,0.15339,0.28793,0.56598,-0.44796,-0.04843,0.00795
58.14,0.02551,0.01055,-0.00501,-0.01027,-0.09544,0.04893,-0.06702,0.01845,0.00635,-0.01069,-0.23522,0,0.36361,0.26517,-0.14107,-0.4719,-0.22713,-0.24243,-0.43356,0.10918,0.0689,0.32579,0.12962,0.10826,-0.00575,0.03475,0.1267,0.04632,0.19352,-0.05604,-0.04331,0.00445,0.00023,0.00718,0.15553,0.23264,0.44443,-0.65945,-0.05436,0.01923
58.16,0.02521,0.01052,-0.00399,-0.00257,-0.09575,0.05327,-0.05847,0.0174,0.02132,-0.00185,-0.23872,0,0.28567,0.21417,-0.11451,-0.37149,-0.25986,-0.16896,-0.34262,0.07709,0.0653,0.27743,0.12107,0.15919,0.01405,0.02116,0.1343,0.06262,0.23131,-0.05098,-0.0512,0.00134,-0.0017,0.01019,0.15866,0.17556,0.32394,-0.78591,-0.05663,0.02655
58.18,0.02419,0.01013,-0.00271,0.00693,-0.09517,0.05788,-0.05205,0.01686,0.03642,0.00857,-0.24408,0,0.20939,0.16414,-0.08442,-0.2732,-0.2816,-0.10351,-0.25569,0.04615,0.06328,0.22235,0.11429,0.18477,0.02533,0.01244,0.14081,0.07602,0.26627,-0.04467,-0.0588,-0.00181,-0.00363,0.01366,0.16206,0.11784,0.20542,-0.82069,-0.05429,0.02989
58.2,0.0226,0.00946,-0.00126,0.0188,-0.09404,0.06205,-0.04739,0.01733,0.05098,0.02022,-0.25186,0,0.13762,0.118,-0.05201,-0.18385,-0.2965,-0.04915,-0.17786,0.01649,0.0624,0.16272,0.1092,0.18751,0.02916,0.00815,0.1458,0.08234,0.2914,-0.03796,-0.06511,-0.00457,-0.0053,0.01742,0.16509,0.06152,0.09039,-0.77315,-0.04727,0.02986
58.22,0.0206,0.00864,0.00032,0.03359,-0.09271,0.06496,-0.04398,0.01928,0.06436,0.03268,-0.26241,0,0.07189,0.07716,-0.0183,-0.10667,-0.30898,-0.00682,-0.11214,-0.01172,0.0621,0.10102,0.10562,0.17386,0.02717,0.00741,0.14877,0.07723,0.29927,-0.03184,-0.06901,-0.00652,-0.00644,0.02124,0.16717,0.00913,-0.01923,-0.66191,-0.03604,0.02749
58.24,0.01837,0.00778,0.00193,0.05175,-0.09152,0.06594,-0.04128,0.02305,0.07611,0.04554,-0.2758,0,0.01268,0.04195,0.01588,-0.0424,-0.32183,0.02379,-0.05976,-0.03843,0.06183,0.03952,0.10337,0.15113,0.02116,0.00923,0.14941,0.05774,0.28481,-0.02723,-0.06962,-0.00736,-0.00684,0.02496,0.16778,-0.03728,-0.12201,-0.50613,-0.02106,0.02378
58.26,0.0161,0.00697,0.00354,0.0734,-0.09065,0.06459,-0.03877,0.02868,0.08615,0.0585,-0.29172,0,-0.04022,0.012,0.04986,0.00967,-0.335,0.04356,-0.02048,-0.06381,0.06108,-0.01988,0.10225,0.12553,0.01285,0.01272,0.14768,0.0235,0.24726,-0.02473,-0.06653,-0.00704,-0.00649,0.02855,0.16647,-0.07665,-0.21734,-0.32021,-0.00256,0.01956
58.28,0.014,0.00629,0.0051,0.09823,-0.09017,0.06088,-0.03601,0.03585,0.09471,0.07131,-0.30937,0,-0.0872,-0.01342,0.08279,0.05103,-0.34511,0.05358,0.00696,-0.08802,0.05948,-0.07526,0.10208,0.10185,0.00392,0.0171,0.14387,-0.02273,0.19092,-0.02469,-0.05987,-0.00584,-0.00552,0.03209,0.16283,-0.10871,-0.30473,-0.11363,0.01948,0.01544
58.3,0.01229,0.00579,0.00655,0.12535,-0.09004,0.05509,-0.03262,0.04394,0.10221,0.08364,-0.32737,0,-0.12841,-0.03513,0.1135,0.08347,-0.34586,0.05495,0.02445,-0.11103,0.05676,-0.12428,0.10274,0.08366,-0.00405,0.02168,0.13857,-0.07533,0.12471,-0.02718,-0.05028,-0.00424,-0.00424,0.03575,0.15654,-0.13363,-0.3831,0.10717,0.04513,0.01184
58.32,0.01117,0.00552,0.00784,0.15358,-0.09013,0.04768,-0.02836,0.0521,0.10913,0.09512,-0.34401,0,-0.16374,-0.05393,0.14069,0.10875,-0.32999,0.04884,0.03413,-0.13264,0.05274,-0.1645,0.10408,0.07326,-0.0096,0.02588,0.13252,-0.12723,0.05978,-0.0321,-0.0387,-0.00288,-0.00302,0.03978,0.14736,-0.15183,-0.45101,0.33673,0.07431,0.00905
58.34,0.01081,0.0055,0.00892,0.18178,-0.09027,0.03915,-0.02306,0.05957,0.11588,0.10544,-0.3576,0,-0.19307,-0.07051,0.16344,0.12846,-0.2921,0.03665,0.03816,-0.15259,0.04733,-0.19405,0.10595,0.0715,-0.0117,0.0293,0.12637,-0.17226,0.00595,-0.03927,-0.02608,-0.00228,-0.00217,0.04442,0.13509,-0.164,-0.50735,0.56841,0.10661,0.00732
58.36,0.01125,0.0057,0.00975,0.20912,-0.0903,0.02992,-0.01671,0.06573,0.12272,0.11439,-0.36672,0,-0.21639,-0.08548,0.18147,0.14392,-0.2309,0.02021,0.03854,-0.17061,0.04053,-0.21214,0.10812,0.07763,-0.00985,0.03165,0.12056,-0.20663,-0.03058,-0.04841,-0.01326,-0.00272,-0.00188,0.04988,0.11965,-0.17105,-0.5517,0.79214,0.14104,0.00688
58.38,0.01245,0.00605,0.01028,0.23489,-0.09005,0.02042,-0.00948,0.07018,0.12963,0.12178,-0.37018,0,-0.23361,-0.09915,0.19507,0.15598,-0.15007,0.00195,0.03706,-0.18623,0.03249,-0.21889,0.11026,0.08926,-0.00412,0.03284,0.11535,-0.22893,-0.0475,-0.05914,-0.00099,-0.00425,-0.0022,0.05634,0.10121,-0.17402,-0.58409,0.992,0.17569,0.00798
58.4,0.01424,0.00647,0.01045,0.25831,-0.08933,0.01112,-0.00173,0.0726,0.1363,0.12737,-0.36692,0,-0.2444,-0.1115,0.2049,0.16494,-0.05811,-0.01514,0.03526,-0.19874,0.02354,-0.21519,0.11197,0.10256,0.00487,0.03284,0.11084,-0.23972,-0.04577,-0.0709,0.00997,-0.00666,-0.00302,0.06383,0.08029,-0.17398,-0.60457,1.14578,0.20762,0.01086
58.42,0.01643,0.00683,0.01022,0.27855,-0.08796,0.00247,0.006,0.0728,0.14226,0.13084,-0.35604,0,-0.24822,-0.12221,0.21198,0.17066,0.03401,-0.02797,0.03436,-0.20728,0.01415,-0.20235,0.11284,0.11324,0.01623,0.03177,0.10701,-0.24081,-0.02845,-0.08306,0.01893,-0.00959,-0.00419,0.07217,0.05794,-0.17169,-0.61315,1.22923,0.23326,0.01563
58.44,0.01881,0.00705,0.00952,0.29498,-0.08573,-0.00516,0.01323,0.07075,0.14699,0.1318,-0.33689,0,-0.24458,-0.13082,0.21764,0.1728,0.11639,-0.03405,0.0352,-0.21109,0.0049,-0.18191,0.11263,0.11788,0.02904,0.02977,0.10368,-0.23444,0.00057,-0.0951,0.02543,-0.01264,-0.00549,0.08087,0.03586,-0.16731,-0.61001,1.22374,0.24915,0.02211
58.46,0.02121,0.00708,0.00831,0.30723,-0.08242,-0.01157,0.0195,0.06655,0.15006,0.12978,-0.30917,0,-0.23322,-0.1369,0.22351,0.17105,0.18236,-0.03209,0.03814,-0.20974,-0.00358,-0.15554,0.11134,0.11489,0.04257,0.0271,0.10054,-0.22287,0.03747,-0.10666,0.02935,-0.01549,-0.00676,0.08902,0.01658,-0.16009,-0.59564,1.12175,0.2525,0.0297
58.48,0.0235,0.00691,0.00655,0.31513,-0.07781,-0.01664,0.02442,0.06055,0.15114,0.12429,-0.27319,0,-0.21422,-0.13994,0.23152,0.16513,0.22852,-0.02203,0.04301,-0.20314,-0.01052,-0.12519,0.10922,0.10477,0.0562,0.02408,0.09715,-0.20823,0.07837,-0.1175,0.03089,-0.01784,-0.00784,0.09522,0.0037,-0.14844,-0.57098,0.92861,0.2412,0.03725
58.5,0.02557,0.00657,0.00424,0.31857,-0.07172,-0.02035,0.02758,0.05327,0.1499,0.11477,-0.22996,0,-0.18802,-0.13939,0.24376,0.15483,0.25398,-0.00501,0.04921,-0.19152,-0.01496,-0.0932,0.10682,0.08987,0.06933,0.02114,0.09302,-0.19259,0.11922,-0.12738,0.03049,-0.01945,-0.0086,0.09761,0.00167,-0.13009,-0.53741,0.6618,0.21386,0.04314
58.52,0.02729,0.00612,0.00138,0.31755,-0.06403,-0.02272,0.02857,0.04539,0.14609,0.10072,-0.18094,0,-0.15526,-0.13474,0.26221,0.14006,0.25968,0.01706,0.05583,-0.1753,-0.01595,-0.06198,0.10481,0.07359,0.0813,0.01875,0.08763,-0.17779,0.15612,-0.13604,0.02876,-0.02012,-0.00893,0.09435,0.01477,-0.10285,-0.49645,0.3465,0.17005,0.04565
58.54,0.02855,0.0056,-0.00195,0.31217,-0.05475,-0.02387,0.02698,0.03756,0.13952,0.0818,-0.12754,0,-0.11655,-0.12576,0.28842,0.12093,0.24776,0.04195,0.0619,-0.15491,-0.01271,-0.03345,0.10382,0.05916,0.09147,0.01733,0.08059,-0.16517,0.18599,-0.14317,0.02629,-0.01976,-0.00878,0.08429,0.04526,-0.06567,-0.44942,0.00892,0.11084,0.04357
58.56,0.02922,0.00501,-0.00564,0.30278,-0.04405,-0.02405,0.02246,0.03037,0.13009,0.05801,-0.07102,0,-0.07249,-0.1127,0.32314,0.0979,0.22125,0.0674,0.0666,-0.1308,-0.00489,-0.00873,0.10433,0.0489,0.09914,0.01717,0.07172,-0.15536,0.20696,-0.14844,0.02362,-0.01844,-0.00816,0.06757,0.09207,-0.01948,-0.39725,-0.32699,0.0394,0.03666
58.58,0.02916,0.00433,-0.0095,0.29002,-0.03237,-0.02362,0.01475,0.02438,0.1179,0.02989,-0.01287,0,-0.0239,-0.0964,0.36598,0.07198,0.18412,0.09095,0.06921,-0.10357,0.00738,0.01173,0.10664,0.04411,0.10351,0.01847,0.06111,-0.14837,0.21828,-0.15137,0.02122,-0.0164,-0.00719,0.04581,0.1501,0.03226,-0.34088,-0.63783,-0.03835,0.02576
58.6,0.02823,0.00354,-0.01324,0.27482,-0.02045,-0.02308,0.0037,0.02016,0.10325,-0.00144,0.0449,0,0.02779,-0.07838,0.4153,0.04485,0.14136,0.10979,0.0691,-0.07415,0.02346,0.02794,0.11088,0.04521,0.10356,0.02129,0.0492,-0.14369,0.22002,-0.15141,0.01948,-0.01402,-0.00605,0.02203,0.21049,0.08358,-0.28159,-0.89907,-0.11377,0.0127
58.62,0.0263,0.00259,-0.01651,0.25832,-0.00925,-0.02296,-0.01069,0.01825,0.08663,-0.03451,0.10014,0,0.08064,-0.06072,0.46842,0.01878,0.09845,0.12081,0.06574,-0.04372,0.04251,0.0403,0.117,0.0519,0.098,0.02555,0.03665,-0.14054,0.21279,-0.14802,0.01873,-0.01182,-0.00498,-0.00015,0.26259,0.12743,-0.22077,-1.08795,-0.17725,-0.00019
58.64,0.02327,0.00146,-0.01905,0.24152,0.00028,-0.02377,-0.02825,0.01903,0.06854,-0.06814,0.15134,0,0.1324,-0.04587,0.52216,-0.00358,0.0607,0.12077,0.05877,-0.0136,0.06373,0.04966,0.12479,0.06335,0.08512,0.03099,0.02424,-0.13813,0.19741,-0.1409,0.01917,-0.0103,-0.00421,-0.0178,0.29704,0.15791,-0.15947,-1.18976,-0.22122,-0.01089
58.66,0.01915,0.0002,-0.0207,0.22527,0.0073,-0.02591,-0.04854,0.02267,0.0495,-0.1016,0.1981,0,0.18054,-0.03659,0.57303,-0.01933,0.03278,0.10651,0.04809,0.01479,0.08661,0.05733,0.13386,0.07825,0.06279,0.03707,0.01278,-0.13581,0.17482,-0.13022,0.02083,-0.00993,-0.004,-0.02942,0.30782,0.17174,-0.09823,-1.20192,-0.24211,-0.01818
58.68,0.01406,-0.0011,-0.02142,0.2103,0.01106,-0.02971,-0.0707,0.02905,0.0302,-0.13451,0.24078,0,0.22181,-0.03599,0.61685,-0.02515,0.01893,0.07499,0.03392,0.03971,0.11073,0.06501,0.14354,0.0947,0.02864,0.04297,0.00317,-0.13317,0.14613,-0.11671,0.02355,-0.01115,-0.00455,-0.03508,0.29262,0.16848,-0.03752,-1.13469,-0.24062,-0.02169
58.7,0.00828,-0.00227,-0.02127,0.19732,0.01084,-0.03534,-0.09333,0.0378,0.01155,-0.16653,0.28021,0,0.25203,-0.04761,0.64852,-0.01724,0.02335,0.02345,0.01687,0.05887,0.13574,0.07471,0.15296,0.11027,-0.01975,0.04759,-0.0035,-0.13001,0.11277,-0.10169,0.02699,-0.01431,-0.00606,-0.03617,0.25231,0.15001,0.02185,-1.00928,-0.22102,-0.02176
58.72,0.00218,-0.00312,-0.0204,0.18698,0.006,-0.04286,-0.11471,0.04834,-0.00534,-0.19752,0.31754,0,0.2663,-0.07537,0.66256,0.00869,0.05103,-0.05034,-0.00206,0.06952,0.16164,0.08868,0.16139,0.12242,-0.08419,0.04987,-0.00613,-0.12623,0.07632,-0.08674,0.03065,-0.01978,-0.00873,-0.03481,0.18965,0.11936,0.079,-0.85239,-0.18958,-0.01917
58.74,-0.00386,-0.00345,-0.01899,0.17953,-0.00394,-0.0522,-0.13315,0.06002,-0.01949,-0.2278,0.35439,0,0.25976,-0.12331,0.65426,0.0571,0.10865,-0.14772,-0.02158,0.06864,0.18937,0.1093,0.16882,0.12914,-0.16523,0.04919,-0.0038,-0.12168,0.03818,-0.07328,0.03384,-0.02782,-0.01273,-0.03314,0.10753,0.07893,0.13363,-0.68859,-0.15238,-0.01477
58.76,-0.00947,-0.00311,-0.01724,0.17479,-0.01913,-0.06315,-0.14722,0.07214,-0.03013,-0.25822,0.384,0,0.22815,-0.19526,0.62051,0.13233,0.20495,-0.26845,-0.04007,0.05319,0.22112,0.13894,0.17636,0.12952,-0.26125,0.04578,0.00398,-0.11601,-0.00049,-0.0623,0.03571,-0.03865,-0.0182,-0.03284,0.00813,0.02964,0.18627,-0.5357,-0.11401,-0.00922
58.78,-0.01428,-0.00201,-0.01544,0.17206,-0.03931,-0.07522,-0.15567,0.08385,-0.03663,-0.29002,0.384,0,0.16806,-0.29433,0.56016,0.23796,0.35031,-0.40974,-0.05544,0.02017,0.26018,0.17971,0.18628,0.12373,-0.3676,0.04077,0.01719,-0.10872,-0.03852,-0.05438,0.03525,-0.05228,-0.02523,-0.03499,-0.10665,-0.0291,0.238,-0.40475,-0.07746,-0.00303
58.8,-0.01786,-0.0001,-0.01387,0.17026,-0.06372,-0.08767,-0.1573,0.09415,-0.03849,-0.3245,0.384,0,0.07705,-0.42238,0.47399,0.37638,0.55523,-0.56568,-0.06511,-0.03335,0.31053,0.23333,0.2018,0.11298,-0.47635,0.03612,0.03539,-0.09923,-0.07444,-0.04983,0.03128,-0.0685,-0.03375,-0.04014,-0.23446,-0.09884,0.28994,-0.3016,-0.04457,0.00344
58.82,-0.01976,0.00263,-0.01287,0.16801,-0.09143,-0.09955,-0.15102,0.10198,-0.03532,-0.36293,0.384,0,-0.04669,-0.57994,0.36371,0.54878,0.82696,-0.7282,-0.06665,-0.11028,0.37622,0.30105,0.22654,0.09896,-0.5779,0.03442,0.05794,-0.0869,-0.10661,-0.04874,0.02271,-0.0868,-0.04357,-0.04861,-0.37248,-0.1814,0.34304,-0.22822,-0.01627,0.00994
58.84,-0.01965,0.00617,-0.01268,0.16377,-0.12165,-0.1099,-0.13602,0.10645,-0.02704,-0.40645,0.384,0,-0.20467,-0.76622,0.23068,0.75534,1.16471,-0.88902,-0.05868,-0.21372,0.46049,0.38378,0.26367,0.0832,-0.66371,0.03846,0.08446,-0.07117,-0.1335,-0.05113,0.00886,-0.10637,-0.05432,-0.06079,-0.5178,-0.27818,0.39799,-0.18394,0.00706,0.01625
58.86,-0.01732,0.01047,-0.01344,0.15592,-0.15397,-0.11789,-0.11193,0.10709,-0.01403,-0.45586,0.384,0,-0.39785,-0.97847,0.07535,0.99456,1.55514,-1.04039,-0.04161,-0.34664,0.56492,0.48176,0.31525,0.06666,-0.72797,0.05093,0.11506,-0.05168,-0.15388,-0.05693,-0.01022,-0.12603,-0.06539,-0.07737,-0.66716,-0.38927,0.45502,-0.16617,0.02541,0.02218
58.88,-0.01278,0.01543,-0.01518,0.14287,-0.18814,-0.12276,-0.07903,0.1038,0.00278,-0.51123,0.384,0,-0.62517,-1.21028,-0.10166,1.26144,1.96831,-1.17415,-0.01792,-0.51086,0.68841,0.59387,0.38169,0.04974,-0.76749,0.07432,0.1501,-0.02842,-0.16665,-0.06603,-0.0336,-0.14406,-0.07582,-0.09928,-0.81576,-0.51237,0.51335,-0.17095,0.03887,0.02747
58.9,-0.00617,0.02085,-0.01781,0.12312,-0.22382,-0.12378,-0.03832,0.09683,0.02185,-0.57159,0.384,0,-0.88258,-1.45056,-0.29867,1.5462,2.35751,-1.2808,0.00804,-0.70636,0.82674,0.71714,0.46151,0.03246,-0.78095,0.11069,0.19004,-0.00182,-0.17074,-0.07821,-0.05939,-0.15817,-0.08433,-0.12757,-0.95643,-0.64238,0.57098,-0.1933,0.04748,0.03181
58.92,0.0022,0.0265,-0.02116,0.09535,-0.26067,-0.12031,0.00876,0.08669,0.04131,-0.63525,0.384,0,-1.16403,-1.6854,-0.51329,1.83565,2.66872,-1.35054,0.03135,-0.93173,0.97341,0.84763,0.55179,0.01459,-0.76847,0.16132,0.23526,0.02735,-0.16528,-0.09341,-0.08507,-0.16593,-0.0895,-0.16337,-1.08065,-0.77234,0.62532,-0.22783,0.05129,0.03482
58.94,0.01202,0.03221,-0.02503,0.05863,-0.2985,-0.11207,0.06078,0.07399,0.05936,-0.70034,0.384,0,-1.46391,-1.9017,-0.74374,2.11644,2.85644,-1.37566,0.04833,-1.1854,1.12124,0.98206,0.64897,-0.00415,-0.73135,0.22602,0.28611,0.05825,-0.15004,-0.11195,-0.1081,-0.16549,-0.09025,-0.20787,-1.18079,-0.89541,0.67432,-0.26955,0.05044,0.03624
58.96,0.02295,0.03785,-0.02925,0.01265,-0.33727,-0.09921,0.11649,0.05943,0.07446,-0.76503,0.384,0,-1.77759,-2.08898,-0.98885,2.37621,2.89412,-1.35211,0.05779,-1.46558,1.26303,1.11856,0.749,-0.02395,-0.67204,0.30249,0.34264,0.09003,-0.12583,-0.13471,-0.1262,-0.1562,-0.08613,-0.26217,-1.25132,-1.00585,0.71721,-0.31417,0.0453,0.03595
58.98,0.03457,0.04335,-0.03361,-0.0419,-0.37684,-0.08254,0.17444,0.04388,0.08531,-0.82707,0.384,0,-2.09925,-2.23835,-1.24631,2.60193,2.77611,-1.28001,0.06128,-1.7682,1.39058,1.25576,0.84672,-0.04472,-0.59457,0.38559,0.40423,0.12164,-0.0947,-0.16299,-0.13727,-0.13869,-0.07737,-0.32686,-1.28855,-1.09838,0.75426,-0.35788,0.03654,0.03397
59,0.04631,0.04863,-0.03787,-0.10313,-0.4167,-0.06346,0.23262,0.02845,0.0907,-0.88344,0.384,0,-2.41989,-2.34111,-1.51102,2.77832,2.51494,-1.16312,0.06263,-2.08521,1.49399,1.3918,0.93535,-0.06592,-0.50455,0.4672,0.46922,0.15165,-0.05985,-0.19825,-0.13935,-0.11483,-0.06487,-0.40166,-1.29,-1.16744,0.7864,-0.39709,0.02504,0.03052
59.02,0.05756,0.05362,-0.0418,-0.16837,-0.45613,-0.04367,0.28873,0.01431,0.08967,-0.93071,0.384,0,-2.72848,-2.38938,-1.77552,2.88956,2.13435,-1.00703,0.06678,-2.40573,1.56276,1.52413,1.00772,-0.08636,-0.40788,0.53771,0.53535,0.17867,-0.02471,-0.24194,-0.1308,-0.08716,-0.04988,-0.48555,-1.25445,-1.20787,0.81481,-0.42866,0.01183,0.02585
59.04,0.06782,0.05827,-0.04523,-0.235,-0.49462,-0.02468,0.34075,0.00238,0.08175,-0.96599,0.384,0,-3.01515,-2.37802,-2.03186,2.92333,1.65985,-0.81662,0.07805,-2.71896,1.58839,1.64999,1.05845,-0.1041,-0.30866,0.58857,0.60061,0.20208,0.0086,-0.29512,-0.1108,-0.05807,-0.03366,-0.57714,-1.18259,-1.21648,0.84071,-0.45041,-0.00225,0.02023
59.06,0.07684,0.06259,-0.04816,-0.30075,-0.53206,-0.00755,0.3872,-0.00684,0.06715,-0.98745,0.384,0,-3.27253,-2.30617,-2.27196,2.87362,1.11431,-0.59506,0.09896,-3.01515,1.56608,1.76629,1.0854,-0.11625,-0.20808,0.61382,0.66358,0.22242,0.04015,-0.35811,-0.0798,-0.02941,-0.01719,-0.67463,-1.0778,-1.1932,0.865,-0.4615,-0.0166,0.01388
59.08,0.08454,0.06659,-0.05067,-0.36332,-0.56846,0.00708,0.42686,-0.01322,0.04697,-0.99426,0.384,0,-3.49397,-2.17797,-2.48587,2.74155,0.52055,-0.34504,0.12976,-3.28357,1.49518,1.86873,1.08971,-0.11889,-0.10492,0.61033,0.72305,0.24139,0.07222,-0.42994,-0.03978,-0.00252,-0.00128,-0.77503,-0.94702,-1.14141,0.88809,-0.46237,-0.03082,0.007
59.1,0.09093,0.07026,-0.05295,-0.41994,-0.6037,0.01879,0.45839,-0.01694,0.02311,-0.98632,0.384,0,-3.67173,-2.00237,-2.66037,2.53482,-0.0953,-0.07041,0.16852,-3.51062,1.3789,1.95103,1.07518,-0.10703,0.00352,0.57722,0.77759,0.26141,0.10865,-0.50808,0.00572,0.02149,0.01333,-0.87369,-0.80088,-1.06763,0.9097,-0.45448,-0.04458,-0.00018
59.12,0.09609,0.07356,-0.05523,-0.46774,-0.63761,0.02739,0.48038,-0.01824,-0.00207,-0.96395,0.37973,0,-3.79775,-1.79096,-2.78057,2.26543,-0.70562,0.2239,0.21184,-3.68141,1.22309,2.00584,1.04699,-0.075,0.12057,0.51526,0.82565,0.28474,0.1533,-0.58902,0.05249,0.04179,0.026,-0.96511,-0.65167,-0.97994,0.92904,-0.43983,-0.05765,-0.00744
59.14,0.10013,0.07652,-0.05772,-0.50453,-0.67017,0.03288,0.49172,-0.01734,-0.02639,-0.92775,0.30369,0,-3.86616,-1.55481,-2.83376,1.9464,-1.28658,0.53276,0.25597,-3.78359,1.03458,2.02658,1.00996,-0.01727,0.24942,0.42601,0.86612,0.31226,0.20794,-0.66951,0.09688,0.05794,0.03633,-1.04457,-0.50997,-0.88578,0.94514,-0.42036,-0.06991,-0.01461
59.16,0.10321,0.07917,-0.06059,-0.52933,-0.70167,0.03548,0.49179,-0.01425,-0.04818,-0.87856,0.23773,0,-3.875,-1.30315,-2.8119,1.59083,-1.81982,0.85042,0.2974,-3.80989,0.82083,2.00875,0.96762,0.07083,0.39215,0.31175,0.89852,0.34255,0.27062,-0.74704,0.13665,0.06998,0.04424,-1.10901,-0.3828,-0.79075,0.95709,-0.39756,-0.08142,-0.02165
59.18,0.10548,0.08157,-0.06393,-0.54222,-0.73244,0.03558,0.48049,-0.00882,-0.06621,-0.81778,0.18221,0,-3.8263,-1.04489,-2.71226,1.21417,-2.28869,1.16805,0.33271,-3.75828,0.5913,1.95027,0.9222,0.19237,0.54848,0.17614,0.92283,0.37139,0.33475,-0.8194,0.17078,0.0783,0.04992,-1.15675,-0.27414,-0.69897,0.96394,-0.37257,-0.09228,-0.02852
59.2,0.10707,0.0838,-0.06774,-0.54405,-0.76267,0.03372,0.45816,-0.00076,-0.07954,-0.74763,0.13647,0,-3.72535,-0.79015,-2.53679,0.83593,-2.67485,1.47202,0.35834,-3.6311,0.35853,1.85129,0.87498,0.34806,0.71486,0.02491,0.93921,0.39204,0.38947,-0.88411,0.19909,0.08356,0.05372,-1.18684,-0.18607,-0.61384,0.96464,-0.3463,-0.10256,-0.03521
59.22,0.1081,0.08593,-0.07196,-0.53615,-0.79243,0.03048,0.42538,0.01024,-0.08756,-0.6707,0.09934,0,-3.57873,-0.54919,-2.29061,0.47665,-2.96114,1.74634,0.37086,-3.43389,0.13634,1.71367,0.82636,0.53541,0.8849,-0.13456,0.94801,0.39693,0.4225,-0.93854,0.22192,0.08653,0.05608,-1.1988,-0.11919,-0.53799,0.95812,-0.31931,-0.11225,-0.04167
59.24,0.10869,0.08803,-0.07649,-0.52003,-0.822,0.02643,0.38278,0.02426,-0.09018,-0.58915,0.06936,0,-3.39174,-0.32969,-1.97981,0.15174,-3.13877,1.97783,0.36766,-3.1739,-0.06383,1.54022,0.77581,0.74788,1.05069,-0.29442,0.94998,0.38042,0.42476,-0.98039,0.23979,0.08803,0.05748,-1.19253,-0.07255,-0.47273,0.94344,-0.2916,-0.12126,-0.04781
59.26,0.10898,0.0902,-0.08126,-0.49732,-0.85194,0.02206,0.33104,0.04099,-0.08802,-0.50446,0.04508,0,-3.16745,-0.13546,-1.61133,-0.13178,-3.21195,2.15893,0.34749,-2.86025,-0.23477,1.33494,0.72197,0.97342,1.20314,-0.44648,0.94647,0.34074,0.39353,-1.00797,0.25323,0.08883,0.05835,-1.16843,-0.04365,-0.41789,0.92005,-0.26246,-0.12938,-0.05356
59.28,0.10915,0.09255,-0.08613,-0.46986,-0.88287,0.01784,0.27127,0.05955,-0.08245,-0.41797,0.02534,0,-2.90795,0.03225,-1.19539,-0.37379,-3.19817,2.28695,0.31069,-2.50612,-0.37258,1.10445,0.66309,1.19244,1.33086,-0.58113,0.93945,0.28071,0.33343,-1.02005,0.26255,0.08969,0.05908,-1.12745,-0.02879,-0.37223,0.88798,-0.23068,-0.13618,-0.05873
59.3,0.10938,0.09514,-0.09096,-0.43981,-0.91528,0.01418,0.20529,0.07847,-0.07543,-0.33147,0.00942,0,-2.61592,0.17316,-0.74756,-0.57821,-3.12549,2.36215,0.25909,-2.1301,-0.47518,0.85896,0.59749,1.37765,1.41962,-0.68672,0.93141,0.20744,0.2556,-1.01555,0.26779,0.09125,0.05999,-1.07117,-0.02351,-0.33398,0.84786,-0.19485,-0.14106,-0.06305
59.32,0.10989,0.09804,-0.09556,-0.40936,-0.94946,0.01152,0.13521,0.09592,-0.06914,-0.24709,-0.00307,0,-2.29481,0.28752,-0.28662,-0.75084,-3.02591,2.38636,0.19555,-1.75306,-0.54191,0.61033,0.52374,1.49973,1.45492,-0.75155,0.925,0.13029,0.17437,-0.99366,0.26878,0.09399,0.0613,-1.00151,-0.02328,-0.30129,0.80082,-0.15351,-0.14328,-0.06621
59.34,0.11088,0.10136,-0.09986,-0.38032,-0.98567,0.01017,0.06267,0.11026,-0.06534,-0.16666,-0.01252,0,-1.94806,0.37657,0.17007,-0.89759,-2.92625,2.36219,0.12311,-1.39226,-0.57395,0.36847,0.44079,1.53671,1.42666,-0.7677,0.92242,0.0578,0.10223,-0.95407,0.26538,0.09805,0.06304,-0.92018,-0.02441,-0.27255,0.74803,-0.10534,-0.14226,-0.06793
59.36,0.11258,0.10517,-0.10395,-0.35388,-1.02405,0.0104,-0.01138,0.12028,-0.06498,-0.09157,-0.0195,0,-1.57985,0.44271,0.60824,-1.02299,-2.84235,2.29261,0.04477,-1.05846,-0.57456,0.13957,0.3483,1.48059,1.33255,-0.73376,0.92505,-0.00422,0.04671,-0.89744,0.25768,0.10315,0.06506,-0.82872,-0.02456,-0.2467,0.69068,-0.04946,-0.13768,-0.06812
59.38,0.11519,0.10957,-0.10805,-0.33077,-1.06433,0.01236,-0.08628,0.12521,-0.06807,-0.02331,-0.02478,0,-1.19798,0.48886,1.01379,-1.12872,-2.77818,2.18127,-0.03607,-0.75776,-0.54909,-0.07255,0.24742,1.33914,1.17949,-0.65555,0.93333,-0.05263,0.00996,-0.82579,0.24606,0.10848,0.06695,-0.7291,-0.02294,-0.22348,0.63037,0.01412,-0.12963,-0.0668
59.4,0.11888,0.11462,-0.11244,-0.31148,-1.10565,0.01611,-0.16105,0.1246,-0.0738,0.03606,-0.02926,0,-0.81583,0.51788,1.36994,-1.21298,-2.72762,2.03271,-0.11515,-0.49432,-0.50453,-0.26463,0.14114,1.13422,0.98296,-0.54539,0.94685,-0.08628,-0.01022,-0.7427,0.23119,0.11277,0.06811,-0.6242,-0.02013,-0.2036,0.56943,0.0842,-0.1185,-0.06413
59.42,0.12381,0.12039,-0.11747,-0.29635,-1.14681,0.0216,-0.23448,0.11827,-0.08076,0.08419,-0.0339,0,-0.44969,0.53222,1.65936,-1.2719,-2.67849,1.85205,-0.18794,-0.27062,-0.44865,-0.43373,0.03314,0.8953,0.76287,-0.41881,0.96456,-0.10541,-0.01862,-0.65253,0.21392,0.11459,0.06785,-0.51723,-0.01753,-0.18823,0.51053,0.15858,-0.1049,-0.06035
59.44,0.13008,0.12701,-0.12341,-0.28556,-1.18691,0.02864,-0.30551,0.10631,-0.08727,0.1194,-0.0398,0,-0.11299,0.53394,1.86952,-1.30223,-2.6179,1.64427,-0.25085,-0.08611,-0.38863,-0.57809,-0.07424,0.65006,0.53733,-0.28985,0.98518,-0.11102,-0.0203,-0.55909,0.19507,0.11282,0.06567,-0.4104,-0.01654,-0.17833,0.45585,0.23471,-0.08939,-0.05564
59.46,0.13774,0.13474,-0.13041,-0.27911,-1.22558,0.03681,-0.37331,0.08912,-0.09161,0.14119,-0.04813,0,0.18654,0.5247,1.99589,-1.30324,-2.53616,1.41457,-0.30192,0.06323,-0.33047,-0.69734,-0.18112,0.41875,0.31911,-0.16824,1.0073,-0.10456,-0.019,-0.46504,0.17532,0.10698,0.06136,-0.30437,-0.01806,-0.17413,0.4067,0.30984,-0.07239,-0.0501
59.48,0.14671,0.14386,-0.13846,-0.27692,-1.2628,0.04547,-0.43676,0.06752,-0.092,0.15014,-0.06009,0,0.44518,0.50578,2.04154,-1.27708,-2.42835,1.17006,-0.34052,0.18374,-0.27922,-0.79154,-0.28948,0.21459,0.11644,-0.05963,1.02931,-0.08778,-0.01679,-0.37246,0.15533,0.09736,0.05514,-0.19889,-0.02226,-0.17503,0.36379,0.38048,-0.05429,-0.0438
59.5,0.15673,0.15466,-0.14731,-0.27886,-1.29855,0.05364,-0.49401,0.04281,-0.08663,0.14764,-0.07683,0,0.66081,0.47818,2.01524,-1.22833,-2.29446,0.92103,-0.36686,0.28265,-0.23938,-0.86021,-0.4022,0.04573,-0.06518,0.03319,1.04925,-0.06274,-0.01417,-0.28343,0.1359,0.08494,0.04758,-0.09375,-0.02875,-0.17981,0.3277,0.44204,-0.03555,-0.03677
59.52,0.16745,0.16746,-0.15659,-0.28474,-1.33267,0.06025,-0.54292,0.01644,-0.07386,0.13541,-0.09909,0,0.83251,0.44266,1.92928,-1.16293,-2.13801,0.67935,-0.38166,0.36713,-0.21465,-0.90257,-0.52216,-0.08386,-0.22229,0.1094,1.06482,-0.03159,-0.01075,-0.19969,0.11782,0.0711,0.03947,0.01083,-0.03677,-0.18694,0.29909,0.48961,-0.01668,-0.02907
59.54,0.17853,0.18262,-0.1659,-0.29421,-1.36493,0.06441,-0.58191,-0.01054,-0.05256,0.11508,-0.12693,0,0.9617,0.39993,1.79713,-1.08666,-1.9638,0.45514,-0.38601,0.44392,-0.20729,-0.91834,-0.65149,-0.17444,-0.35373,0.16942,1.07357,0.00366,-0.00606,-0.12161,0.10165,0.05711,0.0315,0.11403,-0.04567,-0.19514,0.27881,0.5195,0.00189,-0.02079
59.56,0.18971,0.20054,-0.17497,-0.30668,-1.39488,0.06556,-0.61053,-0.03773,-0.02247,0.08797,-0.15931,0,1.0526,0.35085,1.63248,-1.00436,-1.77698,0.25516,-0.38123,0.51875,-0.21756,-0.90849,-0.79061,-0.23039,-0.46035,0.21426,1.07304,0.04116,-0.00019,-0.04772,0.08758,0.04388,0.02417,0.21408,-0.05511,-0.20366,0.26797,0.53025,0.01981,-0.01204
59.58,0.20069,0.22153,-0.1835,-0.32119,-1.42163,0.06351,-0.62932,-0.06524,0.01556,0.05519,-0.1938,0,1.11158,0.29686,1.45007,-0.92039,-1.58416,0.08401,-0.36888,0.59563,-0.24367,-0.87537,-0.93696,-0.25956,-0.54414,0.24497,1.06071,0.07901,0.006,0.02481,0.07549,0.03197,0.01774,0.30732,-0.06508,-0.21233,0.26812,0.52273,0.03669,-0.00309
59.6,0.2111,0.24569,-0.19118,-0.33639,-1.44369,0.05842,-0.63945,-0.09346,0.05949,0.01788,-0.22657,0,1.14596,0.24026,1.2663,-0.83906,-1.39433,-0.05434,-0.35072,0.67643,-0.28192,-0.82247,-1.08434,-0.27228,-0.60717,0.26229,1.03408,0.11501,0.01092,0.09943,0.06512,0.02173,0.01233,0.38784,-0.07574,-0.22141,0.2812,0.49978,0.05197,0.00563
59.62,0.22057,0.27291,-0.19766,-0.35076,-1.45925,0.05054,-0.64232,-0.12282,0.10647,-0.02274,-0.25339,0,1.16293,0.18378,1.09704,-0.76428,-1.21721,-0.15678,-0.32849,0.76118,-0.3276,-0.75366,-1.2244,-0.2793,-0.65133,0.26676,0.99092,0.14704,0.01273,0.17964,0.05615,0.01332,0.00797,0.44876,-0.08731,-0.23141,0.30921,0.46527,0.06503,0.0136
59.64,0.22882,0.30295,-0.20264,-0.36302,-1.4668,0.04003,-0.63906,-0.15365,0.15365,-0.06531,-0.27124,0,1.16842,0.12985,0.95378,-0.69852,-1.05982,-0.22252,-0.30361,0.84892,-0.3762,-0.67213,-1.34932,-0.28931,-0.67844,0.25921,0.92978,0.1737,0.00991,0.2684,0.04818,0.00674,0.0046,0.48474,-0.09975,-0.24277,0.3535,0.42298,0.07542,0.02043
59.66,0.2358,0.33542,-0.20592,-0.37235,-1.46554,0.0268,-0.63033,-0.18592,0.19846,-0.10815,-0.27931,0,1.16637,0.08024,0.84133,-0.64231,-0.9247,-0.25399,-0.27711,0.93802,-0.4241,-0.57997,-1.45335,-0.30711,-0.69033,0.24112,0.85052,0.19471,0.00171,0.36743,0.04084,0.00184,0.00211,0.49358,-0.11265,-0.25564,0.41412,0.37596,0.08295,0.02588
59.68,0.2416,0.3695,-0.20735,-0.37831,-1.45544,0.01053,-0.61622,-0.219,0.23842,-0.14892,-0.27918,0,1.1585,0.03636,0.75824,-0.59458,-0.8105,-0.25664,-0.24979,1.02556,-0.46838,-0.4787,-1.53231,-0.33311,-0.68868,0.21482,0.75503,0.21086,-0.01166,0.47636,0.03383,-0.00162,0.00033,0.47652,-0.12499,-0.26976,0.48924,0.32665,0.08766,0.0299
59.7,0.24639,0.4038,-0.20683,-0.38084,-1.43719,-0.00911,-0.59642,-0.25143,0.27081,-0.18441,-0.2745,0,1.14454,-0.0004,0.69829,-0.55332,-0.71344,-0.23828,-0.2224,1.10689,-0.50644,-0.37004,-1.58273,-0.3636,-0.67491,0.18351,0.64747,0.22364,-0.02914,0.59229,0.02698,-0.00394,-0.0009,0.43771,-0.13519,-0.28434,0.57501,0.27729,0.08977,0.03258
59.72,0.25037,0.43659,-0.20428,-0.38002,-1.41184,-0.03249,-0.57043,-0.2813,0.29299,-0.21106,-0.26994,0,1.12301,-0.02869,0.65273,-0.51619,-0.62869,-0.20771,-0.19567,1.1766,-0.53599,-0.25617,-1.60183,-0.3926,-0.65029,0.15077,0.53329,0.23485,-0.04914,0.71074,0.0202,-0.00539,-0.00174,0.38292,-0.14136,-0.29815,0.66656,0.22978,0.08956,0.03403
59.74,0.2537,0.46641,-0.19969,-0.37601,-1.38054,-0.0598,-0.53789,-0.30686,0.30306,-0.22595,-0.2698,0,1.09239,-0.04762,0.61287,-0.48123,-0.5516,-0.17289,-0.17025,1.23028,-0.55529,-0.13976,-1.58807,-0.4144,-0.61615,0.11997,0.41742,0.24597,-0.07024,0.82765,0.01345,-0.00623,-0.00231,0.31786,-0.14172,-0.30968,0.75961,0.18538,0.08727,0.03438
59.76,0.25645,0.4923,-0.19314,-0.36894,-1.3443,-0.09098,-0.49891,-0.32684,0.30033,-0.2274,-0.27703,0,1.05202,-0.057,0.57191,-0.44744,-0.47881,-0.13994,-0.14667,1.26562,-0.5633,-0.02446,-1.5417,-0.42536,-0.57423,0.09382,0.30343,0.25778,-0.09146,0.94026,0.0067,-0.00667,-0.00273,0.24724,-0.13502,-0.31715,0.85134,0.14467,0.08312,0.03376
59.78,0.25856,0.51367,-0.18485,-0.35899,-1.30428,-0.12537,-0.45447,-0.34041,0.28537,-0.21515,-0.29298,0,1.00267,-0.05723,0.52574,-0.41515,-0.40907,-0.11311,-0.1256,1.28235,-0.55955,0.0842,-1.46511,-0.42418,-0.52699,0.07456,0.19421,0.27018,-0.11219,1.04648,-6e-05,-0.00683,-0.00305,0.17502,-0.12057,-0.31855,0.93986,0.1078,0.07724,0.03224
59.8,0.25987,0.53009,-0.17522,-0.34636,-1.26196,-0.16163,-0.40657,-0.34696,0.25991,-0.1901,-0.31742,0,0.94659,-0.0492,0.47307,-0.38612,-0.34361,-0.09509,-0.10793,1.2818,-0.54407,0.17824,-1.36284,-0.4118,-0.47788,0.06412,0.09279,0.28216,-0.13205,1.1441,-0.00671,-0.00678,-0.00332,0.10489,-0.09828,-0.31158,1.02351,0.07485,0.06977,0.0299
59.82,0.26008,0.54125,-0.16473,-0.33129,-1.21891,-0.19794,-0.35775,-0.34612,0.22635,-0.15395,-0.34902,0,0.88694,-0.03406,0.41468,-0.36292,-0.28512,-0.08728,-0.09463,1.26621,-0.51732,0.24861,-1.24053,-0.39136,-0.43096,0.06391,0.0021,0.29218,-0.15069,1.23086,-0.0131,-0.00655,-0.00353,0.04016,-0.06867,-0.29417,1.10082,0.04585,0.06086,0.02678
59.84,0.2589,0.54699,-0.15379,-0.31393,-1.17631,-0.23258,-0.31033,-0.33779,0.18714,-0.10862,-0.384,0,0.82678,-0.01301,0.35222,-0.34776,-0.2361,-0.08995,-0.08638,1.23821,-0.48011,0.28782,-1.10341,-0.36816,-0.3902,0.07447,-0.07583,0.29882,-0.1678,1.30525,-0.01912,-0.00614,-0.00368,-0.01685,-0.03276,-0.26515,1.17084,0.02064,0.05067,0.02296
59.86,0.25609,0.54741,-0.1427,-0.29438,-1.13472,-0.26409,-0.26595,-0.32224,0.14448,-0.05603,-0.384,0,0.76857,0.01275,0.28757,-0.34175,-0.19778,-0.10235,-0.08333,1.20043,-0.43383,0.29166,-0.95574,-0.34984,-0.35915,0.09508,-0.14029,0.30117,-0.18295,1.36675,-0.02471,-0.00558,-0.00378,-0.06502,0.00773,-0.22487,1.2332,-0.00118,0.03945,0.01855
59.88,0.25145,0.54279,-0.13167,-0.27284,-1.09438,-0.29115,-0.22589,-0.30029,0.10055,0.00157,-0.384,0,0.71445,0.04187,0.22319,-0.34484,-0.1702,-0.12269,-0.08506,1.15576,-0.38074,0.25949,-0.80169,-0.34658,-0.34115,0.1236,-0.19139,0.29886,-0.19547,1.4155,-0.02985,-0.00494,-0.00383,-0.10408,0.0501,-0.17564,1.28759,-0.02006,0.0276,0.01375
59.9,0.24489,0.53358,-0.12097,-0.24972,-1.0555,-0.31235,-0.19133,-0.27325,0.05779,0.0613,-0.384,0,0.6667,0.0727,0.16243,-0.35592,-0.15263,-0.14815,-0.09068,1.1074,-0.32415,0.19379,-0.64634,-0.37095,-0.33954,0.15644,-0.22955,0.29202,-0.20437,1.45163,-0.03452,-0.0043,-0.00387,-0.13417,0.09061,-0.12169,1.33333,-0.03638,0.01576,0.00886
59.92,0.23637,0.52029,-0.11086,-0.22555,-1.01823,-0.32634,-0.16327,-0.2427,0.01857,0.12004,-0.384,0,0.6274,0.10351,0.10905,-0.37322,-0.14412,-0.17541,-0.09909,1.05852,-0.26796,0.09915,-0.49511,-0.43717,-0.35779,0.18906,-0.25529,0.28109,-0.20857,1.47519,-0.03867,-0.00373,-0.0039,-0.15566,0.12512,-0.06813,1.36936,-0.05036,0.00466,0.00423
59.94,0.22584,0.50333,-0.10155,-0.2009,-0.98233,-0.33226,-0.14217,-0.21002,-0.01533,0.17509,-0.384,0,0.59785,0.13281,0.06612,-0.39469,-0.14406,-0.20136,-0.1092,1.01143,-0.21562,-0.01911,-0.35229,-0.55962,-0.39932,0.21677,-0.26938,0.26657,-0.2073,1.48622,-0.04228,-0.00332,-0.00395,-0.1691,0.15042,-0.0192,1.39462,-0.06222,-0.00513,0.00012
59.96,0.2133,0.48298,-0.09317,-0.17626,-0.94719,-0.33003,-0.12769,-0.17619,-0.04309,0.22455,-0.384,0,0.57813,0.15953,0.03541,-0.41824,-0.15243,-0.22353,-0.12013,0.96723,-0.1697,-0.15538,-0.22048,-0.75133,-0.46715,0.2352,-0.27297,0.24895,-0.2004,1.48484,-0.04534,-0.00309,-0.00401,-0.17526,0.16499,0.02272,1.40832,-0.07218,-0.0133,-0.00333
59.98,0.19884,0.45958,-0.08584,-0.15227,-0.91201,-0.32038,-0.11885,-0.14201,-0.06465,0.26701,-0.384,0,0.56721,0.1829,0.0175,-0.44161,-0.16995,-0.24001,-0.13116,0.92604,-0.1321,-0.30292,-0.10149,-1.02246,-0.56353,0.24019,-0.26745,0.22873,-0.18839,1.47125,-0.04781,-0.00304,-0.00408,-0.17497,0.16907,0.0571,1.4098,-0.08042,-0.01982,-0.00608
60,0.18273,0.43355,-0.07971,-0.12985,-0.87608,-0.30479,-0.11417,-0.10832,-0.08044,0.30112,-0.384,0,0.56324,0.20216,0.01209,-0.46227,-0.19785,-0.24926,-0.14165,0.8874,-0.10441,-0.45318,0.00266,-1.37842,-0.68925,0.22786,-0.25444,0.20662,-0.1725,1.44564,-0.04964,-0.00311,-0.00416,-0.16909,0.16436,0.08467,1.39838,-0.08698,-0.02478,-0.00818
60.02,0.16537,0.40542,-0.07497,-0.11007,-0.83877,-0.28506,-0.11201,-0.07599,-0.09117,0.32562,-0.384,0,0.56387,0.21667,0.01824,-0.47777,-0.23729,-0.25016,-0.15104,0.85047,-0.08792,-0.59692,0.08997,-1.81754,-0.84296,0.19529,-0.23556,0.18336,-0.15427,1.40818,-0.05076,-0.00323,-0.00421,-0.15848,0.15339,0.10697,1.37342,-0.09178,-0.02838,-0.00975
60.04,0.14707,0.37559,-0.07169,-0.09385,-0.7994,-0.26281,-0.11093,-0.0457,-0.09766,0.33964,-0.384,0,0.56673,0.22608,0.03444,-0.48625,-0.28858,-0.24215,-0.1589,0.81414,-0.08325,-0.7264,0.15941,-2.32802,-1.02038,0.14172,-0.21228,0.1596,-0.13518,1.35898,-0.05111,-0.00331,-0.0042,-0.14392,0.13871,0.12574,1.33439,-0.09475,-0.03087,-0.01088
60.06,0.12805,0.34431,-0.0698,-0.08176,-0.75719,-0.23916,-0.10994,-0.01791,-0.10073,0.34283,-0.384,0,0.56962,0.23047,0.05855,-0.48686,-0.3504,-0.22539,-0.16501,0.77715,-0.09017,-0.83652,0.21141,-2.88405,-1.21304,0.06961,-0.18588,0.13578,-0.11632,1.29825,-0.05065,-0.00321,-0.00408,-0.12627,0.12247,0.14246,1.28115,-0.09585,-0.03248,-0.01169
60.08,0.10855,0.31191,-0.06907,-0.0741,-0.71159,-0.2149,-0.10855,0.00696,-0.10114,0.33539,-0.35642,0,0.5706,0.2303,0.08771,-0.47983,-0.41912,-0.20092,-0.16921,0.73846,-0.10751,-0.92422,0.24751,-3.44064,-1.40656,-0.01461,-0.15761,0.11232,-0.09856,1.22678,-0.0494,-0.00281,-0.00379,-0.10651,0.10639,0.15814,1.21437,-0.09508,-0.0334,-0.01225
60.1,0.08898,0.27898,-0.06917,-0.07099,-0.66259,-0.19059,-0.10676,0.02831,-0.09951,0.31792,-0.29351,0,0.56795,0.22635,0.11825,-0.46632,-0.48868,-0.17064,-0.17144,0.69745,-0.13322,-0.98752,0.26986,-3.93288,-1.58019,-0.10065,-0.12886,0.08978,-0.08259,1.14626,-0.04741,-0.00197,-0.00329,-0.08588,0.09183,0.17318,1.13576,-0.09247,-0.03379,-0.01262
60.12,0.0698,0.2463,-0.06973,-0.07247,-0.61049,-0.16672,-0.10488,0.04549,-0.09631,0.29123,-0.23071,0,0.56028,0.21955,0.14627,-0.4481,-0.5515,-0.13701,-0.17152,0.65393,-0.16467,-1.02521,0.28088,-4.28806,-1.71029,-0.17658,-0.10103,0.06888,-0.06889,1.05881,-0.04474,-0.00057,-0.0025,-0.06568,0.07985,0.18738,1.04754,-0.08806,-0.03373,-0.01282
60.14,0.0514,0.21443,-0.07037,-0.07849,-0.55555,-0.14363,-0.10331,0.05805,-0.09178,0.25604,-0.17142,0,0.54663,0.2108,0.1685,-0.42705,-0.60008,-0.10241,-0.16913,0.60783,-0.19907,-1.03711,0.28312,-4.4464,-1.77645,-0.23245,-0.07525,0.05031,-0.05755,0.96619,-0.04141,0.00145,-0.00142,-0.04691,0.07103,0.20007,0.95155,-0.08187,-0.03324,-0.01286
60.16,0.03403,0.18366,-0.07082,-0.08886,-0.49784,-0.1216,-0.10241,0.06598,-0.0859,0.21304,-0.11787,0,0.52663,0.20089,0.18281,-0.40494,-0.62802,-0.06898,-0.16367,0.55921,-0.23356,-1.02426,0.27919,-4.37508,-1.76561,-0.26262,-0.05223,0.0347,-0.0481,0.86953,-0.03741,0.00401,-5e-05,-0.03016,0.06543,0.21012,0.84895,-0.07392,-0.03229,-0.01269
60.18,0.01785,0.15416,-0.07087,-0.10318,-0.4377,-0.10106,-0.10239,0.0696,-0.07843,0.16309,-0.07148,0,0.50067,0.19053,0.18826,-0.38352,-0.62997,-0.03875,-0.15433,0.50859,-0.2651,-0.98899,0.27175,-4.07171,-1.67292,-0.26598,-0.03245,0.02274,-0.03961,0.76993,-0.03271,0.00694,0.00151,-0.01563,0.06265,0.21588,0.74091,-0.06432,-0.03074,-0.01225
60.2,0.00316,0.12624,-0.0704,-0.12083,-0.37604,-0.08268,-0.10343,0.06952,-0.06899,0.10753,-0.03321,0,0.46995,0.1804,0.18485,-0.36462,-0.60154,-0.01383,-0.14016,0.45727,-0.29019,-0.93479,0.2634,-3.56041,-1.50066,-0.2453,-0.01628,0.01527,-0.03081,0.66918,-0.02728,0.00991,0.00314,-0.00334,0.06192,0.2152,0.6293,-0.05326,-0.02846,-0.01148
60.22,-0.00974,0.1003,-0.06934,-0.14095,-0.3142,-0.06725,-0.10556,0.06648,-0.05715,0.04801,-0.00361,0,0.43611,0.17115,0.1734,-0.34998,-0.53993,0.00388,-0.12035,0.40696,-0.30524,-0.86588,0.2564,-2.87822,-1.25505,-0.20559,-0.004,0.01307,-0.0204,0.56941,-0.02112,0.01252,0.00466,0.00684,0.06227,0.20595,0.51642,-0.04101,-0.02527,-0.01027
60.24,-0.02063,0.07659,-0.06763,-0.16257,-0.25339,-0.05528,-0.10875,0.06123,-0.04256,-0.01388,0.01744,0,0.40073,0.16319,0.15527,-0.34076,-0.4452,0.01333,-0.09465,0.35913,-0.30721,-0.78654,0.25212,-2.05609,-0.94175,-0.15207,0.00435,0.01646,-0.00743,0.47227,-0.01426,0.01448,0.00594,0.01508,0.06279,0.18679,0.4043,-0.02787,-0.02107,-0.00859
60.26,-0.02947,0.05514,-0.06527,-0.18457,-0.19445,-0.04686,-0.11278,0.05443,-0.02512,-0.07667,0.03093,0,0.36503,0.15667,0.1324,-0.33732,-0.32153,0.01472,-0.06375,0.31466,-0.29409,-0.70102,0.25074,-1.10897,-0.56415,-0.08906,0.00909,0.02505,0.00843,0.37868,-0.00677,0.01563,0.00689,0.02163,0.06277,0.15778,0.29445,-0.01408,-0.01586,-0.00644
60.28,-0.03637,0.03591,-0.06228,-0.20554,-0.13832,-0.04162,-0.11732,0.04676,-0.00508,-0.13856,0.0386,0,0.33012,0.15154,0.10743,-0.33917,-0.17841,0.00957,-0.02956,0.27413,-0.26507,-0.61409,0.25118,-0.03972,-0.12542,-0.02005,0.01086,0.03759,0.02666,0.28942,0.00118,0.01598,0.00751,0.02668,0.06174,0.12078,0.1887,-1e-05,-0.00981,-0.0039
60.3,-0.04145,0.01897,-0.05873,-0.22366,-0.08642,-0.03889,-0.12182,0.03888,0.01679,-0.19705,0.0427,0,0.29718,0.14755,0.08369,-0.34513,-0.03059,0.00053,0.0047,0.23813,-0.22051,-0.5315,0.25123,1.15156,0.36838,0.05181,0.01054,0.05206,0.04594,0.20587,0.00925,0.01568,0.00784,0.03035,0.05945,0.07934,0.08987,0.01381,-0.00325,-0.00115
60.32,-0.04485,0.00445,-0.05472,-0.23693,-0.04038,-0.03779,-0.12569,0.03147,0.0394,-0.24931,0.04556,0,0.26743,0.1444,0.0647,-0.35367,0.10493,-0.00923,0.03521,0.20714,-0.16178,-0.45934,0.24809,2.45768,0.9066,0.1235,0.0091,0.06609,0.06457,0.12975,0.01702,0.01493,0.00794,0.03276,0.05583,0.03792,0.00131,0.02675,0.00337,0.00159
60.34,-0.04671,-0.0076,-0.05035,-0.24369,-0.00151,-0.03742,-0.12848,0.02519,0.06155,-0.29304,0.0491,0,0.24182,0.14174,0.0533,-0.36345,0.21399,-0.0169,0.0587,0.18116,-0.09102,-0.40256,0.2391,3.85408,1.47302,0.19231,0.00743,0.0777,0.08125,0.06244,0.02406,0.01394,0.00788,0.03408,0.05087,0.00049,-0.07443,0.03824,0.00962,0.00414
60.36,-0.04718,-0.01725,-0.04573,-0.24291,0.0296,-0.03693,-0.12997,0.02068,0.08207,-0.32696,0.05439,0,0.22092,0.13927,0.05105,-0.37358,0.28843,-0.02063,0.07312,0.15948,-0.01121,-0.36424,0.22228,5.28688,2.04323,0.25556,0.00622,0.08567,0.09549,0.00463,0.02998,0.01286,0.00768,0.03462,0.04457,-0.03028,-0.13618,0.04785,0.01519,0.00635
60.38,-0.04639,-0.02465,-0.04101,-0.23428,0.05285,-0.03555,-0.13018,0.01856,0.09964,-0.35065,0.0616,0,0.20501,0.13673,0.05814,-0.38368,0.32619,-0.01956,0.07771,0.14085,0.07323,-0.34569,0.19657,6.65879,2.57957,0.31012,0.00597,0.08964,0.10767,-0.04331,0.03443,0.01176,0.00737,0.03486,0.03703,-0.05293,-0.18392,0.05526,0.01981,0.00811
60.4,-0.04445,-0.02997,-0.03638,-0.21812,0.06834,-0.03263,-0.12939,0.01951,0.11274,-0.36419,0.06999,0,0.19431,0.13394,0.07352,-0.39368,0.33011,-0.01376,0.0728,0.12369,0.15608,-0.34672,0.16188,7.121,3.02975,0.35209,0.00695,0.08992,0.11876,-0.08082,0.03701,0.01066,0.00693,0.03541,0.02843,-0.06691,-0.21808,0.06016,0.02325,0.00935
60.42,-0.04149,-0.03332,-0.03205,-0.1952,0.07636,-0.02762,-0.12801,0.02407,0.11986,-0.36807,0.07837,0,0.18887,0.13078,0.0953,-0.40364,0.30605,-0.0039,0.05955,0.1064,0.23028,-0.36532,0.11892,7.121,3.33774,0.37756,0.00927,0.08726,0.13,-0.10733,0.03739,0.00952,0.00635,0.0368,0.01904,-0.07226,-0.23938,0.06226,0.02531,0.01003
60.44,-0.0376,-0.03485,-0.02821,-0.16655,0.07748,-0.02019,-0.12649,0.03253,0.11994,-0.36325,0.0857,0,0.18841,0.12709,0.12122,-0.41345,0.26051,0.00914,0.03968,0.08762,0.28962,-0.39684,0.06887,7.121,3.46264,0.38402,0.01286,0.08246,0.1424,-0.12271,0.03538,0.00832,0.0056,0.03935,0.00924,-0.06936,-0.2488,0.06141,0.02588,0.01012
60.46,-0.03291,-0.03476,-0.02498,-0.13341,0.07262,-0.01026,-0.12533,0.04466,0.11275,-0.35123,0.09148,0,0.19217,0.12268,0.14887,-0.42257,0.19933,0.02454,0.01544,0.06648,0.32976,-0.43332,0.01337,7.121,3.39176,0.37142,0.01746,0.07621,0.15639,-0.1276,0.03104,0.00701,0.00467,0.04295,-0.00052,-0.05878,-0.24759,0.05764,0.02496,0.00966
60.48,-0.02762,-0.03329,-0.0224,-0.09743,0.06311,0.00193,-0.125,0.05965,0.09897,-0.33412,0.09581,-0,0.19884,0.11736,0.17559,-0.42995,0.12767,0.04146,-0.01029,0.04289,0.3481,-0.46302,-0.04509,7.121,3.14384,0.34244,0.0226,0.06906,0.1716,-0.12342,0.02476,0.00555,0.00358,0.04704,-0.00963,-0.04128,-0.23725,0.0512,0.02269,0.0087
60.5,-0.02201,-0.03072,-0.02049,-0.06084,0.05062,0.01573,-0.12594,0.0761,0.08012,-0.3146,0.09926,-0,0.20664,0.11094,0.19832,-0.43395,0.05052,0.05893,-0.03395,0.01751,0.34343,-0.47091,-0.10295,7.121,2.7653,0.30218,0.02758,0.06145,0.18689,-0.11218,0.01719,0.00395,0.00237,0.05062,-0.01726,-0.01786,-0.2194,0.04258,0.01933,0.00734
60.52,-0.01639,-0.02731,-0.01925,-0.02604,0.03682,0.03034,-0.12849,0.09234,0.05805,-0.29542,0.10261,-0,0.21361,0.10319,0.21391,-0.43263,-0.02732,0.07598,-0.05191,-0.00854,0.31577,-0.44153,-0.15625,5.96353,2.31677,0.25682,0.03174,0.05372,0.20065,-0.09607,0.00915,0.0022,0.00109,0.05259,-0.02253,0.01043,-0.19565,0.03238,0.01517,0.0057
60.54,-0.01103,-0.02329,-0.01864,0.00506,0.02288,0.04504,-0.1327,0.10699,0.03421,-0.27871,0.10652,-0,0.21807,0.09378,0.21978,-0.42407,-0.10144,0.09171,-0.06148,-0.03428,0.26662,-0.36332,-0.20195,4.75898,1.85375,0.21168,0.03466,0.04603,0.21138,-0.07698,0.00133,0.00034,-0.00019,0.05216,-0.0248,0.0427,-0.16722,0.02121,0.0105,0.00389
60.56,-0.00612,-0.01877,-0.01856,0.03147,0.00922,0.05937,-0.13815,0.11926,0.0093,-0.26551,0.11121,-0,0.21891,0.08225,0.21434,-0.40673,-0.16768,0.10542,-0.06151,-0.05923,0.1992,-0.23199,-0.23858,3.62746,1.41503,0.17004,0.03647,0.03839,0.21809,-0.05618,-0.00579,-0.0016,-0.00145,0.04918,-0.02382,0.07826,-0.13489,0.00958,0.00549,0.00196
60.58,-0.00181,-0.01385,-0.01889,0.05295,-0.0045,0.07305,-0.14396,0.12892,-0.01673,-0.25573,0.11645,-0,0.21565,0.06808,0.19706,-0.37956,-0.22159,0.11649,-0.05262,-0.08325,0.11908,-0.05228,-0.26622,2.62654,1.02305,0.13317,0.03779,0.03071,0.22023,-0.03442,-0.01196,-0.00358,-0.00263,0.04423,-0.01979,0.11638,-0.0992,-0.00196,0.00029,-4e-05
60.6,0.0018,-0.00858,-0.01945,0.06978,-0.01915,0.08586,-0.14879,0.13618,-0.04432,-0.24845,0.1215,-0,0.20837,0.0508,0.16846,-0.34214,-0.25814,0.12428,-0.03688,-0.10635,0.03418,0.16233,-0.28599,1.77976,0.68825,0.10082,0.03967,0.02287,0.21769,-0.01208,-0.01706,-0.00548,-0.0037,0.03853,-0.01333,0.15604,-0.06071,-0.01283,-0.00496,-0.00208
60.62,0.00458,-0.00301,-0.02004,0.08244,-0.03577,0.09754,-0.15117,0.14145,-0.074,-0.24234,0.12546,0,0.19755,0.03006,0.1298,-0.29466,-0.27256,0.12816,-0.01724,-0.12849,-0.04664,0.39319,-0.29965,1.08702,0.41242,0.07187,0.04323,0.01476,0.21061,0.01075,-0.02106,-0.0072,-0.00461,0.03356,-0.00531,0.19579,-0.01996,-0.02242,-0.01013,-0.00411
60.64,0.00647,0.00279,-0.0205,0.09132,-0.05509,0.10778,-0.15005,0.14505,-0.10594,-0.23629,0.12762,0,0.18386,0.0057,0.08281,-0.23782,-0.26196,0.12767,0.00351,-0.14943,-0.11593,0.62235,-0.30914,0.53374,0.19137,0.04501,0.04915,0.00639,0.19929,0.03434,-0.02404,-0.00861,-0.0053,0.03044,0.00331,0.23381,0.02257,-0.03028,-0.01505,-0.00608
60.66,0.0074,0.0088,-0.02069,0.09655,-0.0771,0.11614,-0.14514,0.14707,-0.13952,-0.22984,0.12775,0,0.16804,-0.0221,0.02954,-0.17305,-0.22662,0.1226,0.02325,-0.16865,-0.1691,0.83571,-0.31625,0.09848,0.01723,0.01936,0.05728,-0.00207,0.1841,0.0592,-0.02609,-0.00959,-0.00575,0.02952,0.01162,0.26782,0.06642,-0.03622,-0.0195,-0.00788
60.68,0.00737,0.01488,-0.02054,0.09784,-0.10082,0.12198,-0.13706,0.14729,-0.17304,-0.22334,0.12618,0,0.15102,-0.05259,-0.02718,-0.10298,-0.17044,0.11304,0.04055,-0.18506,-0.20434,1.02222,-0.32249,-0.24123,-0.11942,-0.00522,0.06649,-0.01022,0.16562,0.0859,-0.02735,-0.01004,-0.00589,0.03035,0.0187,0.29475,0.11081,-0.04027,-0.02316,-0.00939
60.7,0.00639,0.02084,-0.01997,0.09457,-0.12425,0.12445,-0.1272,0.14519,-0.2036,-0.21789,0.12371,0,0.13395,-0.08431,-0.08357,-0.03171,-0.10066,0.0994,0.05449,-0.19702,-0.22194,1.17228,-0.32903,-0.50512,-0.22784,-0.02803,0.07479,-0.0174,0.14468,0.11483,-0.02795,-0.00985,-0.0057,0.03174,0.02362,0.31071,0.15434,-0.04259,-0.02562,-0.0104
60.72,0.00446,0.02639,-0.019,0.08607,-0.14485,0.12272,-0.1174,0.14017,-0.22772,-0.21501,0.12137,0,0.11808,-0.11535,-0.1355,0.03585,-0.02616,0.08231,0.06458,-0.20268,-0.22364,1.27795,-0.33653,-0.70922,-0.31618,-0.04788,0.07987,-0.02286,0.12234,0.14591,-0.02801,-0.00894,-0.00513,0.03219,0.02548,0.31187,0.19512,-0.04342,-0.02645,-0.01072
60.74,0.00162,0.03122,-0.01766,0.0721,-0.16036,0.1164,-0.10931,0.13183,-0.24248,-0.21606,0.12009,0,0.1044,-0.14374,-0.1796,0.09538,0.0452,0.06245,0.07069,-0.20066,-0.21201,1.33459,-0.34507,-0.86694,-0.39103,-0.06374,0.08004,-0.02616,0.09968,0.17836,-0.0276,-0.0073,-0.00417,0.03048,0.02373,0.29584,0.23121,-0.04292,-0.02538,-0.01021
60.76,-0.00209,0.03503,-0.01602,0.05326,-0.16932,0.10585,-0.10403,0.12022,-0.24619,-0.22188,0.12046,0,0.0935,-0.16773,-0.21392,0.14382,0.10812,0.04058,0.07306,-0.19052,-0.19008,1.34185,-0.35404,-0.9895,-0.4569,-0.07517,0.07485,-0.02732,0.07779,0.21037,-0.02674,-0.00501,-0.00288,0.02606,0.01825,0.26285,0.26075,-0.04119,-0.02238,-0.00885
60.78,-0.00657,0.03749,-0.01426,0.03123,-0.17109,0.09232,-0.10203,0.10599,-0.23855,-0.23261,0.12265,0,0.08559,-0.18565,-0.23779,0.1792,0.15975,0.01766,0.07221,-0.17293,-0.16136,1.30371,-0.36204,-1.08503,-0.51559,-0.08229,0.06522,-0.02688,0.05795,0.23878,-0.02539,-0.0023,-0.00135,0.01921,0.00946,0.2162,0.28178,-0.03819,-0.01774,-0.00679
60.8,-0.01166,0.03824,-0.0126,0.00873,-0.1657,0.07791,-0.1033,0.09037,-0.22045,-0.24777,0.1265,0,0.08066,-0.19569,-0.25141,0.20015,0.199,-0.00503,0.06892,-0.14962,-0.12986,1.2278,-0.36685,-1.15771,-0.56591,-0.08569,0.05332,-0.02584,0.04168,0.25907,-0.02349,0.00049,0.00026,0.01094,-0.00172,0.16199,0.29209,-0.0338,-0.01203,-0.0043
60.82,-0.01714,0.03692,-0.01125,-0.01112,-0.15358,0.06503,-0.10757,0.07488,-0.19351,-0.26644,0.13159,0,0.0787,-0.19607,-0.25531,0.20578,0.22567,-0.026,0.06397,-0.12288,-0.09957,1.12365,-0.36579,-1.20895,-0.60477,-0.08635,0.04186,-0.02541,0.03034,0.26633,-0.02094,0.00298,0.00178,0.00261,-0.01409,0.10761,0.28945,-0.02788,-0.00598,-0.00171
60.84,-0.02279,0.03331,-0.01038,-0.02575,-0.13528,0.05571,-0.11453,0.06086,-0.15955,-0.28755,0.13738,0,0.07987,-0.1853,-0.24982,0.19569,0.23963,-0.04391,0.05791,-0.0949,-0.07365,1.00039,-0.35619,-1.23964,-0.62905,-0.08559,0.03301,-0.0267,0.02448,0.25674,-0.01761,0.00491,0.00307,-0.00461,-0.02652,0.05932,0.27227,-0.02028,-0.00019,0.0007
60.86,-0.02837,0.02739,-0.01002,-0.0338,-0.11131,0.05106,-0.12407,0.04916,-0.12028,-0.31007,0.14338,0,0.08471,-0.16248,-0.23473,0.17012,0.24018,-0.05767,0.05088,-0.06739,-0.05392,0.8657,-0.33576,-1.25172,-0.63689,-0.08506,0.02775,-0.03045,0.02339,0.22873,-0.01343,0.00621,0.00409,-0.01012,-0.03816,0.02072,0.24006,-0.01098,0.00493,0.00273
60.88,-0.03359,0.01946,-0.01003,-0.03522,-0.08227,0.0512,-0.13621,0.04019,-0.07755,-0.3328,0.14904,0,0.09411,-0.12748,-0.2093,0.13012,0.22589,-0.06639,0.04259,-0.04168,-0.04095,0.7264,-0.3028,-1.2484,-0.62783,-0.08676,0.0257,-0.037,0.02496,0.18342,-0.00836,0.00699,0.00488,-0.01394,-0.04834,-0.00728,0.19382,-0.00016,0.0092,0.00431
60.9,-0.03811,0.01006,-0.01018,-0.03102,-0.04902,0.05543,-0.15099,0.03404,-0.03352,-0.35427,0.15378,0,0.10923,-0.08105,-0.17246,0.07759,0.19465,-0.06929,0.03249,-0.01896,-0.0343,0.58956,-0.25633,-1.23413,-0.60273,-0.093,0.02537,-0.04625,0.02596,0.12445,-0.00243,0.00756,0.00556,-0.01658,-0.05657,-0.02591,0.13601,0.0118,0.01261,0.00545
60.92,-0.04156,-9e-05,-0.01018,-0.02282,-0.01269,0.06252,-0.1683,0.03057,0.00948,-0.37276,0.15704,0,0.13121,-0.02461,-0.12332,0.01501,0.14423,-0.0657,0.01985,-0.00021,-0.03298,0.4626,-0.19605,-1.21512,-0.56348,-0.10627,0.02477,-0.05775,0.02295,0.05703,0.00421,0.00828,0.00625,-0.01875,-0.06255,-0.03775,0.07011,0.02433,0.01525,0.00621
60.94,-0.04367,-0.0103,-0.00981,-0.01226,0.02543,0.07122,-0.1876,0.02954,0.04947,-0.38642,0.15841,0,0.16072,0.04004,-0.062,-0.05498,0.07314,-0.05528,0.00408,0.01393,-0.03606,0.35289,-0.12221,-1.20024,-0.51289,-0.12903,0.02227,-0.07088,0.01348,-0.01368,0.01135,0.00941,0.00704,-0.02105,-0.06632,-0.04574,-0.00025,0.03683,0.01726,0.0067
60.96,-0.04436,-0.02003,-0.00897,-0.00063,0.06383,0.08048,-0.20772,0.03064,0.08505,-0.39342,0.15774,0,0.19759,0.11067,0.00972,-0.12968,-0.01849,-0.03813,-0.01512,0.0233,-0.04292,0.26781,-0.03589,-1.2016,-0.45476,-0.16349,0.01722,-0.08482,-0.0029,-0.08333,0.01865,0.01105,0.00796,-0.02363,-0.06838,-0.05255,-0.07156,0.04869,0.0188,0.007
60.98,-0.04369,-0.02884,-0.00772,0.01122,0.10043,0.08949,-0.2266,0.03354,0.11511,-0.39182,0.15515,0,0.24043,0.18414,0.08759,-0.20576,-0.12806,-0.01498,-0.03753,0.02809,-0.0534,0.21549,0.06039,-1.2349,-0.39429,-0.21134,0.01012,-0.09851,-0.02437,-0.14813,0.02563,0.01305,0.00892,-0.02617,-0.06968,-0.0603,-0.14005,0.05926,0.02003,0.00722
61,-0.04193,-0.03631,-0.00626,0.02265,0.13246,0.09759,-0.24131,0.03787,0.13861,-0.37957,0.15098,0,0.2865,0.25602,0.16489,-0.2789,-0.25012,0.0128,-0.06234,0.02881,-0.06757,0.2046,0.16209,-1.3175,-0.33807,-0.27324,0.00255,-0.11058,-0.04699,-0.20433,0.0316,0.01507,0.00973,-0.0279,-0.07151,-0.0705,-0.20125,0.06773,0.02109,0.00746
61.02,-0.03939,-0.04208,-0.00485,0.03323,0.15696,0.10423,-0.24859,0.04321,0.15468,-0.35483,0.14574,0,0.33226,0.32117,0.234,-0.3442,-0.37737,0.04353,-0.0883,0.02639,-0.08536,0.24057,0.26276,-1.46086,-0.2923,-0.34774,-0.00338,-0.11954,-0.06593,-0.2485,0.03581,0.01665,0.01017,-0.02781,-0.07508,-0.08394,-0.25061,0.07326,0.02205,0.00776
61.04,-0.03642,-0.04594,-0.00366,0.04261,0.17166,0.10891,-0.2458,0.04912,0.16292,-0.31637,0.1399,0,0.37425,0.37491,0.28905,-0.39735,-0.50238,0.07572,-0.11399,0.02229,-0.1059,0.31966,0.35473,-1.65951,-0.25992,-0.42985,-0.00578,-0.12421,-0.07718,-0.27837,0.03767,0.01743,0.01008,-0.025,-0.081,-0.10045,-0.28477,0.07517,0.0229,0.00816
61.06,-0.03327,-0.04789,-0.00271,0.05042,0.17563,0.11122,-0.23152,0.05512,0.16365,-0.26406,0.13385,0,0.40963,0.41368,0.3276,-0.43518,-0.61838,0.10831,-0.13796,0.01873,-0.12709,0.42441,0.42913,-1.88257,-0.23876,-0.5097,-0.0035,-0.12388,-0.07876,-0.29323,0.03689,0.01719,0.00937,-0.01892,-0.08887,-0.1188,-0.30233,0.07306,0.02352,0.0086
61.08,-0.03019,-0.04814,-0.00182,0.05623,0.16937,0.11076,-0.20583,0.06061,0.15796,-0.19939,0.12788,0,0.43596,0.43485,0.35075,-0.45547,-0.71858,0.1405,-0.15856,0.01868,-0.14524,0.52169,0.47534,-2.06981,-0.22118,-0.57158,0.00373,-0.11846,-0.07097,-0.29392,0.03352,0.01596,0.00809,-0.00948,-0.09709,-0.13647,-0.30384,0.06688,0.02365,0.00894
61.1,-0.0274,-0.04709,-0.00069,0.05943,0.15459,0.10715,-0.17022,0.06488,0.14755,-0.12554,0.1223,0,0.45097,0.43644,0.36239,-0.45665,-0.79555,0.17152,-0.17388,0.02569,-0.15526,0.56512,0.48113,-2.1358,-0.19516,-0.59465,0.01539,-0.10832,-0.05616,-0.28257,0.02792,0.01393,0.00639,0.00299,-0.10303,-0.14978,-0.29152,0.05689,0.02295,0.00899
61.12,-0.02511,-0.04523,0.00108,0.05942,0.13383,0.10008,-0.12701,0.06719,0.13444,-0.04669,0.11736,0,0.45253,0.41718,0.36767,-0.43769,-0.84238,0.20072,-0.18204,0.04282,-0.15176,0.50684,0.43566,-1.99162,-0.14754,-0.55815,0.03049,-0.09418,-0.03776,-0.26218,0.02065,0.0114,0.00447,0.01787,-0.10368,-0.15484,-0.26871,0.04362,0.02106,0.00853
61.14,-0.02356,-0.04318,0.00385,0.05573,0.10987,0.08949,-0.07852,0.06693,0.12056,0.03336,0.11328,0,0.43897,0.37702,0.37107,-0.39836,-0.85504,0.22795,-0.18185,0.07108,-0.13087,0.31529,0.33441,-1.57795,-0.06863,-0.44936,0.04799,-0.07686,-0.01906,-0.23622,0.01231,0.00871,0.00256,0.03461,-0.09675,-0.14914,-0.23936,0.02776,0.01778,0.00745
61.16,-0.02302,-0.04155,0.00789,0.04816,0.08545,0.07567,-0.02668,0.0637,0.10749,0.11178,0.11022,0,0.40928,0.31756,0.37508,-0.3396,-0.83402,0.2536,-0.17332,0.1083,-0.09154,-0.01162,0.18297,-0.88983,0.04425,-0.26966,0.06708,-0.05714,-0.00244,-0.20843,0.00349,0.00608,0.0008,0.0528,-0.08142,-0.13253,-0.20773,0.01023,0.0132,0.00574
61.18,-0.02377,-0.04107,0.01334,0.03693,0.06339,0.05937,0.02675,0.05744,0.09653,0.18631,0.10831,0,0.3634,0.24263,0.37977,-0.26391,-0.78482,0.27849,-0.15774,0.14848,-0.03618,-0.44095,-0.00089,0.01252,0.1851,-0.03729,0.08712,-0.03592,0.01075,-0.18297,-0.0052,0.00372,-0.00071,0.07209,-0.05863,-0.1077,-0.17857,-0.00777,0.00774,0.00359
61.2,-0.02614,-0.04248,0.02015,0.02262,0.04672,0.04189,0.07976,0.04832,0.08873,0.25464,0.10767,0,0.30222,0.15828,0.38309,-0.17553,-0.71738,0.30363,-0.13764,0.18219,0.02962,-0.90758,-0.18815,1.00822,0.33966,0.21397,0.10743,-0.01431,0.01996,-0.16453,-0.01309,0.00177,-0.00188,0.09205,-0.03093,-0.07978,-0.15722,-0.02465,0.00216,0.00133
61.22,-0.0305,-0.04661,0.02817,0.00616,0.03864,0.02481,0.13029,0.03679,0.08482,0.31447,0.10839,0,0.22722,0.0715,0.38179,-0.07956,-0.64363,0.32999,-0.11609,0.19861,0.09863,-1.33178,-0.34531,1.9482,0.4896,0.44352,0.12726,0.00644,0.02527,-0.15793,-0.0195,0.00034,-0.00267,0.11208,-0.00174,-0.05495,-0.14907,-0.03872,-0.00269,-0.00064
61.24,-0.03715,-0.05424,0.03715,-0.01134,0.04219,0.00964,0.17662,0.02343,0.08494,0.36405,0.11042,0,0.13982,-0.01193,0.37292,0.01961,-0.57407,0.35836,-0.09583,0.18885,0.16452,-1.64628,-0.44503,2.70537,0.61904,0.61757,0.14574,0.02515,0.02712,-0.16739,-0.02392,-0.00052,-0.00307,0.13144,0.02583,-0.03815,-0.15875,-0.04868,-0.00608,-0.00199
61.26,-0.04633,-0.06606,0.04682,-0.02859,0.06006,-0.00237,0.21759,0.009,0.08847,0.40232,0.11355,0,0.04122,-0.08864,0.35487,0.11892,-0.51558,0.38916,-0.07875,0.14825,0.22334,-1.81402,-0.47322,3.20671,0.7187,0.71792,0.16185,0.04084,0.02617,-0.19592,-0.0261,-0.00082,-0.00308,0.14909,0.04975,-0.03165,-0.18933,-0.05393,-0.0077,-0.00257
61.28,-0.05814,-0.08259,0.05677,-0.04402,0.09448,-0.01024,0.25228,-0.00549,0.09395,0.42862,0.11738,0,-0.06693,-0.15733,0.32773,0.21616,-0.47135,0.42215,-0.06582,0.07723,0.27342,-1.83102,-0.4304,3.4371,0.78613,0.7433,0.17423,0.05257,0.02331,-0.24511,-0.02604,-0.00066,-0.00276,0.16362,0.06901,-0.03473,-0.24207,-0.0546,-0.00762,-0.00241
61.3,-0.07245,-0.10412,0.06643,-0.0557,0.14707,-0.01314,0.27973,-0.01872,0.09923,0.44248,0.1213,0,-0.18192,-0.21807,0.29319,0.30918,-0.44162,0.45629,-0.05732,-0.01911,0.31475,-1.7214,-0.32979,3.42939,0.82425,0.70668,0.18116,0.0594,0.01957,-0.31496,-0.02395,-0.00019,-0.00217,0.17315,0.08337,-0.04414,-0.31634,-0.05143,-0.00625,-0.00171
61.32,-0.08901,-0.13073,0.07519,-0.06172,0.21882,-0.0105,0.29918,-0.02927,0.10187,0.44371,0.12463,0,-0.30047,-0.27162,0.25377,0.39598,-0.42468,0.4901,-0.05306,-0.13294,0.34841,-1.52565,-0.19169,3.24496,0.83933,0.6292,0.18082,0.06051,0.01599,-0.40431,-0.02017,0.00044,-0.00141,0.17578,0.09312,-0.0554,-0.41026,-0.04554,-0.00419,-0.00073
61.34,-0.1075,-0.16241,0.08262,-0.06075,0.31002,-0.00227,0.31056,-0.03606,0.09988,0.43294,0.12685,0,-0.4199,-0.31904,0.21167,0.47534,-0.41794,0.52237,-0.05263,-0.25672,0.37601,-1.28498,-0.0358,2.94915,0.8386,0.53209,0.17187,0.05559,0.01341,-0.51133,-0.01506,0.00106,-0.00056,0.17025,0.09878,-0.0647,-0.5215,-0.03813,-0.00202,0.00026
61.36,-0.12763,-0.19906,0.08863,-0.05248,0.41985,0.01088,0.31488,-0.03857,0.09213,0.41204,0.1277,0,-0.53847,-0.36113,0.16807,0.54696,-0.41866,0.55245,-0.0555,-0.3848,0.39926,-1.03156,0.12341,2.59573,0.82869,0.43159,0.15382,0.04503,0.01235,-0.63348,-0.00898,0.00157,0.0003,0.1565,0.10099,-0.07013,-0.64745,-0.03036,-0.00015,0.00109
61.38,-0.14888,-0.24015,0.0934,-0.03776,0.54552,0.02746,0.31424,-0.03688,0.07858,0.38431,0.12721,0,-0.65462,-0.39804,0.12331,0.61098,-0.42417,0.58012,-0.06107,-0.51289,0.41968,-0.78781,0.2768,2.2252,0.81524,0.33826,0.12724,0.0301,0.01295,-0.7666,-0.00226,0.00189,0.0011,0.13584,0.10036,-0.072,-0.78443,-0.02331,0.00118,0.00168
61.4,-0.17051,-0.28456,0.09736,-0.01851,0.68181,0.04515,0.31165,-0.03159,0.06018,0.35442,0.12567,0,-0.7661,-0.42897,0.07726,0.66733,-0.43199,0.60541,-0.06871,-0.63712,0.43836,-0.56863,0.419,1.86781,0.80301,0.25814,0.09379,0.01287,0.01506,-0.9044,0.00471,0.002,0.00179,0.1109,0.0975,-0.07248,-0.92693,-0.01806,0.00189,0.002
61.42,-0.19163,-0.33082,0.10102,0.00279,0.82218,0.0613,0.31037,-0.0236,0.03853,0.32756,0.1236,0,-0.87035,-0.45246,0.02949,0.71576,-0.44014,0.62858,-0.07787,-0.75407,0.45578,-0.3827,0.54739,1.54503,0.79591,0.19393,0.05565,-0.00421,0.01831,-1.03936,0.01151,0.00189,0.00229,0.08487,0.09301,-0.0747,-1.06845,-0.01565,0.002,0.0021
61.44,-0.21155,-0.37755,0.10485,0.02382,0.96089,0.07375,0.3131,-0.01378,0.01528,0.30815,0.12159,0,-0.96545,-0.46694,-0.02066,0.75601,-0.44767,0.65031,-0.08836,-0.86149,0.47175,-0.23294,0.66121,1.26994,0.79712,0.14621,0.01481,-0.01906,0.02232,-1.16491,0.01777,0.00158,0.00257,0.06058,0.08748,-0.08139,-1.2032,-0.01697,0.00149,0.00201
61.46,-0.22992,-0.42372,0.10916,0.04288,1.09398,0.08123,0.3214,-0.00284,-0.00809,0.29903,0.12034,0,-1.05058,-0.47119,-0.07388,0.78801,-0.45495,0.67183,-0.10042,-0.95843,0.48523,-0.11726,0.76073,1.04835,0.80907,0.11441,-0.02734,-0.03035,0.02677,-1.2763,0.02319,0.00111,0.00263,0.03981,0.08159,-0.09395,-1.32689,-0.0227,0.00028,0.00171
61.48,-0.24663,-0.46824,0.11403,0.05886,1.21852,0.08349,0.33546,0.00866,-0.03024,0.30131,0.12059,0,-1.12544,-0.46433,-0.13045,0.81152,-0.46369,0.69471,-0.1147,-1.04452,0.49421,-0.02978,0.8462,0.88098,0.83345,0.09733,-0.06979,-0.03753,0.03137,-1.37007,0.02749,0.00052,0.00249,0.02332,0.07612,-0.11209,-1.43589,-0.03324,-0.00176,0.00116
61.5,-0.26166,-0.50976,0.11933,0.07104,1.33161,0.08109,0.35423,0.02022,-0.04979,0.31463,0.12312,0,-1.18957,-0.44577,-0.1899,0.82598,-0.47665,0.72061,-0.13205,-1.1192,0.4958,0.03779,0.91712,0.76551,0.87101,0.09349,-0.11165,-0.04071,0.03586,-1.44313,0.03041,-0.0001,0.00219,0.01105,0.07198,-0.13401,-1.52639,-0.04869,-0.00484,0.00028
61.52,-0.27496,-0.54671,0.12474,0.07901,1.43057,0.07511,0.37599,0.03138,-0.0655,0.33756,0.1286,0,-1.24229,-0.4152,-0.25127,0.83072,-0.49653,0.75068,-0.15314,-1.18175,0.48682,0.09458,0.97241,0.69729,0.9213,0.10108,-0.15232,-0.04042,0.03992,-1.49276,0.03167,-0.00069,0.0018,0.00221,0.07008,-0.15697,-1.5946,-0.06897,-0.00915,-0.00103
61.54,-0.28646,-0.57776,0.12991,0.08269,1.51394,0.06671,0.39922,0.04179,-0.07662,0.36811,0.13732,0,-1.28307,-0.37273,-0.31371,0.82538,-0.52446,0.78483,-0.17795,-1.23185,0.46491,0.14883,1.01126,0.66926,0.98213,0.11788,-0.19199,-0.03747,0.04313,-1.5173,0.03116,-0.00114,0.0014,-0.00468,0.07117,-0.17836,-1.63782,-0.0938,-0.01483,-0.00283
61.56,-0.29599,-0.60203,0.13447,0.08228,1.58186,0.0569,0.42311,0.05115,-0.0831,0.40399,0.14897,0,-1.31172,-0.31912,-0.3767,0.81033,-0.55883,0.82114,-0.20535,-1.26985,0.42931,0.2066,1.03364,0.6717,1.04903,0.14101,-0.23182,-0.03282,0.04494,-1.51657,0.02892,-0.00138,0.00104,-0.01175,0.07562,-0.19628,-1.65503,-0.12278,-0.02184,-0.0051
61.58,-0.3032,-0.61893,0.13806,0.07826,1.63563,0.04654,0.4475,0.05917,-0.08562,0.44241,0.16257,0,-1.32818,-0.25617,-0.43962,0.78685,-0.59474,0.85539,-0.23273,-1.29648,0.38134,0.27106,1.04015,0.69235,1.11464,0.16676,-0.27369,-0.02755,0.0446,-1.49191,0.02521,-0.00131,0.00081,-0.02175,0.08341,-0.20956,-1.64688,-0.15507,-0.02994,-0.00778
61.6,-0.30755,-0.62793,0.14027,0.07137,1.67699,0.03638,0.47269,0.06552,-0.08539,0.48005,0.17642,0,-1.33222,-0.18701,-0.50129,0.75709,-0.62426,0.88113,-0.25608,-1.31248,0.32433,0.34223,1.03178,0.71695,1.16861,0.19056,-0.31979,-0.02291,0.0412,-1.4459,0.02049,-0.00087,0.00075,-0.03782,0.09414,-0.21759,-1.61525,-0.18933,-0.03862,-0.01066
61.62,-0.30837,-0.62854,0.14069,0.06244,1.70748,0.02709,0.49933,0.06986,-0.08386,0.51397,0.18859,0,-1.32354,-0.11562,-0.56002,0.72372,-0.63817,0.89086,-0.27079,-1.31838,0.26277,0.41788,1.00981,0.73116,1.19938,0.20767,-0.372,-0.02014,0.03382,-1.38161,0.0153,4e-05,0.00092,-0.06293,0.10715,-0.22005,-1.56255,-0.22383,-0.04727,-0.01353
61.64,-0.30523,-0.62045,0.13905,0.05229,1.72782,0.01909,0.52838,0.072,-0.08227,0.54315,0.19757,0,-1.30196,-0.04591,-0.61395,0.68933,-0.62882,0.87796,-0.27301,-1.31439,0.20084,0.49497,0.97574,0.72333,1.19697,0.21425,-0.43126,-0.02025,0.02176,-1.30167,0.01009,0.00147,0.00137,-0.09907,0.12173,-0.21682,-1.4908,-0.25692,-0.0553,-0.01616
61.66,-0.29806,-0.6036,0.13522,0.04158,1.7376,0.01259,0.56101,0.07202,-0.08139,0.56938,0.20271,0,-1.26774,0.01864,-0.6612,0.65613,-0.5921,0.83814,-0.26064,-1.30038,0.14163,0.5705,0.93149,0.68645,1.15507,0.20806,-0.49693,-0.02385,0.00478,-1.20789,0.00515,0.00343,0.00209,-0.14652,0.13718,-0.20779,-1.40143,-0.28714,-0.06227,-0.01841
61.68,-0.28729,-0.57835,0.12934,0.03095,1.73494,0.00756,0.5983,0.07025,-0.08143,0.59735,0.20427,0,-1.22184,0.07456,-0.69945,0.6262,-0.52812,0.76996,-0.23358,-1.27596,0.08742,0.64102,0.87973,0.6188,1.07171,0.18867,-0.5661,-0.03112,-0.01679,-1.10185,0.00061,0.00588,0.00307,-0.20336,0.15277,-0.19297,-1.29573,-0.31305,-0.06787,-0.02019
61.7,-0.27383,-0.54554,0.12173,0.02101,1.7167,0.00385,0.64098,0.06725,-0.08211,0.63395,0.20332,0,-1.16603,0.11805,-0.7257,0.60158,-0.44103,0.67485,-0.19362,-1.24059,0.04017,0.70228,0.824,0.52368,0.94908,0.15731,-0.63351,-0.04176,-0.04194,-0.98551,-0.00353,0.00873,0.00424,-0.26541,0.16759,-0.17249,-1.17548,-0.33305,-0.07183,-0.02142
61.72,-0.25881,-0.50628,0.11287,0.01235,1.67929,0.00124,0.68922,0.06366,-0.08277,0.68659,0.20146,0,-1.10247,0.14548,-0.7367,0.58405,-0.3374,0.55625,-0.14377,-1.19369,0.00153,0.74962,0.76834,0.40748,0.7922,0.11631,-0.69275,-0.05506,-0.06914,-0.86108,-0.00734,0.01181,0.00551,-0.3273,0.18064,-0.14671,-1.04293,-0.34563,-0.07396,-0.02205
61.74,-0.24329,-0.46174,0.10323,0.00533,1.62011,-0.0006,0.74251,0.06005,-0.08256,0.76071,0.20046,0,-1.03303,0.15445,-0.72987,0.57446,-0.22398,0.41823,-0.08732,-1.13488,-0.0273,0.77912,0.71634,0.2769,0.6069,0.06831,-0.73851,-0.0699,-0.09664,-0.73054,-0.01095,0.01495,0.00677,-0.38419,0.191,-0.11629,-0.90033,-0.34987,-0.07415,-0.02207
61.76,-0.22806,-0.41307,0.09317,0.00011,1.53872,-0.00202,0.7993,0.05676,-0.08056,0.85785,0.20208,0,-0.95896,0.1446,-0.70395,0.57233,-0.10648,0.2652,-0.0274,-1.06428,-0.04569,0.78824,0.67079,0.13753,0.39924,0.01591,-0.76789,-0.08474,-0.12262,-0.59564,-0.01454,0.01794,0.00792,-0.43275,0.19791,-0.08242,-0.7502,-0.3458,-0.07245,-0.0215
61.78,-0.21369,-0.36177,0.08307,-0.00344,1.43769,-0.0034,0.85655,0.05392,-0.07582,0.9745,0.20792,0,-0.88149,0.1178,-0.65939,0.57579,0.00984,0.10284,0.03271,-0.98317,-0.0534,0.77589,0.63388,-0.00552,0.17676,-0.03803,-0.78053,-0.0975,-0.14495,-0.45895,-0.01826,0.02052,0.00884,-0.47105,0.20069,-0.04706,-0.59647,-0.33453,-0.06903,-0.02036
61.8,-0.20068,-0.30998,0.07333,-0.00556,1.32279,-0.00514,0.90956,0.05146,-0.06744,1.10197,0.21944,0,-0.80219,0.07789,-0.59819,0.58182,0.11956,-0.06114,0.08928,-0.89427,-0.05043,0.74219,0.60759,-0.14685,-0.05041,-0.0902,-0.77805,-0.10557,-0.16115,-0.32469,-0.02227,0.02238,0.00942,-0.49808,0.19879,-0.01306,-0.44531,-0.31808,-0.06421,-0.01874
61.82,-0.18938,-0.26007,0.06436,-0.00659,1.20154,-0.00756,0.95296,0.04923,-0.05474,1.134,0.23759,0,-0.72287,0.02965,-0.52332,0.587,0.21794,-0.21831,0.13869,-0.80116,-0.03687,0.68811,0.59348,-0.28159,-0.27113,-0.13729,-0.76328,-0.10643,-0.16889,-0.19808,-0.02667,0.02323,0.00951,-0.51355,0.19177,0.01642,-0.30404,-0.29888,-0.05841,-0.01672
61.84,-0.17984,-0.21401,0.05644,-0.0068,1.08084,-0.01089,0.9824,0.04699,-0.03762,1.134,0.26242,0,-0.64486,-0.02272,-0.43768,0.58863,0.30284,-0.36227,0.17857,-0.70714,-0.01305,0.61509,0.59227,-0.40747,-0.47645,-0.17703,-0.73922,-0.09853,-0.16681,-0.08378,-0.03154,0.02287,0.00906,-0.51791,0.17957,0.03891,-0.17886,-0.27905,-0.05198,-0.01441
61.86,-0.17179,-0.17294,0.04969,-0.00632,0.96575,-0.01514,0.9957,0.0445,-0.01679,1.134,0.29266,0,-0.56888,-0.07639,-0.3437,0.58547,0.37577,-0.48995,0.20843,-0.61478,0.02038,0.52507,0.60347,-0.52571,-0.66117,-0.20878,-0.7085,-0.08201,-0.15519,0.01488,-0.03689,0.02132,0.00807,-0.5123,0.16266,0.05325,-0.07363,-0.25996,-0.04522,-0.01188
61.88,-0.16464,-0.13748,0.04408,-0.00515,0.86004,-0.02011,0.99293,0.04154,0.00599,1.134,0.32541,0,-0.49551,-0.12973,-0.24395,0.57791,0.44153,-0.60106,0.22963,-0.52646,0.06218,0.42117,0.62521,-0.64039,-0.82284,-0.23339,-0.67341,-0.05897,-0.13614,0.0953,-0.04265,0.01878,0.00665,-0.49859,0.1422,0.05962,0.00952,-0.24225,-0.0384,-0.00925
61.9,-0.15759,-0.10801,0.03952,-0.00316,0.76707,-0.02535,0.9761,0.03793,0.02792,1.134,0.35614,0,-0.42576,-0.18188,-0.14168,0.56783,0.50741,-0.69673,0.24487,-0.44496,0.1104,0.30802,0.65439,-0.75734,-0.96006,-0.25284,-0.63607,-0.03326,-0.11338,0.1548,-0.04865,0.01568,0.00499,-0.47926,0.12003,0.05928,0.06934,-0.22605,-0.03179,-0.00665
61.92,-0.14982,-0.08475,0.03588,-0.00017,0.68959,-0.03029,0.94828,0.03354,0.04581,1.134,0.37962,0,-0.36076,-0.23244,-0.04052,0.55785,0.58201,-0.7787,0.25764,-0.37297,0.16278,0.19088,0.68723,-0.88343,-1.0719,-0.26981,-0.59819,-0.00951,-0.09131,0.19097,-0.05468,0.01254,0.00332,-0.45702,0.09829,0.05408,0.10539,-0.21115,-0.02566,-0.00422
61.94,-0.14063,-0.06758,0.03304,0.00391,0.62892,-0.03439,0.91263,0.02826,0.05707,1.134,0.384,0,-0.30099,-0.28139,0.05657,0.55027,0.67409,-0.84867,0.27142,-0.31194,0.2175,0.07403,0.72005,-1.02608,-1.15797,-0.28723,-0.56054,0.00848,-0.0735,0.20249,-0.06067,0.00978,0.00183,-0.4341,0.07869,0.04589,0.11851,-0.19719,-0.02017,-0.00206
61.96,-0.12964,-0.05598,0.03088,0.009,0.58453,-0.03723,0.87174,0.02199,0.06043,1.134,0.384,0,-0.24593,-0.32888,0.1476,0.5464,0.79135,-0.90768,0.28915,-0.26137,0.2734,-0.04004,0.74976,-1.19247,-1.21831,-0.30794,-0.52277,0.0187,-0.0618,0.18988,-0.06675,0.00772,0.00064,-0.412,0.06214,0.03622,0.11122,-0.18383,-0.01538,-0.00021
61.98,-0.11688,-0.04912,0.02931,0.01477,0.55429,-0.03854,0.82783,0.01476,0.05602,1.134,0.36913,0,-0.19441,-0.37478,0.23093,0.54634,0.93935,-0.95549,0.31295,-0.21914,0.32974,-0.14994,0.77371,-1.38814,-1.25274,-0.33445,-0.48363,0.02113,-0.05612,0.15563,-0.07325,0.00645,-0.00021,-0.39149,0.04878,0.02618,0.08777,-0.17086,-0.01125,0.00133
62,-0.10283,-0.04597,0.02832,0.02065,0.53506,-0.03815,0.78296,0.00671,0.04519,1.134,0.33494,0,-0.1451,-0.41837,0.30466,0.54919,1.12071,-0.99019,0.34403,-0.18203,0.38568,-0.25443,0.78953,-1.61581,-1.26044,-0.36873,-0.44136,0.01744,-0.05484,0.104,-0.0806,0.00596,-0.00075,-0.3729,0.03816,0.0166,0.05388,-0.15833,-0.00769,0.00261
62.02,-0.08825,-0.04548,0.02788,0.02598,0.52329,-0.03606,0.73882,-0.0019,0.03002,0.99166,0.28747,0,-0.09665,-0.45838,0.36681,0.55312,1.33505,-1.00865,0.38275,-0.14651,0.44032,-0.3522,0.79528,-1.87507,-1.24008,-0.41204,-0.39411,0.01025,-0.05541,0.04018,-0.08919,0.00612,-0.00105,-0.35622,0.02951,0.00798,0.01578,-0.14645,-0.00462,0.00369
62.04,-0.07386,-0.04665,0.02795,0.03021,0.51568,-0.03244,0.69624,-0.01069,0.01266,0.83766,0.22929,0,-0.04776,-0.49342,0.41611,0.5557,1.57931,-1.00745,0.42875,-0.10947,0.49283,-0.44206,0.78996,-2.16278,-1.19062,-0.46465,-0.3404,0.00218,-0.05538,-0.0309,-0.0992,0.00674,-0.0012,-0.34133,0.02201,0.00059,-0.02113,-0.13537,-0.00193,0.00463
62.06,-0.06024,-0.04865,0.02838,0.03308,0.50965,-0.02777,0.65496,-0.01917,-0.0051,0.68874,0.16353,0,0.0027,-0.52209,0.45243,0.55403,1.84704,-0.98361,0.48089,-0.06885,0.54253,-0.52279,0.77381,-2.4722,-1.11196,-0.5255,-0.27959,-0.00474,-0.05303,-0.10513,-0.11041,0.00761,-0.00129,-0.32805,0.01499,-0.00561,-0.05314,-0.12512,0.0005,0.00547
62.08,-0.04781,-0.05075,0.02895,0.03462,0.50345,-0.02282,0.61391,-0.02668,-0.02177,0.55078,0.09421,0,0.05524,-0.54279,0.47655,0.54476,2.12634,-0.93487,0.53684,-0.02415,0.58841,-0.59252,0.74854,-2.79051,-1.00567,-0.59167,-0.21249,-0.00925,-0.04756,-0.17883,-0.12211,0.00846,-0.00141,-0.31637,0.00805,-0.01084,-0.07816,-0.11564,0.00271,0.00626
62.1,-0.03699,-0.05239,0.02935,0.03507,0.49621,-0.01865,0.5716,-0.03232,-0.03608,0.42905,0.02658,0,0.10944,-0.55354,0.48971,0.52427,2.39866,-0.85982,0.59293,0.02344,0.62887,-0.64808,0.7172,-3.09752,-0.87532,-0.65818,-0.14153,-0.01069,-0.03903,-0.24826,-0.13306,0.00901,-0.00164,-0.30647,0.00106,-0.01548,-0.09536,-0.10688,0.00475,0.00698
62.12,-0.02817,-0.05314,0.02924,0.03478,0.48761,-0.01642,0.52652,-0.03516,-0.04695,0.32786,-0.03376,0,0.16396,-0.55223,0.49298,0.48925,2.64184,-0.75802,0.64478,0.07153,0.66215,-0.68528,0.68361,-3.36913,-0.72587,-0.71899,-0.07015,-0.00899,-0.02815,-0.30989,-0.1418,0.00897,-0.00206,-0.29861,-0.00586,-0.01995,-0.10479,-0.09879,0.00659,0.00765
62.14,-0.02159,-0.05273,0.02834,0.03409,0.47755,-0.01703,0.47746,-0.03446,-0.05366,0.24928,-0.08229,0,0.21689,-0.53718,0.48662,0.43766,2.83576,-0.63024,0.68865,0.11734,0.68713,-0.69961,0.65135,-3.58397,-0.56257,-0.76861,-0.00137,-0.00448,-0.01602,-0.36118,-0.14704,0.00813,-0.00271,-0.29289,-0.01257,-0.02465,-0.10702,-0.09126,0.00822,0.00822
62.16,-0.01729,-0.05105,0.0265,0.03319,0.46583,-0.0209,0.42394,-0.02987,-0.05595,0.19246,-0.11648,0,0.2658,-0.50757,0.46968,0.36959,2.96567,-0.47905,0.72214,0.15824,0.70383,-0.68681,0.62326,-3.72733,-0.39079,-0.8031,0.06278,0.00209,-0.00393,-0.40095,-0.14802,0.00638,-0.0036,-0.28913,-0.01892,-0.02985,-0.10292,-0.08411,0.00964,0.00871
62.18,-0.01513,-0.0482,0.0237,0.03212,0.4522,-0.0279,0.36667,-0.02153,-0.05396,0.154,-0.1357,0,0.30732,-0.46374,0.44001,0.28791,3.02188,-0.31009,0.74408,0.19145,0.71341,-0.64299,0.6015,-3.79084,-0.21725,-0.82004,0.12101,0.00954,0.00656,-0.42915,-0.14452,0.00376,-0.00472,-0.28679,-0.02479,-0.03569,-0.09356,-0.07715,0.01085,0.00909
62.2,-0.01489,-0.04446,0.02008,0.03078,0.43649,-0.03735,0.30782,-0.01002,-0.04823,0.12867,-0.14081,0,0.33703,-0.40727,0.39453,0.19835,2.99846,-0.13259,0.75417,0.21388,0.71792,-0.56464,0.5878,-3.77089,-0.05092,-0.81817,0.17223,0.01632,0.01365,-0.4465,-0.13681,0.00044,-0.006,-0.28513,-0.02999,-0.04207,-0.08025,-0.07022,0.01185,0.00935
62.22,-0.01623,-0.04018,0.01589,0.02898,0.4186,-0.04829,0.25027,0.00382,-0.03951,0.11052,-0.1336,0,0.35038,-0.34054,0.33006,0.10806,2.89315,0.04239,0.75253,0.22241,0.71992,-0.44867,0.58337,-3.66759,0.09821,-0.79715,0.2156,0.02092,0.01564,-0.45443,-0.1255,-0.00337,-0.00735,-0.2833,-0.03425,-0.04879,-0.06434,-0.06323,0.01263,0.0095
62.24,-0.01884,-0.03573,0.01137,0.02648,0.39858,-0.05973,0.19644,0.01914,-0.02867,0.09407,-0.11628,0,0.34422,-0.26612,0.24455,0.02322,2.70812,0.20537,0.7393,0.21471,0.72205,-0.29257,0.58873,-3.48439,0.22184,-0.75755,0.25091,0.02247,0.01162,-0.45527,-0.11131,-0.00749,-0.00873,-0.2806,-0.03717,-0.05554,-0.047,-0.05616,0.01316,0.00951
62.26,-0.02237,-0.0314,0.00673,0.02302,0.37665,-0.07086,0.14759,0.03517,-0.01659,0.07514,-0.09121,0,0.31801,-0.18653,0.13824,-0.05233,2.45136,0.35015,0.71449,0.18977,0.72678,-0.09513,0.60346,-3.22867,0.3149,-0.70104,0.27874,0.02115,0.00191,-0.45238,-0.09496,-0.01181,-0.01011,-0.27661,-0.03826,-0.06202,-0.02918,-0.04908,0.01344,0.00937
62.28,-0.02648,-0.02742,0.00221,0.01837,0.35348,-0.081,0.10402,0.05119,-0.00429,0.05127,-0.06099,0,0.27424,-0.1048,0.01465,-0.11683,2.13876,0.47315,0.67802,0.14821,0.73624,0.14202,0.62609,-2.91352,0.37504,-0.63074,0.30028,0.01836,-0.0118,-0.4502,-0.07731,-0.01633,-0.01154,-0.27125,-0.03686,-0.06782,-0.01168,-0.04222,0.01342,0.00908
62.3,-0.03078,-0.02399,-0.00194,0.01234,0.33019,-0.0895,0.06554,0.06638,0.00708,0.02169,-0.02854,0,0.21823,-0.02489,-0.11908,-0.16989,1.7945,0.57214,0.62991,0.09235,0.75219,0.41335,0.65413,-2.55855,0.40178,-0.55141,0.31703,0.01645,-0.02656,-0.45406,-0.05941,-0.02106,-0.01305,-0.26478,-0.0322,-0.07243,0.00474,-0.03596,0.01308,0.00863
62.32,-0.03492,-0.02128,-0.00549,0.00475,0.30813,-0.09579,0.03163,0.07993,0.01645,-0.01302,0.00321,0,0.15683,0.04884,-0.25373,-0.21198,1.44644,0.64583,0.57052,0.02598,0.77563,0.71036,0.6844,-2.18638,0.39602,-0.46854,0.33072,0.018,-0.03912,-0.46952,-0.04236,-0.02602,-0.01471,-0.25766,-0.02344,-0.07525,0.01937,-0.03079,0.01237,0.008
62.34,-0.03864,-0.0194,-0.00827,-0.0046,0.28839,-0.09945,0.00146,0.09123,0.0232,-0.05151,0.03196,0,0.09651,0.11284,-0.38082,-0.24413,1.11822,0.69409,0.50066,-0.0459,0.80637,1.02381,0.71359,-1.81659,0.35999,-0.38687,0.34321,0.0247,-0.04718,-0.50129,-0.02701,-0.03115,-0.01652,-0.25029,-0.00986,-0.0757,0.03176,-0.02711,0.01128,0.00721
62.36,-0.04183,-0.0184,-0.01022,-0.01593,0.2715,-0.10024,-0.02603,0.09993,0.02739,-0.09198,0.05632,0,0.0423,0.16499,-0.49397,-0.26765,0.82501,0.71803,0.42204,-0.11712,0.84257,1.34409,0.73853,-1.46284,0.29748,-0.30965,0.35647,0.03657,-0.05036,-0.55242,-0.01383,-0.03631,-0.01842,-0.24289,0.00904,-0.07324,0.0418,-0.02514,0.00979,0.00626
62.38,-0.04452,-0.01824,-0.01141,-0.02943,0.25752,-0.09816,-0.05186,0.10595,0.02981,-0.13189,0.07567,0,-0.00215,0.20433,-0.58849,-0.28384,0.57462,0.71969,0.33789,-0.17971,0.88036,1.65895,0.7561,-1.13482,0.21418,-0.23899,0.37249,0.05165,-0.05033,-0.62371,-0.00297,-0.04118,-0.02029,-0.23552,0.0333,-0.06742,0.04963,-0.02488,0.00794,0.00518
62.4,-0.04684,-0.01881,-0.01197,-0.04512,0.24623,-0.09334,-0.07683,0.10934,0.03184,-0.16786,0.08996,0,-0.034,0.23058,-0.66035,-0.29379,0.37041,0.70175,0.25332,-0.2237,0.91391,1.95169,0.76306,-0.84095,0.11779,-0.17654,0.3931,0.06624,-0.05052,-0.71364,0.00559,-0.04527,-0.02188,-0.22814,0.0625,-0.05789,0.05557,-0.02618,0.00579,0.00401
62.42,-0.04897,-0.02002,-0.01209,-0.06286,0.23723,-0.0861,-0.10157,0.11025,0.03511,-0.19614,0.09943,0,-0.0511,0.24388,-0.70621,-0.29844,0.21292,0.66721,0.17426,-0.23831,0.93652,2.20331,0.75657,-0.58831,0.01678,-0.12354,0.41993,0.07599,-0.05507,-0.81905,0.01201,-0.04807,-0.02294,-0.2207,0.09578,-0.04444,0.06001,-0.0288,0.00344,0.00281
62.44,-0.05111,-0.02172,-0.0119,-0.08233,0.23012,-0.07688,-0.12678,0.10892,0.04105,-0.21354,0.10449,0,-0.05204,0.24482,-0.72391,-0.29877,0.10082,0.61914,0.10571,-0.21396,0.94251,2.39734,0.7349,-0.38073,-0.08161,-0.08052,0.45433,0.07749,-0.06721,-0.93642,0.01646,-0.04919,-0.02329,-0.21315,0.13209,-0.02712,0.06335,-0.03246,0.00101,0.00164
62.46,-0.05341,-0.0238,-0.01151,-0.10293,0.22456,-0.06627,-0.15329,0.10564,0.05057,-0.21806,0.10556,0,-0.0362,0.23447,-0.71294,-0.29591,0.03174,0.56071,0.05067,-0.14395,0.92847,2.52262,0.69812,-0.21796,-0.17247,-0.04725,0.49716,0.06947,-0.08827,-1.06221,0.01912,-0.0485,-0.02284,-0.20552,0.17021,-0.00626,0.06597,-0.03689,-0.00139,0.00056
62.48,-0.05596,-0.02615,-0.01094,-0.12363,0.22035,-0.0551,-0.18188,0.10083,0.06386,-0.20899,0.10303,0,-0.00384,0.21436,-0.67445,-0.29126,0.00316,0.49566,0.01036,-0.02524,0.89362,2.57283,0.6485,-0.09689,-0.25272,-0.02295,0.54844,0.05308,-0.11713,-1.19211,0.02011,-0.0462,-0.02171,-0.19799,0.20845,0.01723,0.06816,-0.04178,-0.00363,-0.00037
62.5,-0.0588,-0.02861,-0.01018,-0.14289,0.21749,-0.04448,-0.21309,0.09496,0.08044,-0.1867,0.0972,0,0.04394,0.18652,-0.61112,-0.28638,0.01318,0.42844,-0.01521,0.14151,0.83958,2.54506,0.59041,-0.01317,-0.32034,-0.00666,0.60721,0.0316,-0.15052,-1.32029,0.01952,-0.04277,-0.0201,-0.19092,0.24451,0.04192,0.07013,-0.04681,-0.00554,-0.0011
62.52,-0.06188,-0.03107,-0.00915,-0.15894,0.21612,-0.03562,-0.24726,0.08858,0.0993,-0.15234,0.08816,0,0.10564,0.15308,-0.52649,-0.28266,0.06057,0.36346,-0.02673,0.35282,0.76922,2.4391,0.52916,0.03801,-0.37394,0.00263,0.6718,0.00933,-0.18404,-1.44022,0.01737,-0.03878,-0.01829,-0.18482,0.27586,0.06603,0.07203,-0.05163,-0.00696,-0.00156
62.54,-0.06518,-0.03343,-0.0078,-0.17028,0.21642,-0.02955,-0.28464,0.08222,0.11918,-0.10741,0.0756,0,0.17999,0.11578,-0.42418,-0.28096,0.1446,0.30374,-0.02519,0.60394,0.68505,2.25723,0.46919,0.06156,-0.41265,0.00595,0.74056,-0.01022,-0.21398,-1.54642,0.01367,-0.03471,-0.0165,-0.18017,0.30055,0.08804,0.074,-0.05593,-0.00778,-0.00173
62.56,-0.06863,-0.03564,-0.0061,-0.17604,0.21855,-0.02692,-0.32534,0.07637,0.1387,-0.05368,0.05877,0,0.26608,0.07582,-0.30767,-0.28121,0.26435,0.2501,-0.01165,0.88887,0.58848,2.00499,0.41298,0.06239,-0.43601,0.00436,0.81203,-0.02537,-0.23832,-1.63535,0.00848,-0.03081,-0.01486,-0.1774,0.31765,0.10693,0.0762,-0.05945,-0.00799,-0.00161
62.58,-0.07218,-0.03772,-0.0041,-0.17598,0.22261,-0.02801,-0.36908,0.0715,0.15623,0.00646,0.03657,0,0.3628,0.03402,-0.18108,-0.2824,0.41784,0.20141,0.01271,1.19843,0.48024,1.693,0.36124,0.04523,-0.44361,-0.0011,0.88452,-0.03646,-0.25691,-1.70487,0.00195,-0.02711,-0.01336,-0.17684,0.32728,0.12212,0.07878,-0.06202,-0.00766,-0.00127
62.6,-0.07571,-0.0397,-0.00185,-0.17036,0.22862,-0.03274,-0.41488,0.0681,0.16983,0.06976,0.00771,0,0.46835,-0.0088,-0.04985,-0.28269,0.60129,0.15523,0.04659,1.51875,0.3611,1.33779,0.31348,0.01453,-0.43504,-0.00936,0.95564,-0.04552,-0.271,-1.75357,-0.00566,-0.02342,-0.01189,-0.17881,0.33027,0.13325,0.08188,-0.06345,-0.00697,-0.0008
62.62,-0.0791,-0.04161,0.00051,-0.15985,0.23653,-0.04081,-0.46131,0.06663,0.17752,0.13265,-0.02888,0,0.58062,-0.05173,0.07975,-0.27991,0.80903,0.10846,0.08845,1.83337,0.23173,0.95901,0.26842,-0.0257,-0.41018,-0.01939,1.02269,-0.0555,-0.28265,-1.78053,-0.01403,-0.01951,-0.01033,-0.18349,0.32785,0.14017,0.08558,-0.06359,-0.00612,-0.00031
62.64,-0.08223,-0.04349,0.00286,-0.14526,0.24614,-0.05175,-0.50691,0.06727,0.17782,0.19219,-0.07371,0,0.69814,-0.09377,0.20193,-0.27238,1.03391,0.05823,0.13648,2.12761,0.09219,0.57412,0.22439,-0.07201,-0.36991,-0.03018,1.08349,-0.06922,-0.29393,-1.78573,-0.02283,-0.01515,-0.00855,-0.19084,0.32118,0.14282,0.08985,-0.06236,-0.00528,9e-05
62.66,-0.08501,-0.04537,0.0051,-0.12757,0.25707,-0.06494,-0.55041,0.06992,0.17011,0.24659,-0.12621,0,0.82032,-0.13371,0.3119,-0.25938,1.26681,0.0025,0.18833,2.39068,-0.05795,0.1962,0.17972,-0.12148,-0.31679,-0.0407,1.13682,-0.0886,-0.30634,-1.7703,-0.03178,-0.01027,-0.00651,-0.20049,0.31109,0.1413,0.09448,-0.05977,-0.00455,0.00037
62.68,-0.08739,-0.04725,0.00711,-0.10798,0.26866,-0.07955,-0.59037,0.07405,0.15479,0.29489,-0.18422,0,0.94661,-0.16979,0.40506,-0.24142,1.4947,-0.05925,0.24072,2.61406,-0.21851,-0.16377,0.13313,-0.17126,-0.25552,-0.04986,1.18208,-0.11435,-0.32056,-1.73664,-0.04054,-0.00498,-0.00425,-0.21167,0.29805,0.13583,0.09904,-0.05598,-0.00395,0.00052
62.7,-0.0893,-0.04908,0.00878,-0.088,0.27992,-0.09446,-0.62499,0.07883,0.13313,0.33652,-0.24394,0,1.07567,-0.19949,0.47637,-0.22014,1.69964,-0.12597,0.28913,2.78953,-0.38773,-0.49431,0.08403,-0.2182,-0.19304,-0.05635,1.21885,-0.14599,-0.33644,-1.68828,-0.04872,0.0004,-0.00191,-0.22315,0.28233,0.12672,0.10289,-0.05126,-0.00341,0.00059
62.72,-0.09069,-0.0508,0.00998,-0.06926,0.2897,-0.10843,-0.65225,0.08324,0.10694,0.3712,-0.30078,-0,1.20566,-0.21991,0.52083,-0.19777,1.86131,-0.19584,0.32824,2.90964,-0.56278,-0.78445,0.03198,-0.25843,-0.13725,-0.05872,1.24671,-0.18247,-0.35346,-1.62928,-0.05587,0.00543,0.00029,-0.23354,0.26404,0.11437,0.10533,-0.04595,-0.00287,0.00063
62.74,-0.0915,-0.05233,0.01065,-0.05314,0.29702,-0.12037,-0.67059,0.08644,0.07785,0.39908,-0.35105,-0,1.33521,-0.22855,0.535,-0.17612,1.96192,-0.26792,0.35269,2.9698,-0.74121,-1.02706,-0.02413,-0.28706,-0.09497,-0.05534,1.26534,-0.22309,-0.37124,-1.5632,-0.06165,0.00973,0.00218,-0.24162,0.2433,0.09923,0.10582,-0.04037,-0.00224,0.00071
62.76,-0.09171,-0.0536,0.01082,-0.04056,0.30116,-0.12953,-0.67917,0.08788,0.04706,0.42084,-0.384,-0,1.46364,-0.22384,0.51799,-0.15613,1.98941,-0.34293,0.35772,2.96968,-0.92131,-1.2206,-0.08645,-0.29794,-0.07066,-0.04451,1.27453,-0.26798,-0.39,-1.49281,-0.06588,0.01307,0.00365,-0.24658,0.22044,0.08182,0.10417,-0.0348,-0.00147,0.00087
62.78,-0.09135,-0.05453,0.01056,-0.03205,0.30177,-0.13543,-0.67793,0.0874,0.01546,0.43743,-0.384,-0,1.5901,-0.20529,0.47179,-0.13784,1.9378,-0.42298,0.33907,2.91342,-1.1009,-1.36781,-0.1579,-0.28341,-0.06632,-0.02452,1.27406,-0.31795,-0.41041,-1.4204,-0.06853,0.01533,0.00464,-0.24807,0.19616,0.06288,0.10058,-0.02948,-0.00057,0.00111
62.8,-0.09045,-0.05504,0.01004,-0.02786,0.29874,-0.1378,-0.66741,0.08514,-0.01616,0.44993,-0.384,-0,1.71265,-0.17335,0.40105,-0.12061,1.80623,-0.51061,0.29315,2.8089,-1.27609,-1.47384,-0.24154,-0.23449,-0.08182,0.00627,1.26364,-0.37405,-0.43349,-1.34832,-0.06965,0.01655,0.00514,-0.24606,0.17165,0.04342,0.09559,-0.02469,0.00041,0.00141
62.82,-0.08906,-0.05505,0.00946,-0.02801,0.29218,-0.1365,-0.64861,0.08142,-0.04704,0.45946,-0.384,-0,1.82864,-0.12915,0.31249,-0.10358,1.59708,-0.60767,0.21771,2.66607,-1.442,-1.5449,-0.34032,-0.14212,-0.11512,0.04904,1.24283,-0.43728,-0.46029,-1.27864,-0.06939,0.01678,0.00519,-0.24086,0.14831,0.02456,0.08997,-0.02068,0.00138,0.00174
62.84,-0.08724,-0.05453,0.00899,-0.03228,0.2824,-0.13153,-0.62279,0.07658,-0.07662,0.46717,-0.384,-0,1.93586,-0.07404,0.21389,-0.08602,1.31379,-0.71382,0.11309,2.49466,-1.59463,-1.58766,-0.45675,0.00084,-0.1624,0.10419,1.21112,-0.50829,-0.49169,-1.21254,-0.06797,0.01615,0.00483,-0.23296,0.12722,0.00713,0.08447,-0.01765,0.00225,0.00206
62.86,-0.08505,-0.05349,0.00876,-0.04017,0.26992,-0.12305,-0.59154,0.07088,-0.10444,0.47425,-0.384,-0,2.03302,-0.00952,0.11389,-0.06775,0.96049,-0.82524,-0.01657,2.30332,-1.73163,-1.60864,-0.59232,0.19763,-0.21797,0.17075,1.16809,-0.58697,-0.52804,-1.14996,-0.0657,0.01478,0.00408,-0.22309,0.10887,-0.00851,0.07974,-0.01571,0.00294,0.00232
62.88,-0.0826,-0.052,0.00884,-0.05083,0.25559,-0.11145,-0.55691,0.06449,-0.12999,0.4819,-0.384,-0,2.11908,0.0623,0.02263,-0.04934,0.54432,-0.93337,-0.16211,2.10076,-1.85144,-1.61388,-0.74637,0.44577,-0.27383,0.24586,1.11372,-0.67174,-0.56887,-1.09007,-0.06299,0.01282,0.003,-0.21222,0.09326,-0.02239,0.0763,-0.01489,0.00338,0.00249
62.9,-0.08003,-0.05022,0.00925,-0.0631,0.24057,-0.09734,-0.52158,0.05758,-0.15247,0.49117,-0.384,-0,2.19248,0.13837,-0.04794,-0.0322,0.07753,-1.02493,-0.30924,1.8968,-1.95221,-1.6086,-0.91538,0.73606,-0.3198,0.32448,1.04867,-0.7592,-0.61272,-1.03176,-0.06033,0.01043,0.00163,-0.20163,0.08003,-0.03479,0.07458,-0.01517,0.00349,0.00254
62.92,-0.07746,-0.04833,0.00998,-0.07562,0.22618,-0.0815,-0.48841,0.05021,-0.17097,0.50282,-0.384,-0,2.25116,0.21513,-0.08585,-0.0182,-0.42352,-1.08478,-0.44166,1.70122,-2.03192,-1.5969,-1.09363,1.05328,-0.34566,0.40049,0.97411,-0.84471,-0.65741,-0.97377,-0.05817,0.00778,5e-05,-0.19268,0.06865,-0.04604,0.07493,-0.01644,0.00323,0.00244
62.94,-0.07502,-0.04651,0.01099,-0.0871,0.21353,-0.06468,-0.45962,0.04228,-0.18472,0.51698,-0.384,-0,2.29304,0.28935,-0.08225,-0.00915,-0.94134,-1.1008,-0.54619,1.52114,-2.08918,-1.58139,-1.27487,1.37811,-0.3444,0.46835,0.89137,-0.92378,-0.70077,-0.91459,-0.05672,0.00503,-0.00169,-0.18647,0.05854,-0.05644,0.07752,-0.01857,0.00256,0.00217
62.96,-0.07275,-0.04487,0.01223,-0.09649,0.2033,-0.04756,-0.43639,0.0335,-0.19337,0.533,-0.384,0,2.31633,0.35857,-0.03368,-0.00639,-1.45755,-1.06728,-0.61599,1.35986,-2.12373,-1.5631,-1.4528,1.68733,-0.31465,0.52413,0.80197,-0.99263,-0.74084,-0.85256,-0.05582,0.00228,-0.00351,-0.18367,0.04918,-0.06605,0.08232,-0.02134,0.00148,0.00171
62.98,-0.07065,-0.04352,0.01364,-0.10288,0.19582,-0.03088,-0.41889,0.02344,-0.19686,0.54919,-0.384,0,2.31931,0.4206,0.05713,-0.01082,-1.94898,-0.98583,-0.6507,1.21775,-2.13621,-1.5415,-1.61982,1.95135,-0.26137,0.56529,0.70834,-1.04787,-0.7757,-0.78637,-0.05491,-0.00037,-0.00531,-0.18442,0.0402,-0.07466,0.08902,-0.02443,5e-05,0.0011
63,-0.0687,-0.04253,0.01512,-0.10551,0.19111,-0.0155,-0.40658,0.01161,-0.19542,0.5629,-0.384,0,2.30013,0.47307,0.18162,-0.02276,-2.38528,-0.86481,-0.65527,1.09376,-2.12773,-1.51481,-1.76608,2.1338,-0.19521,0.59023,0.61422,-1.08597,-0.80319,-0.71544,-0.05304,-0.00283,-0.00694,-0.18846,0.03145,-0.08171,0.09708,-0.02745,-0.00165,0.00034
63.02,-0.06687,-0.04197,0.01656,-0.10377,0.18898,-0.00229,-0.39845,-0.00234,-0.18947,0.57107,-0.384,0,2.25688,0.51374,0.32773,-0.04172,-2.73431,-0.71667,-0.63769,0.98604,-2.09949,-1.48053,-1.88078,2.19864,-0.12959,0.59824,0.52396,-1.10369,-0.82124,-0.63973,-0.04876,-0.00503,-0.00822,-0.1952,0.023,-0.08643,0.10576,-0.02995,-0.00347,-0.0005
63.04,-0.06516,-0.04188,0.01787,-0.09743,0.18903,0.00811,-0.39321,-0.0184,-0.17972,0.57105,-0.384,0,2.18795,0.54128,0.4832,-0.06583,-2.9727,-0.55421,-0.60625,0.89203,-2.0526,-1.4361,-1.95501,2.12245,-0.07637,0.58989,0.44107,-1.09898,-0.82857,-0.55908,-0.04003,-0.00697,-0.00896,-0.20384,0.01501,-0.08816,0.11433,-0.03159,-0.00531,-0.00139
63.06,-0.06359,-0.04234,0.01895,-0.08672,0.19061,0.01551,-0.38948,-0.03606,-0.16721,0.56126,-0.384,0,2.09252,0.55582,0.63733,-0.09142,-3.09271,-0.38861,-0.56784,0.80879,-1.98807,-1.37963,-1.98363,1.90347,-0.04299,0.56726,0.36749,-1.0717,-0.82511,-0.47314,-0.02419,-0.00874,-0.00893,-0.21341,0.00776,-0.08652,0.12213,-0.03219,-0.00706,-0.00228
63.08,-0.06222,-0.0434,0.01974,-0.07249,0.19287,0.02009,-0.38583,-0.05407,-0.1534,0.54138,-0.30939,0,1.97137,0.55887,0.78028,-0.1127,-3.1026,-0.23008,-0.5277,0.73377,-1.90724,-1.31036,-1.96535,1.56511,-0.03211,0.53421,0.30392,-1.02395,-0.81217,-0.38195,0.00196,-0.01053,-0.00791,-0.22273,0.00164,-0.08147,0.1285,-0.03174,-0.00867,-0.00314
63.1,-0.06117,-0.04511,0.02016,-0.05614,0.19473,0.0223,-0.38085,-0.07044,-0.14022,0.51227,-0.21993,0,1.82719,0.55301,0.90207,-0.12192,-3.02347,-0.08891,-0.48971,0.66534,-1.81215,-1.22899,-1.90198,1.15391,-0.04222,0.4961,0.25055,-0.95992,-0.79221,-0.28649,0.0421,-0.01259,-0.00563,-0.23033,-0.00279,-0.07325,0.13278,-0.03038,-0.01004,-0.00392
63.12,-0.06052,-0.04746,0.02014,-0.03925,0.19492,0.02272,-0.37297,-0.08287,-0.12981,0.47557,-0.13718,0,1.66383,0.54118,0.99322,-0.11067,-2.88228,0.02573,-0.45633,0.6025,-1.7051,-1.13719,-1.79724,0.72746,-0.06887,0.45859,0.20724,-0.88505,-0.76831,-0.18849,0.10046,-0.01527,-0.00184,-0.2345,-0.00507,-0.06235,0.1342,-0.02831,-0.01111,-0.00459
63.14,-0.0602,-0.05039,0.01961,-0.02294,0.19204,0.0218,-0.36039,-0.08941,-0.12404,0.43309,-0.07115,0,1.48457,0.52582,1.04668,-0.07196,-2.70268,0.10823,-0.4282,0.54397,-1.58786,-1.03665,-1.65522,0.33626,-0.10616,0.42563,0.17357,-0.80463,-0.74331,-0.08978,0.18185,-0.01898,0.00373,-0.23341,-0.0051,-0.04931,0.132,-0.02567,-0.01184,-0.00509
63.16,-0.05993,-0.05368,0.01851,-0.00756,0.18461,0.01976,-0.34101,-0.08893,-0.12428,0.38656,-0.02787,0,1.29176,0.5083,1.05889,-0.00185,-2.49946,0.15805,-0.40407,0.48771,-1.46156,-0.9289,-1.48002,0.01247,-0.14756,0.3983,0.14884,-0.72318,-0.71931,0.00788,0.29148,-0.02424,0.01127,-0.22517,-0.00342,-0.03475,0.12536,-0.02249,-0.01217,-0.00541
63.18,-0.05915,-0.05697,0.01679,0.00734,0.17112,0.01652,-0.31249,-0.08123,-0.13132,0.33788,-0.00918,0,1.08802,0.4889,1.0299,0.09973,-2.27853,0.17968,-0.38095,0.43127,-1.32756,-0.81595,-1.27679,-0.23033,-0.18588,0.37466,0.13234,-0.6449,-0.69776,0.10207,0.43415,-0.03162,0.02092,-0.20791,-0.00129,-0.01943,0.11354,-0.01869,-0.0121,-0.00555
63.2,-0.05712,-0.05974,0.01442,0.02274,0.15016,0.01184,-0.27258,-0.06697,-0.14539,0.2894,-0.01344,0,0.87755,0.46704,0.96283,0.22891,-2.0391,0.1815,-0.35451,0.37229,-1.18825,-0.70097,-1.05274,-0.39291,-0.21319,0.35036,0.12352,-0.57412,-0.67965,0.18917,0.61311,-0.04167,0.03262,-0.17992,-0.00054,-0.0043,0.09587,-0.01413,-0.01162,-0.00551
63.22,-0.0531,-0.06144,0.01142,0.03976,0.12079,0.00539,-0.21963,-0.04737,-0.16612,0.24341,-0.03666,-0,0.66552,0.44167,0.86254,0.37891,-1.77639,0.17351,-0.32006,0.30883,-1.04669,-0.58772,-0.81632,-0.48466,-0.22183,0.31983,0.12183,-0.51466,-0.66541,0.26508,0.82856,-0.05472,0.04613,-0.14015,-0.0031,0.00962,0.07204,-0.00863,-0.01075,-0.0053
63.24,-0.04663,-0.06163,0.00784,0.05913,0.083,-0.00295,-0.15336,-0.02392,-0.19249,0.20135,-0.07384,-0,0.45634,0.41176,0.73413,0.54202,-1.48465,0.16435,-0.27382,0.23963,-0.90546,-0.47925,-0.57534,-0.51713,-0.20609,0.27799,0.12635,-0.46855,-0.65478,0.32678,1.0757,-0.07061,0.06094,-0.08889,-0.01032,0.02159,0.04238,-0.00213,-0.00951,-0.00495
63.26,-0.03774,-0.06013,0.00382,0.08071,0.03829,-0.01291,-0.07567,0.00176,-0.22267,0.16337,-0.1197,-0,0.25315,0.37671,0.58236,0.71019,-1.16031,0.15932,-0.21399,0.16447,-0.76638,-0.37733,-0.33648,-0.49977,-0.16343,0.22158,0.13548,-0.4352,-0.64671,0.37321,1.34257,-0.08851,0.07624,-0.02846,-0.02238,0.03128,0.00818,0.00531,-0.00798,-0.00449
63.28,-0.02711,-0.05707,-0.00044,0.1033,-0.00996,-0.02373,0.00865,0.0278,-0.25378,0.12844,-0.16857,0,0.05928,0.33677,0.41254,0.87399,-0.80509,0.15988,-0.14139,0.08483,-0.63146,-0.28306,-0.10695,-0.43863,-0.09511,0.14984,0.14683,-0.41152,-0.63937,0.40509,1.60746,-0.10667,0.09074,0.03618,-0.03815,0.03879,-0.02797,0.01335,-0.00628,-0.00396
63.3,-0.01599,-0.05284,-0.00458,0.12458,-0.05645,-0.03411,0.09181,0.05193,-0.28184,0.09485,-0.21424,0,-0.12044,0.29314,0.23143,1.0218,-0.42785,0.16413,-0.05963,0.00421,-0.50384,-0.19773,0.10401,-0.33695,-0.00601,0.06472,0.15731,-0.39252,-0.63036,0.42443,1.8388,-0.12246,0.10267,0.09746,-0.05523,0.04447,-0.06218,0.02143,-0.00457,-0.00343
63.32,-0.0059,-0.04796,-0.00822,0.1418,-0.09518,-0.04259,0.16476,0.07181,-0.3025,0.06075,-0.25067,0,-0.28033,0.24756,0.04662,1.1415,-0.04283,0.1683,0.0259,-0.07266,-0.38736,-0.12268,0.28654,-0.19716,0.09648,-0.02973,0.16371,-0.37256,-0.61718,0.43393,2.00202,-0.13306,0.11007,0.14689,-0.07069,0.04883,-0.09008,0.02882,-0.00304,-0.00295
63.34,0.00188,-0.04296,-0.01106,0.15281,-0.12137,-0.04796,0.2201,0.08558,-0.31227,0.02469,-0.27319,0,-0.41596,0.20163,-0.13512,1.22377,0.33442,0.16892,0.10977,-0.14143,-0.28523,-0.05869,0.43326,-0.02398,0.20438,-0.12854,0.16359,-0.34697,-0.59787,0.43657,2.07094,-0.13641,0.11134,0.17779,-0.08208,0.05243,-0.10823,0.03493,-0.00184,-0.0026
63.36,0.00666,-0.03822,-0.01294,0.15677,-0.13274,-0.04965,0.25391,0.09226,-0.30929,-0.01383,-0.27934,0,-0.52517,0.15643,-0.30833,1.26421,0.68854,0.1643,0.18735,-0.19895,-0.19942,-0.00575,0.54112,0.17283,0.30991,-0.22616,0.15588,-0.31324,-0.57153,0.43525,2.0356,-0.13196,0.10559,0.18714,-0.08812,0.0557,-0.11508,0.03935,-0.00109,-0.00239
63.38,0.00837,-0.03401,-0.01383,0.15427,-0.12973,-0.04773,0.26593,0.0917,-0.29357,-0.05393,-0.26894,-0,-0.6074,0.1128,-0.46764,1.2634,1.00197,0.15494,0.25443,-0.24304,-0.13119,0.03656,0.61089,0.37625,0.40499,-0.31594,0.14113,-0.27157,-0.53864,0.43275,1.90419,-0.1208,0.09277,0.17592,-0.08882,0.05899,-0.11107,0.04194,-0.00082,-0.00236
63.4,0.00745,-0.03052,-0.01385,0.14713,-0.11506,-0.04284,0.25884,0.08449,-0.26674,-0.09325,-0.24382,-0,-0.66275,0.07166,-0.60668,1.22603,1.25323,0.14327,0.30681,-0.27197,-0.08176,0.06868,0.64591,0.56199,0.4807,-0.38965,0.12131,-0.22479,-0.50106,0.43165,1.7009,-0.10557,0.07366,0.14852,-0.08526,0.06248,-0.09838,0.04269,-0.00104,-0.00251
63.42,0.00467,-0.02787,-0.01317,0.13784,-0.09273,-0.036,0.23709,0.0717,-0.2315,-0.12872,-0.20709,-0,-0.69186,0.03394,-0.71914,1.15927,1.42082,0.13269,0.34069,-0.28448,-0.0522,0.09112,0.65083,0.70333,0.52851,-0.43898,0.09916,-0.1772,-0.46142,0.43427,1.45837,-0.08969,0.04956,0.11115,-0.07915,0.06622,-0.08009,0.04174,-0.00172,-0.00282
63.44,0.00082,-0.02611,-0.01197,0.12873,-0.06656,-0.02822,0.20522,0.05454,-0.19064,-0.1577,-0.16221,-0,-0.69633,0.00037,-0.80115,1.07077,1.49079,0.12613,0.35392,-0.27999,-0.04274,0.10485,0.63058,0.77928,0.54266,-0.45811,0.07724,-0.13279,-0.42212,0.44247,1.2068,-0.07641,0.022,0.06966,-0.07213,0.07025,-0.0592,0.03932,-0.00281,-0.00329
63.46,-0.00346,-0.02516,-0.01043,0.12153,-0.03938,-0.02038,0.16702,0.03422,-0.14669,-0.17881,-0.11254,-0,-0.67912,-0.02871,-0.85267,0.96765,1.46203,0.12512,0.34676,-0.25894,-0.05225,0.11154,0.5898,0.78006,0.52183,-0.44551,0.05729,-0.09415,-0.38477,0.45752,0.96743,-0.06816,-0.00744,0.02823,-0.06536,0.07457,-0.03794,0.03575,-0.00425,-0.00389
63.48,-0.00764,-0.02488,-0.00867,0.11726,-0.01302,-0.01319,0.12547,0.0121,-0.10202,-0.19191,-0.06156,-0,-0.64469,-0.05307,-0.87749,0.85694,1.34748,0.12954,0.32205,-0.22288,-0.07813,0.1136,0.53285,0.70828,0.46957,-0.4044,0.04029,-0.06249,-0.35035,0.47997,0.75262,-0.06644,-0.0369,-0.0107,-0.05949,0.07914,-0.01779,0.03144,-0.00597,-0.00461
63.5,-0.01133,-0.02508,-0.00682,0.11633,0.0115,-0.00727,0.08311,-0.01026,-0.05922,-0.19778,-0.01313,-0,-0.59876,-0.07239,-0.88216,0.74615,1.17231,0.13777,0.28493,-0.1745,-0.11647,0.11392,0.46407,0.57749,0.39381,-0.34221,0.02659,-0.03802,-0.31951,0.50964,0.56824,-0.07196,-0.06413,-0.04602,-0.05468,0.08386,0.00037,0.02693,-0.00788,-0.00542
63.52,-0.01422,-0.0255,-0.005,0.11867,0.03362,-0.00312,0.04202,-0.03126,-0.02076,-0.19777,0.02885,-0,-0.54733,-0.08633,-0.87423,0.64238,0.9675,0.14724,0.24149,-0.11715,-0.16263,0.11539,0.38764,0.40816,0.30475,-0.26858,0.01614,-0.02032,-0.29274,0.54591,0.41527,-0.08477,-0.08684,-0.07743,-0.0507,0.08871,0.01603,0.02273,-0.00985,-0.00628
63.54,-0.01614,-0.02591,-0.00328,0.12385,0.05315,-0.00101,0.00382,-0.04956,0.01148,-0.19326,0.06125,-0,-0.49512,-0.09476,-0.86002,0.55075,0.76061,0.1551,0.19699,-0.05409,-0.21216,0.12023,0.30721,0.22189,0.21176,-0.19249,0.00861,-0.00853,-0.27039,0.58824,0.29103,-0.10433,-0.10326,-0.10501,-0.04703,0.09386,0.02898,0.01926,-0.01178,-0.00715
63.56,-0.01698,-0.02615,-0.00174,0.13117,0.06998,-0.00092,-0.03029,-0.06428,0.03653,-0.18542,0.08209,-0,-0.44475,-0.09794,-0.84312,0.47346,0.57024,0.15873,0.15479,0.01176,-0.26123,0.12948,0.22604,0.03824,0.12173,-0.12064,0.00347,-0.00155,-0.25271,0.63629,0.19024,-0.12957,-0.11253,-0.12889,-0.04285,0.09982,0.03918,0.01667,-0.01358,-0.008
63.58,-0.01676,-0.02606,-0.00042,0.1396,0.08397,-0.00255,-0.05925,-0.0749,0.05415,-0.17513,0.09054,-0,-0.39686,-0.09647,-0.82411,0.41024,0.40605,0.15576,0.11634,0.07741,-0.30631,0.1428,0.14756,-0.12473,0.03919,-0.05747,0.00012,0.00181,-0.24005,0.68971,0.10619,-0.15863,-0.11474,-0.14886,-0.03714,0.10736,0.04665,0.0149,-0.01518,-0.00876
63.6,-0.01555,-0.02556,0.00062,0.1478,0.09476,-0.00535,-0.08188,-0.08117,0.06463,-0.16312,0.08663,-0,-0.35068,-0.09124,-0.80101,0.3591,0.2708,0.14413,0.08167,0.13939,-0.34392,0.15861,0.07584,-0.24956,-0.03286,-0.00586,-0.0021,0.00279,-0.23295,0.74773,0.03173,-0.18882,-0.11071,-0.1643,-0.02877,0.11745,0.05138,0.01368,-0.01648,-0.00939
63.62,-0.01349,-0.0246,0.00135,0.15433,0.1019,-0.00866,-0.09702,-0.08298,0.06855,-0.14986,0.07128,-0,-0.30443,-0.08314,-0.77036,0.3169,0.16234,0.12242,0.04985,0.19424,-0.37091,0.17473,0.01494,-0.32138,-0.09263,0.03272,-0.00385,0.00261,-0.23196,0.80937,-0.04019,-0.21665,-0.10167,-0.17437,-0.01679,0.13079,0.05336,0.01268,-0.01739,-0.00981
63.64,-0.01074,-0.02315,0.00176,0.15795,0.10508,-0.01191,-0.10391,-0.08044,0.06676,-0.13562,0.04639,-0,-0.25581,-0.0727,-0.72877,0.27964,0.07544,0.0903,0.01951,0.23942,-0.38507,0.18929,-0.03244,-0.33184,-0.13956,0.05838,-0.00578,0.00248,-0.23726,0.87382,-0.11616,-0.23817,-0.08887,-0.17839,-0.00089,0.14728,0.05266,0.01159,-0.01786,-0.01
63.66,-0.00749,-0.02124,0.00187,0.1579,0.10423,-0.01477,-0.10245,-0.07388,0.06026,-0.12048,0.01503,0,-0.20245,-0.05997,-0.67416,0.24285,0.00327,0.04903,-0.01081,0.27381,-0.38564,0.20137,-0.06578,-0.28198,-0.17424,0.07282,-0.0085,0.00358,-0.24839,0.94045,-0.20188,-0.24908,-0.07334,-0.17622,0.01824,0.16561,0.04954,0.01025,-0.01788,-0.00993
63.68,-0.00398,-0.01891,0.00176,0.1539,0.09959,-0.01713,-0.09328,-0.06388,0.05028,-0.10444,-0.01827,0,-0.14239,-0.04449,-0.60645,0.20195,-0.0616,0.00189,-0.04224,0.29761,-0.37333,0.21105,-0.08665,-0.18308,-0.19803,0.07919,-0.01255,0.00706,-0.26406,1.00839,-0.30145,-0.24464,-0.05594,-0.16824,0.03871,0.18295,0.04444,0.00868,-0.01751,-0.00963
63.7,-0.00048,-0.01628,0.00155,0.1461,0.09167,-0.01906,-0.07759,-0.05129,0.03824,-0.08753,-0.04743,0,-0.07447,-0.02544,-0.52767,0.15255,-0.12645,-0.04589,-0.07541,0.3119,-0.35013,0.21921,-0.09818,-0.05553,-0.21274,0.08173,-0.01838,0.014,-0.28224,1.07607,-0.41666,-0.21984,-0.03749,-0.15536,0.05745,0.19513,0.03802,0.00704,-0.01681,-0.00916
63.72,0.0027,-0.01348,0.00135,0.13494,0.08108,-0.0208,-0.05686,-0.03717,0.02561,-0.06979,-0.06506,0,0.00171,-0.0019,-0.44117,0.09068,-0.19772,-0.08821,-0.1103,0.3182,-0.31882,0.22722,-0.10441,0.07617,-0.22039,0.08477,-0.02631,0.02544,-0.30047,1.14146,-0.54683,-0.17051,-0.01874,-0.1387,0.07099,0.19753,0.03096,0.00559,-0.0159,-0.00859
63.74,0.00537,-0.01062,0.00126,0.12096,0.06842,-0.02265,-0.03229,-0.02262,0.01368,-0.05116,-0.06313,0,0.0861,0.02693,-0.3502,0.01295,-0.28036,-0.1199,-0.14634,0.31809,-0.28218,0.2365,-0.10942,0.19084,-0.22315,0.0915,-0.03645,0.0422,-0.31642,1.20275,-0.68884,-0.0951,-0.00029,-0.11925,0.0766,0.18665,0.02381,0.00456,-0.01487,-0.00798
63.76,0.00743,-0.00772,0.00131,0.10469,0.05416,-0.02495,-0.0046,-0.00876,0.00341,-0.03148,-0.03335,0,0.17809,0.06143,-0.25726,-0.08304,-0.37706,-0.1379,-0.18224,0.31297,-0.2427,0.2482,-0.1168,0.27529,-0.22326,0.10298,-0.04866,0.06487,-0.32822,1.25862,-0.83669,0.0038,0.01743,-0.09771,0.07314,0.16113,0.01687,0.00407,-0.01378,-0.00737
63.78,0.00894,-0.00478,0.00149,0.08676,0.03875,-0.02801,0.02586,0.00319,-0.0045,-0.01064,0.03256,0,0.27581,0.10123,-0.16461,-0.19796,-0.48741,-0.14139,-0.2157,0.30395,-0.20275,0.26305,-0.12938,0.32483,-0.22303,0.11792,-0.0624,0.09354,-0.33445,1.30787,-0.98021,0.11837,0.03396,-0.07458,0.06123,0.12227,0.01022,0.00413,-0.01266,-0.00678
63.8,0.01006,-0.00176,0.00172,0.06797,0.02269,-0.03217,0.05888,0.01185,-0.00953,0.0114,0.14256,0,0.37566,0.14505,-0.07488,-0.3302,-0.60748,-0.13144,-0.24339,0.29195,-0.16482,0.28131,-0.14929,0.34171,-0.22475,0.13282,-0.07672,0.12774,-0.33402,1.349,-1.10491,0.23572,0.04872,-0.0503,0.04309,0.07378,0.00377,0.00463,-0.01152,-0.00619
63.82,0.01096,0.00139,0.0019,0.04916,0.00641,-0.03768,0.09438,0.01578,-0.01129,0.0348,0.30375,0,0.47293,0.19099,0.00936,-0.4763,-0.73076,-0.11073,-0.26173,0.2777,-0.13125,0.3027,-0.17796,0.33222,-0.23064,0.14319,-0.09042,0.16652,-0.32622,1.38023,-1.19542,0.34077,0.06108,-0.02518,0.0218,0.02078,-0.00267,0.00542,-0.01035,-0.00561
63.84,0.01184,0.00472,0.00189,0.03094,-0.00995,-0.04465,0.13243,0.01378,-0.00957,0.06042,0.384,0,0.56323,0.23699,0.08664,-0.63198,-0.85002,-0.08308,-0.2683,0.26179,-0.10373,0.32651,-0.21624,0.30302,-0.24255,0.14522,-0.10243,0.2087,-0.31086,1.39987,-1.24126,0.42096,0.0704,0.00083,0.00032,-0.03187,-0.00936,0.00631,-0.00914,-0.005
63.86,0.01281,0.00828,0.00159,0.01355,-0.0266,-0.05307,0.1732,0.00508,-0.00429,0.09003,0.384,0,0.6431,0.2811,0.15706,-0.79227,-0.95815,-0.05337,-0.26281,0.2448,-0.08297,0.3515,-0.26433,0.25874,-0.26186,0.13701,-0.1119,0.25284,-0.2884,1.40657,-1.24082,0.46931,0.07621,0.02815,-0.01913,-0.08053,-0.01654,0.00713,-0.00786,-0.00435
63.88,0.01393,0.01209,0.00086,-0.00302,-0.04406,-0.06265,0.2166,-0.01053,0.00438,0.12619,0.384,0,0.70962,0.32115,0.22191,-0.95036,-1.04753,-0.02766,-0.24732,0.22737,-0.06882,0.3757,-0.32138,0.20163,-0.28927,0.1189,-0.11826,0.29698,-0.26018,1.39922,-1.20218,0.48466,0.0781,0.05745,-0.03507,-0.12261,-0.02438,0.00774,-0.00648,-0.00363
63.9,0.01517,0.01608,-0.00038,-0.01889,-0.06296,-0.07282,0.26205,-0.03268,0.01599,0.17188,0.384,0,0.7598,0.35459,0.28303,-1.09692,-1.10938,-0.0132,-0.22599,0.21035,-0.06044,0.39639,-0.38528,0.13216,-0.32471,0.09319,-0.12108,0.33838,-0.22841,1.37688,-1.14164,0.47077,0.0757,0.08936,-0.04658,-0.15621,-0.03296,0.00799,-0.00501,-0.00285
63.92,0.01643,0.0202,-0.00222,-0.03423,-0.08386,-0.08288,0.30858,-0.06033,0.0296,0.22989,0.384,0,0.79121,0.3792,0.34279,-1.22187,-1.13459,-0.01734,-0.20389,0.19443,-0.05621,0.41064,-0.45278,0.05001,-0.36741,0.06325,-0.12011,0.37402,-0.19567,1.3387,-1.0785,0.43438,0.06886,0.1243,-0.05322,-0.18006,-0.04223,0.00776,-0.00343,-0.00199
63.94,0.0176,0.02434,-0.00472,-0.04919,-0.10712,-0.09219,0.35518,-0.09169,0.04342,0.30204,0.384,0,0.80308,0.39427,0.40428,-1.31794,-1.11555,-0.04588,-0.1854,0.17972,-0.05356,0.41615,-0.52,-0.04453,-0.41609,0.03207,-0.11535,0.40143,-0.16413,1.28394,-1.02767,0.38292,0.05783,0.16237,-0.05498,-0.19378,-0.05206,0.007,-0.00177,-0.00107
63.96,0.01857,0.02845,-0.00789,-0.06389,-0.13264,-0.10035,0.40093,-0.12403,0.05461,0.3884,0.384,0,0.79722,0.40143,0.47131,-1.38276,-1.04759,-0.10172,-0.17311,0.16542,-0.04879,0.41198,-0.58252,-0.14933,-0.46887,0.00142,-0.10714,0.41928,-0.13507,1.21218,-0.99476,0.3231,0.0435,0.20306,-0.05227,-0.19798,-0.06223,0.00571,-5e-05,-0.00011
63.98,0.01919,0.03246,-0.01164,-0.07825,-0.15971,-0.10707,0.44466,-0.15342,0.05907,0.48646,0.384,0,0.7782,0.40479,0.5479,-1.41888,-0.92968,-0.18422,-0.16768,0.14988,-0.03704,0.39862,-0.63485,-0.25929,-0.52285,-0.02813,-0.09623,0.42732,-0.109,1.12389,-0.97507,0.26096,0.02757,0.24499,-0.04593,-0.19425,-0.07236,0.00401,0.00169,0.00087
64,0.01935,0.03625,-0.01584,-0.09194,-0.18682,-0.11219,0.48466,-0.17471,0.05167,0.59086,0.384,0,0.7529,0.41049,0.63759,-1.43262,-0.76432,-0.28923,-0.16811,0.13084,-0.01268,0.37789,-0.67038,-0.36611,-0.57397,-0.05691,-0.08376,0.42613,-0.08594,1.02077,-0.95507,0.20227,0.01248,0.28565,-0.03717,-0.18493,-0.08186,0.00208,0.00335,0.00182
64.02,0.0189,0.03969,-0.02027,-0.10445,-0.21208,-0.11561,0.519,-0.18257,0.02733,0.69463,0.384,0,0.72889,0.42527,0.74267,-1.43214,-0.55606,-0.41047,-0.17232,0.10604,0.02958,0.35228,-0.68273,-0.46034,-0.61761,-0.08582,-0.07102,0.41679,-0.06557,0.90531,-0.91691,0.15215,0.00097,0.32202,-0.02726,-0.17258,-0.09003,0.00015,0.00484,0.00267
64.04,0.01778,0.04269,-0.02474,-0.11527,-0.23379,-0.11727,0.5462,-0.17316,-0.01719,0.79143,0.384,0,0.71212,0.45444,0.86336,-1.42512,-0.309,-0.54168,-0.17801,0.07404,0.09284,0.32413,-0.66813,-0.53473,-0.64985,-0.11601,-0.05916,0.40054,-0.04735,0.7799,-0.84462,0.1144,-0.00464,0.35149,-0.01719,-0.15917,-0.09632,-0.00158,0.00608,0.00337
64.06,0.01604,0.04519,-0.02913,-0.12405,-0.25084,-0.11716,0.56558,-0.14535,-0.08195,0.87669,0.384,0,0.70529,0.50037,0.99669,-1.41717,-0.0262,-0.67763,-0.18314,0.03485,0.17663,0.2951,-0.62719,-0.58638,-0.66827,-0.14856,-0.04892,0.37859,-0.0306,0.64666,-0.72883,0.09104,-0.00301,0.37244,-0.00736,-0.14562,-0.10043,-0.003,0.00701,0.0039
64.08,0.01384,0.04718,-0.03332,-0.13053,-0.26262,-0.11534,0.57724,-0.10116,-0.16304,0.94728,0.384,0,0.7076,0.56179,1.13534,-1.41146,0.28858,-0.81337,-0.18603,-0.00955,0.2759,0.26628,-0.56559,-0.61688,-0.6719,-0.18418,-0.04067,0.35227,-0.01469,0.50835,-0.56864,0.08246,0.00614,0.38426,0.00236,-0.13179,-0.10233,-0.00408,0.00762,0.00424
64.1,0.01145,0.04866,-0.03718,-0.13445,-0.26891,-0.11187,0.58177,-0.04555,-0.25262,1.00084,0.384,0,0.71512,0.63388,1.2673,-1.4089,0.62875,-0.94326,-0.18532,-0.05525,0.38107,0.2384,-0.49363,-0.63129,-0.66097,-0.22294,-0.03455,0.32304,0.00086,0.36916,-0.37164,0.08771,0.0221,0.38704,0.01248,-0.11665,-0.10216,-0.00484,0.00793,0.00442
64.12,0.00919,0.04964,-0.04059,-0.13556,-0.26973,-0.10688,0.58005,0.01491,-0.34075,1.0357,0.384,0,0.7222,0.70947,1.37832,-1.40855,0.9843,-1.06108,-0.17994,-0.09724,0.48012,0.21201,-0.42386,-0.6364,-0.63645,-0.26435,-0.03047,0.29235,0.01625,0.23405,-0.15133,0.10479,0.04341,0.3814,0.02366,-0.09885,-0.10021,-0.00533,0.00796,0.00443
64.14,0.00732,0.05009,-0.04342,-0.13364,-0.26536,-0.1005,0.57297,0.07418,-0.41832,1.05145,0.384,0,0.72328,0.78112,1.4562,-1.40807,1.34235,-1.16077,-0.16908,-0.13091,0.56206,0.18747,-0.36749,-0.63839,-0.59956,-0.30746,-0.02817,0.26111,0.03151,0.10711,0.07702,0.13089,0.06812,0.36825,0.03631,-0.07728,-0.09676,-0.00564,0.00773,0.0043
64.16,0.006,0.05,-0.04558,-0.12855,-0.25637,-0.09294,0.56133,0.12791,-0.47872,1.04926,0.384,0,0.71423,0.84225,1.49346,-1.40412,1.68618,-1.23682,-0.15226,-0.15297,0.61908,0.16507,-0.33203,-0.6413,-0.55161,-0.35085,-0.02722,0.22958,0.04635,-0.00914,0.29846,0.16241,0.09395,0.3488,0.05032,-0.05164,-0.0921,-0.00582,0.00725,0.00404
64.18,0.00524,0.04929,-0.04697,-0.12026,-0.24367,-0.0845,0.54589,0.17334,-0.51785,1.03188,0.384,0,0.6927,0.88691,1.48766,-1.39243,1.99237,-1.28355,-0.12946,-0.16146,0.64653,0.14522,-0.32109,-0.64657,-0.49428,-0.39229,-0.02703,0.1975,0.06012,-0.11303,0.49712,0.19477,0.11813,0.3246,0.06489,-0.02272,-0.08646,-0.00592,0.00654,0.00366
64.2,0.00494,0.0479,-0.04747,-0.10887,-0.22847,-0.07564,0.52741,0.20883,-0.5335,1.00338,0.384,0,0.65805,0.90941,1.44063,-1.36807,2.22986,-1.29484,-0.10116,-0.15553,0.64234,0.12865,-0.33486,-0.65326,-0.42987,-0.42859,-0.0269,0.16441,0.07172,-0.20284,0.65522,0.2224,0.13729,0.29763,0.0785,0.00754,-0.08012,-0.00598,0.0056,0.00315
64.22,0.00497,0.04576,-0.04697,-0.0946,-0.21208,-0.06686,0.50652,0.23353,-0.52501,0.96819,0.384,0,0.61096,0.90492,1.35709,-1.32616,2.36648,-1.26524,-0.06829,-0.13538,0.6065,0.1164,-0.37086,-0.65883,-0.36105,-0.45612,-0.02615,0.12985,0.07986,-0.27689,0.75547,0.23962,0.14809,0.26991,0.08932,0.03658,-0.07331,-0.00601,0.00444,0.00253
64.24,0.00519,0.04282,-0.04537,-0.07773,-0.19543,-0.05853,0.48356,0.24728,-0.49327,0.9297,0.384,0,0.55287,0.87058,1.24311,-1.2631,2.38037,-1.1922,-0.03207,-0.10235,0.54086,0.10975,-0.42465,-0.66028,-0.29034,-0.47198,-0.02426,0.09348,0.08361,-0.33423,0.78594,0.24198,0.14804,0.24292,0.09579,0.06211,-0.06621,-0.00604,0.00308,0.00181
64.26,0.00548,0.0391,-0.04261,-0.05862,-0.17893,-0.05079,0.45851,0.25052,-0.44087,0.88951,0.29131,0,0.48585,0.80656,1.10552,-1.17765,2.26809,-1.07794,0.00598,-0.05912,0.44922,0.11013,-0.49011,-0.65495,-0.21996,-0.47464,-0.021,0.05534,0.08264,-0.37508,0.74343,0.22731,0.13626,0.21729,0.09708,0.08265,-0.05886,-0.00605,0.00154,0.001
64.28,0.00579,0.0347,-0.03872,-0.0379,-0.1625,-0.04363,0.43116,0.24422,-0.3724,0.84751,0.13496,0,0.41302,0.71665,0.95268,-1.07174,2.04718,-0.93065,0.04375,-0.01005,0.33802,0.11917,-0.55906,-0.64073,-0.15234,-0.4641,-0.01646,0.01616,0.07736,-0.40047,0.63438,0.19598,0.11364,0.19289,0.0931,0.09749,-0.05125,-0.00607,-0.00011,0.00012
64.3,0.00611,0.02985,-0.03379,-0.0165,-0.14571,-0.03688,0.40129,0.22972,-0.29452,0.80231,0.0264,0,0.33881,0.6082,0.79504,-0.95065,1.75401,-0.76437,0.0784,0.0388,0.21646,0.13854,-0.62124,-0.6161,-0.09052,-0.44167,-0.01108,-0.02243,0.0688,-0.41184,0.47405,0.15076,0.08271,0.16911,0.08446,0.10646,-0.04338,-0.0061,-0.00179,-0.00077
64.32,0.00643,0.02481,-0.02797,0.00441,-0.12802,-0.03034,0.36874,0.20855,-0.2147,0.75183,-0.04162,0,0.26812,0.49042,0.64355,-0.82152,1.43431,-0.59591,0.10682,0.08089,0.09496,0.16939,-0.66597,-0.5802,-0.03769,-0.40943,-0.00545,-0.05823,0.05838,-0.41076,0.28312,0.09607,0.04707,0.1451,0.07222,0.10981,-0.03525,-0.00614,-0.0034,-0.00162
64.34,0.00675,0.01979,-0.02143,0.02378,-0.10882,-0.02369,0.33334,0.18219,-0.13928,0.69393,-0.0768,0,0.20485,0.37164,0.50669,-0.69085,1.12917,-0.43983,0.12648,0.11101,-0.0175,0.2114,-0.68493,-0.53298,0.00384,-0.36948,-0.00011,-0.08919,0.04753,-0.3987,0.08274,0.03683,0.01039,0.11999,0.05751,0.10809,-0.02686,-0.00619,-0.00484,-0.00238
64.36,0.00701,0.01492,-0.01436,0.04079,-0.08773,-0.0166,0.29501,0.15199,-0.07232,0.62706,-0.08656,0,0.151,0.25788,0.3889,-0.56323,0.86658,-0.30557,0.13606,0.12655,-0.11485,0.26206,-0.67405,-0.47542,0.03323,-0.32365,0.00457,-0.11372,0.03752,-0.37703,-0.10806,-0.02209,-0.02408,0.09312,0.04144,0.10216,-0.01821,-0.00628,-0.00605,-0.00302
64.38,0.00714,0.01023,-0.007,0.05475,-0.06468,-0.00873,0.25403,0.11935,-0.01593,0.55093,-0.07766,0,0.10695,0.15335,0.29113,-0.44195,0.66122,-0.19773,0.13542,0.12765,-0.19354,0.31602,-0.63397,-0.41007,0.05102,-0.27369,0.00845,-0.13061,0.02943,-0.34712,-0.27161,-0.07554,-0.05335,0.06434,0.0251,0.09316,-0.00936,-0.00643,-0.00699,-0.00351
64.4,0.00702,0.00574,0.0003,0.06499,-0.04006,0.00018,0.21131,0.08592,0.02917,0.46676,-0.05612,0,0.07193,0.06132,0.21193,-0.33,0.51747,-0.11749,0.12544,0.11674,-0.25167,0.36527,-0.56957,-0.34114,0.05876,-0.22158,0.01148,-0.13886,0.02427,-0.31044,-0.39081,-0.11792,-0.07456,0.03406,0.0097,0.08252,-0.00052,-0.00667,-0.00761,-0.00382
64.42,0.00649,0.00143,0.00715,0.07094,-0.01449,0.01031,0.16801,0.05342,0.06324,0.37664,-0.02722,0,0.04445,-0.0158,0.14821,-0.22989,0.43235,-0.06354,0.10756,0.09763,-0.28856,0.40061,-0.4883,-0.27366,0.05854,-0.16924,0.01364,-0.13766,0.023,-0.26851,-0.45173,-0.14418,-0.08543,0.00298,-0.00357,0.07181,0.00807,-0.00704,-0.0079,-0.00395
64.44,0.00545,-0.00274,0.01322,0.07235,0.01167,0.02176,0.12495,0.02323,0.08727,0.28222,0.00429,0,0.02248,-0.07693,0.09554,-0.14285,0.39824,-0.03274,0.08336,0.07423,-0.30487,0.41434,-0.39778,-0.2118,0.05263,-0.11807,0.0148,-0.12665,0.02643,-0.22265,-0.44855,-0.15159,-0.08505,-0.0285,-0.01372,0.06244,0.01625,-0.00756,-0.00786,-0.00388
64.46,0.00383,-0.00681,0.01832,0.06943,0.03854,0.03454,0.08235,-0.00373,0.10285,0.18419,0.03389,0,0.00367,-0.12257,0.04857,-0.06851,0.4047,-0.02065,0.05429,0.04982,-0.30256,0.40192,-0.30455,-0.15806,0.04313,-0.06871,0.01461,-0.10614,0.03521,-0.17404,-0.38713,-0.141,-0.07449,-0.06056,-0.02013,0.05556,0.024,-0.00827,-0.00749,-0.00362
64.48,0.00166,-0.01081,0.02233,0.06294,0.06654,0.04843,0.04006,-0.0269,0.11197,0.08284,0.05706,-0,-0.01444,-0.15437,0.00147,-0.00542,0.4391,-0.02177,0.0218,0.02702,-0.28486,0.36253,-0.21436,-0.11344,0.03207,-0.02136,0.01247,-0.07726,0.04976,-0.12409,-0.28622,-0.11717,-0.05706,-0.0938,-0.02252,0.05203,0.03143,-0.00918,-0.00682,-0.00319
64.5,-0.00098,-0.01472,0.02521,0.05408,0.09616,0.06297,-0.00211,-0.04579,0.11677,-0.02118,0.06895,0,-0.0342,-0.17472,-0.05154,0.04828,0.4871,-0.02988,-0.01245,0.00795,-0.2561,0.29868,-0.1328,-0.07793,0.02134,0.02377,0.00764,-0.042,0.07023,-0.07474,-0.17575,-0.08823,-0.03793,-0.12897,-0.02087,0.05249,0.03868,-0.01029,-0.00589,-0.00261
64.52,-0.00395,-0.01848,0.02696,0.04431,0.1278,0.07752,-0.04421,-0.05995,0.11938,-0.12697,0.0642,0,-0.05768,-0.18622,-0.11564,0.09457,0.53414,-0.03867,-0.04666,-0.00581,-0.221,0.21524,-0.06482,-0.05093,0.0127,0.06644,-0.00062,-0.00289,0.0965,-0.02828,-0.0892,-0.06353,-0.02291,-0.16667,-0.01553,0.05721,0.04591,-0.01158,-0.00477,-0.00193
64.54,-0.00708,-0.02205,0.02765,0.03498,0.16157,0.09149,-0.08623,-0.06906,0.12164,-0.23382,0.03683,0,-0.08637,-0.19146,-0.19479,0.13551,0.56772,-0.04266,-0.07913,-0.01342,-0.18383,0.11785,-0.0136,-0.03144,0.00754,0.1064,-0.01265,0.03758,0.12822,0.01313,-0.05243,-0.05053,-0.01647,-0.20715,-0.00738,0.06578,0.05333,-0.01302,-0.00351,-0.00118
64.56,-0.01021,-0.0254,0.02745,0.02715,0.19715,0.10448,-0.12792,-0.07292,0.12495,-0.34123,-0.01966,0,-0.12098,-0.19273,-0.29105,0.17316,0.57879,-0.03767,-0.10831,-0.01494,-0.14794,0.01232,0.02011,-0.0182,0.00681,0.14342,-0.02811,0.07722,0.16472,0.0477,-0.07599,-0.05262,-0.02047,-0.25007,0.00207,0.07697,0.06114,-0.01456,-0.00216,-0.00039
64.58,-0.01316,-0.0285,0.02663,0.02163,0.23338,0.11617,-0.16849,-0.07145,0.13026,-0.44814,-0.112,0,-0.16113,-0.19195,-0.40368,0.20921,0.56195,-0.02106,-0.13257,-0.01128,-0.11588,-0.0948,0.03784,-0.00994,0.011,0.17691,-0.04586,0.11385,0.20472,0.07373,-0.15312,-0.06864,-0.0338,-0.29403,0.0105,0.08851,0.06949,-0.01612,-0.00079,0.0004
64.6,-0.01571,-0.0313,0.02553,0.01898,0.2682,0.12621,-0.20635,-0.0646,0.13799,-0.55211,-0.24659,0,-0.20517,-0.19068,-0.52876,0.24468,0.51496,0.00839,-0.15,-0.00414,-0.0897,-0.19568,0.0429,-0.00547,0.02018,0.20576,-0.06389,0.14511,0.24615,0.08943,-0.26183,-0.09339,-0.05276,-0.33647,0.01494,0.09727,0.07841,-0.0176,0.00054,0.00115
64.62,-0.01762,-0.03373,0.02451,0.01958,0.29897,0.13428,-0.2395,-0.05239,0.1481,-0.64968,-0.384,0,-0.25055,-0.19002,-0.66,0.2799,0.43743,0.05086,-0.15856,0.00429,-0.07094,-0.28199,0.03958,-0.0038,0.03407,0.22854,-0.07986,0.16861,0.28651,0.09297,-0.37244,-0.11961,-0.0723,-0.37416,0.01235,0.09991,0.08785,-0.01887,0.00176,0.00183
64.64,-0.01874,-0.0357,0.02389,0.02358,0.32333,0.14011,-0.26626,-0.03489,0.16018,-0.73721,-0.384,0,-0.29453,-0.19064,-0.79038,0.31455,0.32917,0.10604,-0.15636,0.01175,-0.06041,-0.34668,0.03221,-0.00415,0.05213,0.24411,-0.09178,0.18253,0.32349,0.08297,-0.45862,-0.14074,-0.08791,-0.40422,0.00057,0.09401,0.09767,-0.0198,0.00283,0.00241
64.66,-0.01904,-0.03714,0.02388,0.03081,0.33962,0.14358,-0.28568,-0.01234,0.17342,-0.81126,-0.384,0,-0.33448,-0.19271,-0.91283,0.34768,0.18943,0.17318,-0.14199,0.01612,-0.0581,-0.38494,0.02461,-0.00606,0.0735,0.25194,-0.09855,0.18587,0.35531,0.05881,-0.5046,-0.15272,-0.09689,-0.42475,-0.02096,0.0788,0.10769,-0.02028,0.00374,0.0029
64.68,-0.01857,-0.03797,0.02459,0.04078,0.34684,0.14465,-0.29751,0.01469,0.18652,-0.8681,-0.384,0,-0.36764,-0.19591,-1.01948,0.37739,0.01769,0.25075,-0.11461,0.01545,-0.06316,-0.39413,0.01999,-0.00929,0.09687,0.25211,-0.09996,0.17855,0.38053,0.02086,-0.50668,-0.15442,-0.0985,-0.43475,-0.05088,0.05549,0.11759,-0.02023,0.00452,0.0033
64.7,-0.01753,-0.03808,0.02601,0.05265,0.3445,0.14334,-0.30193,0.04515,0.19769,-0.90326,-0.384,0,-0.39093,-0.19946,-1.10101,0.40078,-0.18511,0.33596,-0.07408,0.00798,-0.07403,-0.37332,0.02094,-0.01388,0.12044,0.24521,-0.09656,0.16121,0.39785,-0.02947,-0.47151,-0.14719,-0.09377,-0.43388,-0.08601,0.02712,0.12684,-0.01959,0.0052,0.00362
64.72,-0.01612,-0.03737,0.02805,0.06535,0.33248,0.13975,-0.29943,0.07758,0.20506,-0.91227,-0.384,0,-0.40146,-0.20244,-1.14807,0.41463,-0.41521,0.42492,-0.02112,-0.00767,-0.08884,-0.32316,0.02933,-0.02002,0.14217,0.2321,-0.08935,0.135,0.40612,-0.09015,-0.41195,-0.13387,-0.08473,-0.4223,-0.12222,-0.00233,0.1348,-0.01829,0.00584,0.00391
64.74,-0.01452,-0.03579,0.03055,0.07787,0.311,0.13411,-0.29059,0.11025,0.20728,-0.89224,-0.384,0,-0.39747,-0.20417,-1.15398,0.41652,-0.66466,0.51316,0.04244,-0.03219,-0.10585,-0.24604,0.04603,-0.02804,0.16042,0.2137,-0.07936,0.10123,0.40472,-0.15908,-0.34133,-0.1175,-0.07355,-0.4005,-0.15575,-0.02924,0.14087,-0.01632,0.00649,0.00417
64.76,-0.01284,-0.03333,0.03331,0.08932,0.28067,0.12678,-0.27607,0.14117,0.204,-0.84299,-0.384,0,-0.37901,-0.20453,-1.11665,0.4057,-0.9195,0.59562,0.11325,-0.06519,-0.12372,-0.1465,0.07069,-0.03826,0.17427,0.19094,-0.06745,0.06131,0.39371,-0.23427,-0.26986,-0.1004,-0.06187,-0.3693,-0.18396,-0.05114,0.14458,-0.01366,0.00716,0.00441
64.78,-0.01109,-0.03008,0.03603,0.09893,0.24273,0.11834,-0.25669,0.16786,0.19594,-0.76767,-0.384,0,-0.34827,-0.20401,-1.03925,0.38333,-1.15728,0.66606,0.18583,-0.10492,-0.14146,-0.03201,0.10144,-0.0509,0.18346,0.1649,-0.05426,0.01699,0.37399,-0.31332,-0.20416,-0.0841,-0.0508,-0.33007,-0.2054,-0.06674,0.14556,-0.01037,0.00784,0.00463
64.8,-0.00923,-0.02622,0.03837,0.10591,0.19912,0.10963,-0.23345,0.18726,0.18479,-0.67263,-0.384,0,-0.30934,-0.20362,-0.9297,0.35229,-1.34705,0.71677,0.25247,-0.14823,-0.15826,0.08685,0.13503,-0.06607,0.18824,0.13688,-0.04038,-0.02947,0.34726,-0.39302,-0.14803,-0.06952,-0.04099,-0.28481,-0.2194,-0.07568,0.14353,-0.00658,0.00847,0.00481
64.82,-0.00719,-0.02199,0.03993,0.10956,0.1522,0.10149,-0.20748,0.19634,0.17262,-0.5659,-0.384,0,-0.26725,-0.20448,-0.7986,0.31637,-1.45615,0.74007,0.3048,-0.1913,-0.17333,0.19819,0.16757,-0.08363,0.18921,0.10836,-0.02629,-0.07555,0.31568,-0.46969,-0.10314,-0.05707,-0.03274,-0.23586,-0.22591,-0.07828,0.13827,-0.00245,0.009,0.0049
64.84,-0.00489,-0.01759,0.04038,0.10941,0.10408,0.09457,-0.17979,0.19313,0.1611,-0.45496,-0.384,0,-0.22644,-0.20736,-0.65605,0.27911,-1.46171,0.73097,0.33644,-0.23077,-0.18586,0.29193,0.19584,-0.10322,0.18714,0.0807,-0.01232,-0.11922,0.28133,-0.54018,-0.06959,-0.04679,-0.02609,-0.18525,-0.22519,-0.07525,0.12966,0.00183,0.00936,0.0049
64.86,-0.00233,-0.0132,0.03953,0.1053,0.05644,0.08906,-0.15129,0.17754,0.15096,-0.34549,-0.384,-0,-0.18989,-0.21222,-0.51005,0.24309,-1.35864,0.68903,0.34478,-0.26442,-0.19492,0.36168,0.21801,-0.12413,0.18289,0.05507,0.00133,-0.15915,0.24608,-0.60223,-0.04649,-0.03842,-0.02088,-0.13449,-0.2178,-0.06757,0.11768,0.00608,0.00951,0.0048
64.88,0.00043,-0.00897,0.03728,0.0975,0.01079,0.08474,-0.12293,0.1516,0.14192,-0.24194,-0.384,-0,-0.15914,-0.21816,-0.36712,0.21007,-1.1622,0.61914,0.33128,-0.29111,-0.19929,0.40455,0.23375,-0.14517,0.17737,0.03263,0.01448,-0.19458,0.21171,-0.65413,-0.03221,-0.03152,-0.01682,-0.08488,-0.2045,-0.05649,0.10256,0.01008,0.00947,0.00459
64.9,0.00326,-0.00503,0.03372,0.0866,-0.03122,0.08109,-0.09592,0.11927,0.13293,-0.14829,-0.384,-0,-0.13473,-0.22344,-0.23337,0.18126,-0.90588,0.53098,0.30087,-0.31036,-0.19754,0.42037,0.24379,-0.16453,0.17158,0.01464,0.0269,-0.22487,0.18014,-0.69418,-0.02474,-0.02556,-0.01355,-0.03784,-0.18632,-0.04351,0.08478,0.01356,0.00922,0.0043
64.92,0.00596,-0.00153,0.02899,0.07343,-0.06796,0.07737,-0.07154,0.08543,0.12255,-0.06793,-0.384,-0,-0.1165,-0.22598,-0.11435,0.1575,-0.63198,0.43655,0.2603,-0.32214,-0.18826,0.41078,0.2495,-0.1802,0.16646,0.00232,0.0383,-0.24956,0.15312,-0.72078,-0.02176,-0.01998,-0.01069,0.0052,-0.16437,-0.03016,0.06505,0.01625,0.00882,0.00396
64.94,0.00837,0.00144,0.02328,0.05881,-0.09837,0.07289,-0.05076,0.05436,0.1095,-0.00286,-0.384,0,-0.1039,-0.22405,-0.014,0.1393,-0.37773,0.34637,0.21585,-0.32663,-0.17061,0.37848,0.25219,-0.19048,0.16263,-0.00365,0.04844,-0.26839,0.13166,-0.73276,-0.02085,-0.01434,-0.0079,0.04326,-0.13968,-0.01766,0.04406,0.01797,0.00829,0.0036
64.96,0.01037,0.00386,0.01679,0.04345,-0.12219,0.06714,-0.03406,0.0288,0.09313,0.04664,-0.384,0,-0.09628,-0.21675,0.0657,0.12689,-0.16667,0.26714,0.17186,-0.32408,-0.14473,0.32683,0.25269,-0.19443,0.16032,-0.00342,0.05719,-0.2814,0.11564,-0.72973,-0.01952,-0.00834,-0.0049,0.07603,-0.1131,-0.00673,0.02249,0.01866,0.00764,0.00323
64.98,0.01188,0.00579,0.00979,0.02803,-0.13984,0.05985,-0.02147,0.00991,0.07363,0.08171,-0.384,0,-0.09297,-0.20419,0.12416,0.12037,-0.00806,0.20185,0.13078,-0.31478,-0.11203,0.26008,0.25128,-0.19188,0.15932,0.00198,0.0644,-0.2888,0.10387,-0.71205,-0.01524,-0.0019,-0.00154,0.10361,-0.08554,0.00239,0.00117,0.01845,0.00691,0.00286
65,0.01288,0.00728,0.00263,0.01333,-0.15216,0.05103,-0.01282,-0.00238,0.05201,0.10434,-0.384,0,-0.09333,-0.18738,0.16153,0.11975,0.10022,0.15065,0.09353,-0.29903,-0.07516,0.18346,0.24766,-0.18331,0.15905,0.01078,0.06994,-0.29084,0.09434,-0.68076,-0.00549,0.00481,0.00223,0.12626,-0.05807,0.0098,-0.01886,0.01757,0.00611,0.00248
65.02,0.01334,0.00844,-0.00428,0.0001,-0.16019,0.04091,-0.00781,-0.00896,0.02979,0.11693,-0.384,0,-0.09667,-0.1679,0.17866,0.12489,0.1676,0.11186,0.06009,-0.27715,-0.03729,0.10233,0.24132,-0.16966,0.15881,0.02089,0.07363,-0.28778,0.08475,-0.63737,0.01205,0.01148,0.0064,0.14427,-0.03186,0.01578,-0.03645,0.01633,0.00528,0.00209
65.04,0.01328,0.00934,-0.0106,-0.01107,-0.16494,0.02982,-0.00611,-0.01105,0.00837,0.12193,-0.384,0,-0.10195,-0.14727,0.17756,0.1352,0.20603,0.08301,0.0299,-0.24949,-0.00095,0.02066,0.23189,-0.15202,0.15803,0.03053,0.07536,-0.27996,0.07311,-0.58357,0.03931,0.01791,0.01097,0.15803,-0.00789,0.02068,-0.0507,0.01498,0.00442,0.00168
65.06,0.01274,0.01005,-0.01612,-0.01989,-0.16728,0.01814,-0.00748,-0.00991,-0.01133,0.12164,-0.384,0,-0.10765,-0.12663,0.16179,0.14939,0.22678,0.0616,0.00231,-0.21653,0.03261,-0.05965,0.21952,-0.13149,0.1565,0.03865,0.07518,-0.26784,0.05821,-0.52125,0.07748,0.02409,0.01598,0.16799,0.01315,0.02476,-0.06119,0.01369,0.00357,0.00127
65.08,0.01177,0.01062,-0.0207,-0.02628,-0.16785,0.00641,-0.01172,-0.00671,-0.02876,0.11806,-0.29741,0,-0.11166,-0.10681,0.13664,0.16536,0.23932,0.04552,-0.02309,-0.17914,0.06336,-0.13839,0.205,-0.10935,0.15442,0.04492,0.07326,-0.25212,0.03986,-0.45292,0.12671,0.03019,0.02153,0.17459,0.03075,0.02814,-0.06787,0.01254,0.00273,0.00086
65.1,0.01048,0.01105,-0.02425,-0.03031,-0.16708,-0.00467,-0.01868,-0.00254,-0.04359,0.11296,-0.18706,0,-0.11131,-0.08853,0.10887,0.18022,0.25107,0.03317,-0.04631,-0.1387,0.09213,-0.21629,0.1898,-0.08708,0.15235,0.04962,0.06989,-0.23375,0.01888,-0.38205,0.1858,0.03649,0.0277,0.17815,0.04439,0.0308,-0.07098,0.0115,0.00195,0.00047
65.12,0.00898,0.01135,-0.0267,-0.03212,-0.16521,-0.0143,-0.02827,0.00163,-0.05561,0.10776,-0.1035,0,-0.10389,-0.07242,0.08561,0.19084,0.26712,0.02344,-0.06701,-0.09678,0.12025,-0.29454,0.17568,-0.06621,0.15096,0.05349,0.06543,-0.21378,-0.0032,-0.31247,0.25186,0.04319,0.03443,0.17894,0.05362,0.03264,-0.07092,0.01053,0.00126,0.00012
65.14,0.0074,0.0115,-0.02802,-0.03186,-0.16243,-0.02188,-0.04036,0.00507,-0.0647,0.10349,-0.04544,0,-0.08721,-0.05907,0.07265,0.19474,0.28993,0.01546,-0.08483,-0.05445,0.14929,-0.37451,0.1642,-0.0479,0.15065,0.05739,0.06022,-0.19299,-0.0247,-0.24726,0.31998,0.0502,0.04143,0.17723,0.05825,0.03366,-0.06816,0.00955,0.00069,-0.00015
65.16,0.00585,0.01152,-0.02826,-0.02968,-0.15894,-0.0271,-0.05472,0.00728,-0.07083,0.10083,-0.01043,0,-0.06022,-0.04901,0.07333,0.19063,0.31907,0.00847,-0.09948,-0.01196,0.18072,-0.45725,0.15634,-0.03273,0.15131,0.06222,0.05459,-0.17182,-0.04405,-0.1882,0.38277,0.05703,0.04805,0.1734,0.05848,0.03406,-0.06317,0.0085,0.00025,-0.00035
65.18,0.00445,0.01144,-0.02749,-0.02573,-0.155,-0.03,-0.07092,0.00805,-0.07391,0.10005,0.00491,0,-0.02328,-0.04283,0.08827,0.17865,0.35094,0.00187,-0.11069,0.03099,0.2156,-0.54276,0.15248,-0.02078,0.15223,0.06877,0.04881,-0.15042,-0.05976,-0.13613,0.42967,0.06261,0.05323,0.16795,0.05489,0.03424,-0.0564,0.00738,-6e-05,-0.00046
65.2,0.00332,0.01131,-0.02585,-0.02015,-0.15094,-0.03083,-0.08821,0.00733,-0.0738,0.10107,0.00454,0,0.02179,-0.04127,0.11555,0.1602,0.3789,-0.00475,-0.11808,0.07492,0.2544,-0.62948,0.15255,-0.01175,0.15216,0.07767,0.04323,-0.12885,-0.07021,-0.09139,0.44738,0.06542,0.0555,0.16156,0.04842,0.03476,-0.04838,0.00622,-0.00024,-0.00049
65.22,0.00262,0.01118,-0.0235,-0.01311,-0.14714,-0.02998,-0.10561,0.00521,-0.07016,0.10346,-0.00723,0,0.07208,-0.04526,0.15128,0.1376,0.39457,-0.01164,-0.12119,0.1203,0.29707,-0.71461,0.15632,-0.00511,0.14942,0.08934,0.03811,-0.1069,-0.0737,-0.05396,0.42288,0.06382,0.05339,0.15492,0.04011,0.03622,-0.0396,0.00506,-0.00029,-0.00046
65.24,0.00248,0.01116,-0.02062,-0.00478,-0.1439,-0.02787,-0.12209,0.00175,-0.06238,0.10636,-0.02572,0,0.12427,-0.05581,0.19033,0.11355,0.38989,-0.01895,-0.1196,0.16744,0.34337,-0.79498,0.16367,-0.00019,0.14212,0.10386,0.03358,-0.0838,-0.06852,-0.02324,0.34849,0.05672,0.04595,0.14868,0.03082,0.039,-0.0305,0.00395,-0.00024,-0.00037
65.26,0.00299,0.01133,-0.01742,0.00462,-0.14144,-0.02492,-0.13662,-0.00309,-0.04956,0.10846,-0.04581,0,0.17491,-0.074,0.22668,0.09081,0.35855,-0.02679,-0.113,0.21627,0.39285,-0.86742,0.17479,0.0038,0.12833,0.1208,0.02954,-0.05814,-0.05312,0.00192,0.22559,0.04405,0.03323,0.14335,0.02108,0.04312,-0.02141,0.0029,-0.0001,-0.00023
65.28,0.00421,0.01182,-0.01412,0.01476,-0.13989,-0.02149,-0.14807,-0.00939,-0.03056,0.10794,-0.06175,0,0.22007,-0.10079,0.2532,0.07238,0.29651,-0.03514,-0.1013,0.26588,0.44452,-0.92823,0.19018,0.00768,0.10621,0.13909,0.02571,-0.02801,-0.02618,0.0231,0.0664,0.0269,0.01643,0.13931,0.01106,0.04817,-0.01263,0.0019,0.00013,-5e-05
65.3,0.00619,0.01279,-0.01103,0.02515,-0.13933,-0.01792,-0.15513,-0.01728,-0.00418,0.10258,-0.06725,0,0.25509,-0.13692,0.26167,0.06154,0.20217,-0.04385,-0.08466,0.31417,0.49663,-0.97277,0.21062,0.01223,0.07415,0.15704,0.0216,0.00879,0.01334,0.042,-0.10678,0.00751,-0.0022,0.13685,0.00074,0.0533,-0.00448,0.00095,0.00042,0.00016
65.32,0.00893,0.01435,-0.00846,0.03524,-0.13975,-0.01454,-0.15645,-0.02689,0.03065,0.08992,-0.05614,0,0.27491,-0.1828,0.24372,0.06157,0.0766,-0.05275,-0.06375,0.35793,0.54727,-0.99602,0.23746,0.01803,0.03106,0.17264,0.01654,0.05462,0.06643,0.06034,-0.26735,-0.01139,-0.01988,0.13616,-0.0101,0.05751,0.00272,1e-05,0.00075,0.00038
65.34,0.01238,0.01662,-0.00667,0.04465,-0.1411,-0.01151,-0.15097,-0.03829,0.07453,0.06771,-0.0236,0,0.27484,-0.23842,0.19248,0.0752,-0.07627,-0.06186,-0.04003,0.39315,0.59544,-0.99372,0.273,0.02515,-0.02321,0.18429,0.0096,0.11181,0.13428,0.07977,-0.3933,-0.02748,-0.03432,0.13716,-0.02176,0.05989,0.00876,-0.00089,0.00111,0.00062
65.36,0.01647,0.01964,-0.00582,0.05324,-0.14321,-0.00885,-0.1381,-0.05147,0.1272,0.03425,0.03286,0,0.25125,-0.30307,0.10397,0.1041,-0.24883,-0.0715,-0.01606,0.4151,0.64161,-0.96332,0.32066,0.03301,-0.0874,0.19114,-0.00046,0.1824,0.21828,0.10177,-0.47294,-0.03943,-0.04424,0.13946,-0.03458,0.05988,0.01357,-0.00174,0.0015,0.00087
65.38,0.02103,0.02336,-0.00597,0.0611,-0.14585,-0.00646,-0.11793,-0.06616,0.18708,-0.01132,0.11283,0,0.20169,-0.37479,-0.02196,0.14867,-0.42837,-0.08226,0.00423,0.41818,0.68756,-0.90435,0.38469,0.04024,-0.15828,0.19319,-0.01507,0.26759,0.3194,0.12745,-0.50566,-0.04697,-0.04948,0.14233,-0.04883,0.05728,0.01723,-0.00247,0.00191,0.00112
65.4,0.02582,0.02764,-0.0071,0.06842,-0.14864,-0.00409,-0.09116,-0.08184,0.25108,-0.06886,0.21294,0,0.12499,-0.4501,-0.18157,0.20793,-0.59684,-0.09486,0.01568,0.39575,0.73588,-0.81821,0.46973,0.04472,-0.23045,0.19106,-0.03586,0.36726,0.43762,0.1575,-0.50009,-0.05066,-0.05077,0.14472,-0.06459,0.05226,0.01987,-0.00296,0.00234,0.00136
65.42,0.03057,0.03228,-0.00912,0.07543,-0.15119,-0.00142,-0.0589,-0.09784,0.31529,-0.1376,0.32781,0,0.0207,-0.52456,-0.36875,0.28003,-0.73466,-0.10999,0.01318,0.3405,0.78949,-0.70711,0.58041,0.0441,-0.29755,0.18554,-0.06479,0.48019,0.57178,0.19251,-0.47003,-0.0515,-0.04936,0.14543,-0.08168,0.04529,0.02168,-0.00308,0.00277,0.00159
65.44,0.03507,0.03714,-0.01187,0.08222,-0.15322,0.00195,-0.02219,-0.11354,0.37623,-0.21675,0.384,0,-0.11151,-0.59386,-0.57751,0.36307,-0.82713,-0.12801,-0.00647,0.24507,0.85117,-0.57243,0.72072,0.03643,-0.35414,0.17694,-0.10433,0.60455,0.71978,0.23361,-0.42925,-0.05051,-0.04646,0.1434,-0.0997,0.03703,0.02286,-0.00263,0.00319,0.00179
65.46,0.03929,0.04217,-0.01515,0.08867,-0.15455,0.00641,0.0181,-0.12853,0.43149,-0.30562,0.384,0,-0.27176,-0.65444,-0.80296,0.45525,-0.86862,-0.14875,-0.04304,0.10295,0.923,-0.41419,0.89319,0.02074,-0.39692,0.16475,-0.15751,0.73782,0.87813,0.28269,-0.38798,-0.04829,-0.04294,0.13788,-0.11787,0.02831,0.02359,-0.0014,0.00357,0.00193
65.48,0.04332,0.04736,-0.01865,0.09434,-0.15518,0.01237,0.06102,-0.1425,0.47946,-0.40298,0.384,0,-0.45892,-0.70306,-1.03994,0.55433,-0.86319,-0.17129,-0.09231,-0.0904,1.00573,-0.23193,1.09744,-0.00273,-0.42462,0.14757,-0.2275,0.8758,1.04071,0.34212,-0.35234,-0.04509,-0.03923,0.12853,-0.13493,0.0202,0.02408,0.00084,0.00388,0.00198
65.5,0.04733,0.05271,-0.022,0.09853,-0.15527,0.02018,0.10536,-0.15512,0.51882,-0.50657,0.384,0,-0.66963,-0.73643,-1.2815,0.65707,-0.82202,-0.19427,-0.14636,-0.33677,1.09833,-0.02584,1.32917,-0.03262,-0.43752,0.12336,-0.31722,1.01188,1.19803,0.41438,-0.32494,-0.04073,-0.0354,0.11543,-0.14911,0.01404,0.02445,0.00431,0.00405,0.00191
65.52,0.05158,0.05824,-0.02478,0.10049,-0.15519,0.03013,0.14991,-0.16603,0.54839,-0.61348,0.384,0,-0.8992,-0.75152,-1.5195,0.75983,-0.75523,-0.21777,-0.19551,-0.63569,1.19827,0.20318,1.58077,-0.06679,-0.43689,0.09019,-0.42888,1.13795,1.33887,0.50189,-0.30592,-0.03485,-0.03128,0.09914,-0.15845,0.01133,0.0247,0.00927,0.00404,0.00168
65.54,0.05635,0.06394,-0.02668,0.09981,-0.15559,0.04241,0.19403,-0.17488,0.56704,-0.72108,0.384,0,-1.14346,-0.74629,-1.7465,0.85973,-0.6606,-0.24607,-0.23122,-0.98548,1.30221,0.45417,1.84282,-0.10304,-0.42441,0.04715,-0.56353,1.24639,1.45347,0.60686,-0.29419,-0.02709,-0.02663,0.08071,-0.16149,0.0135,0.02456,0.01594,0.00381,0.00126
65.56,0.06196,0.06974,-0.02756,0.0967,-0.15748,0.05705,0.23798,-0.18135,0.57372,-0.82735,0.384,0,-1.3992,-0.7203,-1.95632,0.95525,-0.51619,-0.28942,-0.24811,-1.38277,1.40608,0.7256,2.10434,-0.13943,-0.40195,-0.00477,-0.72028,1.33112,1.53542,0.73087,-0.28833,-0.0173,-0.02131,0.0618,-0.15772,0.0218,0.02338,0.0245,0.00338,0.00065
65.58,0.06867,0.07549,-0.02745,0.09211,-0.16225,0.07383,0.28262,-0.18511,0.56733,-0.9301,0.384,0,-1.6624,-0.67505,-2.14256,1.04554,-0.279,-0.36438,-0.24417,-1.81951,1.50437,1.01332,2.35078,-0.1741,-0.37155,-0.06213,-0.89497,1.38711,1.58131,0.87386,-0.28686,-0.00562,-0.01531,0.04483,-0.14769,0.03716,0.02011,0.03505,0.0028,-0.00011
65.6,0.0767,0.08091,-0.02651,0.08759,-0.17154,0.09217,0.32899,-0.18576,0.54672,-1.0263,0.384,0,-1.92659,-0.61379,-2.29724,1.12977,0.10875,-0.49168,-0.22036,-2.28079,1.58955,1.30896,2.56289,-0.20501,-0.33553,-0.11906,-1.07956,1.4098,1.58995,1.03349,-0.28835,0.00747,-0.00878,0.03295,-0.13291,0.06017,0.01341,0.0475,0.0022,-0.00097
65.62,0.08614,0.08567,-0.02501,0.08497,-0.18693,0.11128,0.37791,-0.18295,0.511,-1.11236,0.384,0,-2.18405,-0.5407,-2.41197,1.20717,0.6999,-0.6894,-0.17957,-2.74726,1.65304,1.60163,2.71989,-0.23009,-0.29605,-0.16889,-1.26392,1.39547,1.56176,1.20581,-0.29135,0.02128,-0.00199,0.02945,-0.11548,0.09089,0.00187,0.06165,0.00168,-0.00186
65.64,0.09706,0.0895,-0.02321,0.08582,-0.20943,0.13044,0.42973,-0.17661,0.46019,-1.134,0.384,0,-2.42859,-0.45958,-2.48076,1.27758,1.51371,-0.96308,-0.12534,-3.20043,1.68712,1.88147,2.80544,-0.24768,-0.25452,-0.20666,-1.43922,1.34242,1.49855,1.38682,-0.29431,0.03515,0.00483,0.03671,-0.09757,0.12866,-0.0155,0.07728,0.00132,-0.00272
65.66,0.10936,0.09226,-0.02128,0.09106,-0.23908,0.14905,0.48382,-0.16708,0.39575,-1.134,0.384,0,-2.65671,-0.37322,-2.50191,1.34167,2.51289,-1.29782,-0.06119,-3.62482,1.6862,2.14131,2.81161,-0.25673,-0.21125,-0.23079,-1.59964,1.25202,1.40368,1.57292,-0.29557,0.04857,0.01149,0.05544,-0.08109,0.17182,-0.039,0.09409,0.00112,-0.00354
65.68,0.12276,0.09394,-0.01934,0.10081,-0.27461,0.16658,0.53816,-0.15523,0.32125,-1.134,0.384,0,-2.86616,-0.28393,-2.47811,1.40045,3.59042,-1.65374,0.00913,-4.00517,1.64703,2.375,2.73963,-0.25678,-0.16577,-0.24328,-1.74156,1.12957,1.28269,1.75962,-0.29324,0.06111,0.01788,0.08442,-0.06775,0.21733,-0.06792,0.11165,0.00098,-0.00435
65.7,0.13671,0.09462,-0.01749,0.1145,-0.31343,0.18241,0.58907,-0.14245,0.24248,-1.134,0.37121,0,-3.05409,-0.19407,-2.41568,1.45471,4.57401,-1.96781,0.0813,-4.32364,1.56846,2.57555,2.59873,-0.24778,-0.1172,-0.24898,-1.8622,0.9843,1.14358,1.94033,-0.28533,0.07229,0.02385,0.12061,-0.05915,0.26069,-0.10053,0.12925,0.00076,-0.0052
65.72,0.15048,0.09445,-0.01574,0.1311,-0.35231,0.19585,0.6321,-0.13026,0.16626,-1.134,0.19976,0,-3.21677,-0.1059,-2.32296,1.50477,5.26809,-2.1692,0.15106,-4.56152,1.45106,2.73573,2.40317,-0.22981,-0.06474,-0.2537,-1.95907,0.82749,0.99562,2.107,-0.26989,0.08164,0.02925,0.16001,-0.05652,0.29697,-0.13446,0.14608,0.00028,-0.00614
65.74,0.16342,0.09357,-0.01411,0.14953,-0.38844,0.20633,0.66349,-0.11979,0.09859,-1.134,0.04439,0,-3.35045,-0.02099,-2.20819,1.55042,5.52018,-2.20326,0.21535,-4.7041,1.29663,2.85028,2.16824,-0.20272,-0.00821,-0.26158,-2.03021,0.66935,0.84719,2.25197,-0.24538,0.08871,0.03391,0.19899,-0.06031,0.32241,-0.16733,0.1614,-0.00056,-0.00719
65.76,0.17503,0.0921,-0.01254,0.16887,-0.42012,0.21348,0.68108,-0.11142,0.04341,-1.134,-0.08672,0,-3.45154,0.06,-2.07852,1.59077,5.26655,-2.04836,0.27289,-4.74375,1.10856,2.91725,1.90848,-0.16608,0.05148,-0.27328,-2.07408,0.51749,0.70486,2.36881,-0.21101,0.09319,0.0377,0.235,-0.06988,0.33552,-0.19715,0.17474,-0.00174,-0.00835
65.78,0.18494,0.09016,-0.01099,0.1883,-0.44665,0.21706,0.68439,-0.1048,0.00283,-1.134,-0.18979,0,-3.51578,0.13671,-1.94071,1.62386,4.54437,-1.72076,0.32392,-4.68001,0.8932,2.9376,1.63904,-0.11929,0.1117,-0.28541,-2.08914,0.3776,0.57421,2.45154,-0.16703,0.09479,0.04046,0.26656,-0.08334,0.33721,-0.22211,0.18578,-0.00311,-0.0095
65.8,0.19276,0.08785,-0.00937,0.20694,-0.46797,0.21689,0.67429,-0.09893,-0.02232,-1.11174,-0.26404,0,-3.53747,0.20843,-1.80181,1.64649,3.4809,-1.27096,0.3695,-4.51837,0.66071,2.91425,1.377,-0.06211,0.16793,-0.29112,-2.07345,0.25463,0.46079,2.49382,-0.11487,0.09328,0.04199,0.29286,-0.09769,0.33038,-0.24033,0.19426,-0.00437,-0.01049
65.82,0.19809,0.08525,-0.00762,0.2239,-0.4844,0.2129,0.65227,-0.09256,-0.03234,-1.02324,-0.31075,0,-3.50991,0.2739,-1.66818,1.6548,2.25284,-0.76823,0.41078,-4.26771,0.42343,2.85085,1.13922,0.00465,0.2145,-0.28248,-2.02481,0.15245,0.36937,2.48942,-0.05691,0.08845,0.04206,0.31343,-0.10947,0.31906,-0.24974,0.19996,-0.00511,-0.0111
65.84,0.20059,0.0824,-0.00563,0.2385,-0.49636,0.20518,0.6197,-0.08464,-0.02854,-0.92487,-0.33261,0,-3.42666,0.3314,-1.54364,1.6453,1.02766,-0.27791,0.44821,-3.93743,0.19262,2.75045,0.93793,0.07812,0.24607,-0.25416,-1.94127,0.0727,0.30225,2.43381,0.00406,0.08018,0.04049,0.32788,-0.11575,0.30711,-0.24804,0.2028,-0.00486,-0.01109
65.86,0.19996,0.07929,-0.00329,0.25029,-0.50419,0.19402,0.57737,-0.0746,-0.01337,-0.81867,-0.33325,0,-3.28287,0.37873,-1.42842,1.61567,-0.07231,0.15245,0.48091,-3.53678,-0.023,2.6152,0.77828,0.15252,0.25861,-0.20599,-1.82193,0.01414,0.25817,2.32547,0.065,0.06855,0.03719,0.33574,-0.11485,0.2975,-0.23269,0.20281,-0.00311,-0.0102
65.88,0.19597,0.07586,-0.00051,0.25904,-0.50799,0.18006,0.52569,-0.06253,0.00953,-0.70644,-0.3171,0,-3.07648,0.41272,-1.31988,1.56516,-0.97064,0.49327,0.50618,-3.07743,-0.21589,2.44702,0.65911,0.21822,0.24943,-0.14398,-1.66783,-0.02696,0.23248,2.16691,0.12218,0.05389,0.03216,0.33625,-0.10645,0.29216,-0.20101,0.20022,0.00067,-0.00817
65.9,0.18847,0.07208,0.00281,0.26456,-0.50764,0.16429,0.46498,-0.04923,0.03548,-0.59036,-0.28909,0,-2.80882,0.42915,-1.21363,1.49455,-1.62562,0.72856,0.51959,-2.57557,-0.37827,2.24846,0.57468,0.26208,0.217,-0.07971,-1.4826,-0.05602,0.21796,1.9649,0.17092,0.03682,0.02556,0.3284,-0.09148,0.29207,-0.15029,0.19536,0.00699,-0.00474
65.92,0.17739,0.06789,0.00668,0.26668,-0.50292,0.14787,0.39573,-0.03585,0.05951,-0.47274,-0.25423,0,-2.48371,0.42357,-1.10433,1.40563,-2.02192,0.85274,0.51601,-2.04931,-0.50278,2.02231,0.51646,0.27033,0.16086,-0.02691,-1.27175,-0.07896,0.2065,1.72905,0.20646,0.01822,0.01764,0.3112,-0.07165,0.29731,-0.07804,0.18857,0.01622,0.00025
65.94,0.16285,0.06324,0.01106,0.26527,-0.49391,0.1319,0.31864,-0.02355,0.07759,-0.35506,-0.21686,0,-2.10576,0.3929,-0.98647,1.30041,-2.16486,0.86845,0.49143,-1.51323,-0.58479,1.77058,0.47471,0.23332,0.08162,0.00367,-1.04134,-0.10074,0.19124,1.46947,0.22548,-0.0011,0.00871,0.28423,-0.04878,0.30711,0.01762,0.18005,0.02849,0.00688
65.96,0.14523,0.05809,0.01578,0.26021,-0.4812,0.11723,0.23507,-0.01324,0.08737,-0.23774,-0.18036,0,-1.68057,0.33675,-0.85519,1.18095,-2.07668,0.78546,0.44431,-0.9765,-0.62371,1.49472,0.4396,0.14901,-0.01868,0.00777,-0.79782,-0.12438,0.1681,1.19613,0.22715,-0.02038,-0.00089,0.24806,-0.02449,0.31977,0.13736,0.16975,0.0435,0.01498
65.98,0.12534,0.05245,0.02052,0.25144,-0.46607,0.10458,0.14768,-0.00555,0.08834,-0.12095,-0.14731,0,-1.21784,0.25803,-0.70745,1.05016,-1.79528,0.62048,0.37625,-0.44633,-0.62294,1.19764,0.40186,0.02434,-0.13581,-0.01165,-0.54981,-0.1505,0.13632,0.92065,0.21331,-0.03883,-0.01067,0.20466,-0.00025,0.33257,0.27965,0.15749,0.06039,0.02414
66,0.10446,0.04642,0.02478,0.23898,-0.45043,0.0946,0.06079,-0.00096,0.08151,-0.00545,-0.1198,0,-0.73357,0.16295,-0.54276,0.91227,-1.37232,0.39668,0.2919,0.06816,-0.5891,0.88537,0.35301,-0.12544,-0.26303,-0.04528,-0.3093,-0.1774,0.09826,0.65772,0.18811,-0.05548,-0.02001,0.15741,0.02247,0.3419,0.44011,0.14298,0.07773,0.03363
66.02,0.0841,0.04018,0.02799,0.22287,-0.43646,0.08783,-0.02052,0.00021,0.06878,0.10764,-0.09942,0,-0.24685,0.05985,-0.36242,0.77151,-0.86603,0.14024,0.19798,0.55698,-0.53088,0.56594,0.28534,-0.2812,-0.3925,-0.08062,-0.0896,-0.20201,0.05812,0.42294,0.15675,-0.06935,-0.0282,0.11045,0.04228,0.34389,0.61231,0.12594,0.09383,0.04261
66.04,0.06554,0.03398,0.02967,0.20309,-0.42584,0.08449,-0.09221,-0.00206,0.05209,0.21763,-0.0871,0,0.22665,-0.04284,-0.16778,0.62957,-0.33097,-0.1247,0.10151,1.01329,-0.45771,0.24636,0.19174,-0.42659,-0.51771,-0.10636,0.09893,-0.22129,0.02001,0.22814,0.12385,-0.07966,-0.03468,0.06749,0.05818,0.33552,0.78924,0.10614,0.10732,0.05037
66.06,0.04955,0.02812,0.02949,0.17963,-0.41939,0.08438,-0.15227,-0.00746,0.03295,0.32455,-0.08299,0,0.67761,-0.13752,0.04019,0.48431,0.18693,-0.37849,0.00903,1.43476,-0.37915,-0.06831,0.06597,-0.55213,-0.63481,-0.11534,0.25127,-0.23325,-0.01331,0.07883,0.0924,-0.08603,-0.03915,0.0312,0.06971,0.31538,0.96386,0.0835,0.11742,0.05652
66.08,0.03652,0.02299,0.02736,0.15259,-0.41698,0.08683,-0.20046,-0.01528,0.01238,0.42834,-0.0865,0,1.10035,-0.217,0.25955,0.33055,0.64773,-0.60468,-0.07292,1.82063,-0.30533,-0.37281,-0.09649,-0.65528,-0.74198,-0.10519,0.36703,-0.23701,-0.04041,-0.02524,0.06368,-0.08843,-0.04154,0.0033,0.07688,0.28401,1.12781,0.05832,0.12401,0.061
66.1,0.02657,0.01915,0.02335,0.12241,-0.41772,0.0908,-0.2377,-0.02444,-0.0089,0.52821,-0.09645,0,1.48937,-0.27385,0.48606,0.16143,1.0142,-0.78832,-0.13733,2.16847,-0.24715,-0.65961,-0.29772,-0.73859,-0.83838,-0.07783,0.4489,-0.23268,-0.06088,-0.08824,0.03771,-0.08712,-0.04198,-0.01507,0.08,0.2438,1.27052,0.03135,0.12745,0.06395
66.12,0.01964,0.01719,0.01764,0.08981,-0.42048,0.09503,-0.26536,-0.03368,-0.03054,0.62294,-0.11139,0,1.83919,-0.30098,0.71393,-0.03051,1.25444,-0.91676,-0.17759,2.47431,-0.21518,-0.92004,-0.53779,-0.80649,-0.92334,-0.03816,0.5014,-0.22106,-0.07491,-0.11647,0.0137,-0.0825,-0.04071,-0.02312,0.07947,0.19812,1.38069,0.00378,0.12834,0.06564
66.14,0.01557,0.01761,0.01041,0.05569,-0.42453,0.09833,-0.28475,-0.0419,-0.05266,0.712,-0.13004,0,2.14653,-0.29294,0.93787,-0.25232,1.34871,-0.98224,-0.18936,2.73502,-0.21743,-1.14741,-0.81591,-0.86134,-0.99602,0.00784,0.53005,-0.20339,-0.08291,-0.11658,-0.00941,-0.07503,-0.038,-0.02029,0.07554,0.15019,1.44935,-0.02307,0.12734,0.06632
66.16,0.01413,0.02073,0.0018,0.02121,-0.42996,0.09974,-0.29663,-0.04834,-0.07589,0.79602,-0.1515,0,2.41092,-0.24702,1.15381,-0.50918,1.29409,-0.98367,-0.1718,2.94933,-0.25777,-1.33862,-1.13014,-0.90063,-1.0548,0.05411,0.54074,-0.18121,-0.08526,-0.09442,-0.03244,-0.06522,-0.03411,-0.00623,0.06813,0.10233,1.47193,-0.04778,0.12492,0.06619
66.18,0.01505,0.02666,-0.00806,-0.01201,-0.43782,0.09858,-0.30095,-0.05257,-0.10118,0.87624,-0.17516,0,2.63267,-0.16366,1.35739,-0.80222,1.10556,-0.92678,-0.12802,3.11616,-0.3354,-1.49297,-1.47507,-0.9158,-1.09671,0.0945,0.53944,-0.15653,-0.0822,-0.05484,-0.05575,-0.05359,-0.02932,0.01918,0.05685,0.05618,1.44836,-0.06868,0.1214,0.06533
66.2,0.01804,0.03525,-0.01896,-0.04169,-0.4499,0.09438,-0.29696,-0.05441,-0.12955,0.95379,-0.20054,0,2.81068,-0.04649,1.54243,-1.12686,0.81404,-0.82322,-0.06459,3.23305,-0.44503,-1.6104,-1.83998,-0.89301,-1.11715,0.1226,0.53191,-0.13185,-0.07387,-0.00183,-0.07904,-0.04084,-0.02395,0.05571,0.04114,0.01308,1.38243,-0.08373,0.11692,0.06371
66.22,0.02284,0.04621,-0.03062,-0.06544,-0.46818,0.08691,-0.28365,-0.05391,-0.16166,1.0293,-0.22714,0,2.94216,0.09858,1.70149,-1.47331,0.45939,-0.68778,0.00991,3.29659,-0.5785,-1.69084,-2.21006,-0.81704,-1.11093,0.13252,0.52316,-0.10975,-0.06054,0.06143,-0.10158,-0.02767,-0.0183,0.10279,0.02054,-0.02586,1.28045,-0.09097,0.11155,0.06129
66.24,0.02916,0.05915,-0.04276,-0.08162,-0.49406,0.0761,-0.26069,-0.05126,-0.19737,1.1028,-0.25445,0,3.02368,0.26465,1.82767,-1.82848,0.08029,-0.5346,0.08721,3.30429,-0.72702,-1.73443,-2.56974,-0.6775,-1.074,0.12032,0.51677,-0.09225,-0.04305,0.13242,-0.12255,-0.01468,-0.01263,0.15943,-0.0048,-0.05996,1.14967,-0.08919,0.10526,0.05798
66.26,0.03673,0.07363,-0.05504,-0.08997,-0.52771,0.06209,-0.22906,-0.04681,-0.23525,1.134,-0.28177,0,3.05179,0.44412,1.9156,-2.17594,-0.29116,-0.37521,0.1606,3.25609,-0.8822,-1.74154,-2.90373,-0.47359,-1.00497,0.08509,0.51444,-0.08038,-0.02317,0.20903,-0.1412,-0.00232,-0.00711,0.224,-0.03382,-0.08888,0.9977,-0.07852,0.09805,0.0538
66.28,0.0452,0.08906,-0.06701,-0.09163,-0.56771,0.04535,-0.19152,-0.04105,-0.27219,1.134,-0.30801,0,3.02271,0.62746,1.96087,-2.49333,-0.62807,-0.21915,0.22464,3.15488,-1.03522,-1.71261,-3.19465,-0.21676,-0.90585,0.02941,0.51586,-0.07416,-0.00381,0.28884,-0.15678,0.00907,-0.0019,0.29369,-0.06414,-0.11247,0.83342,-0.06058,0.08999,0.04884
66.3,0.05412,0.10458,-0.07803,-0.08892,-0.61095,0.02671,-0.1525,-0.03467,-0.30345,1.134,-0.33152,-0,2.93232,0.80233,1.95939,-2.75106,-0.90625,-0.0751,0.2747,3.00628,-1.17588,-1.64811,-3.42124,0.06951,-0.78214,-0.04083,0.51905,-0.07282,0.01105,0.36866,-0.16839,0.01913,0.00287,0.36429,-0.09215,-0.13052,0.66765,-0.03832,0.08124,0.04333
66.32,0.06299,0.11924,-0.08735,-0.08464,-0.65346,0.00717,-0.11713,-0.0284,-0.3237,1.134,-0.35043,-0,2.77735,0.95526,1.90809,-2.9176,-1.10542,0.04933,0.30708,2.81735,-1.29353,-1.54896,-3.56101,0.35512,-0.64165,-0.11771,0.52116,-0.07508,0.0173,0.44465,-0.17513,0.02754,0.00705,0.43095,-0.11381,-0.14288,0.51155,-0.01535,0.07206,0.03756
66.34,0.07137,0.13218,-0.0944,-0.08121,-0.6916,-0.01238,-0.08973,-0.02283,-0.3289,1.134,-0.36319,-0,2.55768,1.07491,1.80662,-2.96904,-1.21312,0.14883,0.31964,2.59467,-1.37928,-1.41745,-3.59629,0.6121,-0.49252,-0.19331,0.51981,-0.07951,0.01209,0.51287,-0.17639,0.0341,0.01056,0.48972,-0.12608,-0.14979,0.37366,0.00524,0.06268,0.03179
66.36,0.07892,0.14275,-0.0989,-0.08009,-0.72281,-0.03132,-0.07278,-0.01833,-0.31758,1.134,-0.36895,-0,2.27873,1.15406,1.65893,-2.89581,-1.22724,0.22085,0.31226,2.34388,-1.42725,-1.25839,-3.5184,0.81982,-0.34249,-0.26077,0.5139,-0.08473,-0.00505,0.56951,-0.17201,0.03878,0.01336,0.53834,-0.12782,-0.15207,0.25825,0.02152,0.05332,0.02622
66.38,0.08537,0.1505,-0.10085,-0.08161,-0.74552,-0.0492,-0.06682,-0.01507,-0.29115,1.134,-0.36757,-0,1.95407,1.18932,1.47466,-2.70448,-1.15617,0.26513,0.28693,2.07131,-1.43439,-1.08044,-3.3289,0.96457,-0.19978,-0.31407,0.50393,-0.08945,-0.03193,0.61039,-0.16241,0.04173,0.01549,0.57607,-0.11999,-0.15123,0.16581,0.03278,0.04422,0.021
66.4,0.09047,0.15503,-0.10044,-0.0851,-0.75887,-0.06558,-0.07081,-0.013,-0.25365,1.134,-0.35954,-0,1.60597,1.18023,1.26928,-2.41623,-1.01739,0.28299,0.24753,1.78553,-1.39985,-0.89671,-3.03891,1.03772,-0.07373,-0.34763,0.49182,-0.09246,-0.06391,0.63078,-0.14847,0.04318,0.01699,0.60318,-0.10538,-0.1492,0.09433,0.03929,0.0357,0.0163
66.42,0.09397,0.15607,-0.09805,-0.08928,-0.7625,-0.0801,-0.08277,-0.01196,-0.21047,1.134,-0.34569,-0,1.2607,1.12835,1.0611,-2.06042,-0.83352,0.27719,0.199,1.49627,-1.32451,-0.72246,-2.66576,1.03539,0.02695,-0.35691,0.48012,-0.09276,-0.09519,0.6262,-0.13141,0.0434,0.01791,0.62055,-0.08769,-0.14801,0.04035,0.04192,0.02811,0.01225
66.44,0.09575,0.1535,-0.09404,-0.09276,-0.75648,-0.0926,-0.10061,-0.01166,-0.1666,1.03214,-0.32697,-0,0.9403,1.03663,0.86635,-1.66538,-0.62703,0.25206,0.14622,1.21184,-1.21069,-0.5712,-2.22814,0.95931,0.0976,-0.33961,0.47098,-0.08979,-0.12071,0.59406,-0.11238,0.04269,0.01833,0.62931,-0.07031,-0.14913,-9e-05,0.04175,0.02167,0.00894
66.46,0.0958,0.14751,-0.0888,-0.09443,-0.7413,-0.10316,-0.12258,-0.0117,-0.12553,0.8784,-0.30436,-0,0.65808,0.90943,0.69636,-1.25367,-0.41734,0.21385,0.09336,0.93818,-1.06242,-0.45242,-1.74457,0.81787,0.13982,-0.2967,0.46537,-0.08356,-0.13737,0.53489,-0.09236,0.04128,0.01831,0.63068,-0.05548,-0.15308,-0.03075,0.03974,0.01641,0.00633
66.48,0.09428,0.13855,-0.08273,-0.09352,-0.71795,-0.11208,-0.14725,-0.01156,-0.0893,0.70008,-0.27894,0,0.41963,0.75329,0.55827,-0.84372,-0.2217,0.17102,0.04414,0.68083,-0.88656,-0.37201,-1.23642,0.62717,0.16159,-0.2329,0.46298,-0.07477,-0.14424,0.45304,-0.07228,0.03943,0.01794,0.62584,-0.04422,-0.15925,-0.05471,0.03668,0.01219,0.00432
66.5,0.09146,0.12743,-0.07627,-0.08956,-0.68794,-0.11974,-0.1734,-0.01065,-0.05889,0.50478,-0.25208,0,0.22563,0.57745,0.45645,-0.45286,-0.05636,0.13395,0.00217,0.44672,-0.69325,-0.33337,-0.73045,0.41079,0.176,-0.15641,0.4624,-0.06477,-0.14217,0.35653,-0.05313,0.03734,0.01732,0.61591,-0.03655,-0.16608,-0.07416,0.03323,0.00877,0.00273
66.52,0.08769,0.11506,-0.06985,-0.08241,-0.65305,-0.12646,-0.19998,-0.00844,-0.03459,0.30206,-0.22531,0,0.07372,0.39239,0.39302,-0.09658,0.06488,0.11292,-0.02949,0.24354,-0.49424,-0.33761,-0.25539,0.19522,0.1979,-0.07705,0.46168,-0.05514,-0.13314,0.25517,-0.03583,0.03519,0.01653,0.60189,-0.03185,-0.17153,-0.09051,0.02985,0.00585,0.00141
66.54,0.08323,0.10222,-0.0638,-0.07226,-0.61491,-0.13245,-0.22627,-0.00457,-0.01623,0.10075,-0.20007,0,-0.04033,0.2073,0.36738,0.21435,0.13393,0.11496,-0.04915,0.07721,-0.29961,-0.38321,0.16544,0.00294,0.23928,-0.00338,0.4591,-0.04724,-0.11944,0.15757,-0.02108,0.03312,0.01564,0.58463,-0.02926,-0.17387,-0.10468,0.02691,0.00319,0.0002
66.56,0.07828,0.08943,-0.05834,-0.05969,-0.57487,-0.13767,-0.25182,0.00095,-0.00342,-0.09218,-0.17765,0,-0.12154,0.02901,0.37603,0.47505,0.15055,0.14158,-0.05707,-0.0494,-0.11631,-0.46541,0.51787,-0.15185,0.30598,0.05906,0.45369,-0.04182,-0.10315,0.06944,-0.00913,0.03119,0.01472,0.56494,-0.02801,-0.17216,-0.11733,0.0246,0.00063,-0.001
66.58,0.07292,0.07699,-0.05355,-0.0458,-0.53426,-0.14177,-0.27629,0.00772,0.00429,-0.27042,-0.15933,0,-0.17469,-0.13703,0.4125,0.68464,0.12256,0.18813,-0.05545,-0.13562,0.05086,-0.57564,0.79499,-0.26299,0.39635,0.10762,0.44542,-0.03902,-0.08608,-0.00614,4e-05,0.02943,0.0138,0.54368,-0.02747,-0.16644,-0.12879,0.02301,-0.00184,-0.00219
66.6,0.06722,0.06509,-0.04948,-0.03216,-0.49463,-0.14414,-0.29925,0.01493,0.00726,-0.42706,-0.14648,0,-0.20368,-0.28537,0.4678,0.84395,0.06463,0.24441,-0.04811,-0.18195,0.19786,-0.70152,0.99399,-0.33054,0.50166,0.14187,0.43511,-0.03842,-0.06989,-0.06788,0.00668,0.02782,0.01293,0.5219,-0.0272,-0.15757,-0.13899,0.02213,-0.00411,-0.00331
66.62,0.06123,0.05389,-0.04612,-0.02058,-0.4576,-0.14404,-0.32009,0.02161,0.00589,-0.55535,-0.14036,0,-0.21167,-0.41102,0.53194,0.955,-0.00549,0.29758,-0.03951,-0.19003,0.32146,-0.82896,1.11547,-0.35866,0.60896,0.16282,0.42405,-0.03923,-0.05596,-0.11568,0.01114,0.02633,0.01213,0.50069,-0.02685,-0.14693,-0.14756,0.02189,-0.00597,-0.00425
66.64,0.055,0.04346,-0.04343,-0.01261,-0.42444,-0.14094,-0.33814,0.02689,0.00072,-0.65085,-0.14162,0,-0.20189,-0.51081,0.59601,1.02162,-0.07208,0.33646,-0.03331,-0.16344,0.42039,-0.94544,1.16431,-0.35362,0.7056,0.1721,0.41344,-0.04046,-0.04511,-0.15023,0.01381,0.02492,0.01142,0.48085,-0.02616,-0.13581,-0.15404,0.02217,-0.00722,-0.00491
66.66,0.04862,0.0339,-0.0413,-0.00922,-0.39582,-0.13476,-0.35263,0.03026,-0.00742,-0.71267,-0.14997,0,-0.1782,-0.58421,0.65339,1.04989,-0.12477,0.35437,-0.03153,-0.10846,0.49578,-1.04192,1.15042,-0.32243,0.78193,0.17149,0.404,-0.04104,-0.03742,-0.17271,0.01511,0.02352,0.01078,0.46282,-0.02486,-0.12518,-0.15799,0.02282,-0.00777,-0.00522
66.68,0.04223,0.02537,-0.0396,-0.01077,-0.37208,-0.12591,-0.36259,0.03155,-0.01731,-0.74321,-0.16402,0,-0.14546,-0.63279,0.69965,1.0478,-0.15894,0.34963,-0.03426,-0.03455,0.55069,-1.11253,1.08877,-0.27271,0.8314,0.1627,0.39598,-0.03986,-0.03231,-0.18444,0.01541,0.02206,0.01019,0.44671,-0.02271,-0.1156,-0.15905,0.02366,-0.00756,-0.00514
66.7,0.03613,0.01814,-0.0382,-0.0171,-0.35338,-0.11534,-0.36676,0.03093,-0.02735,-0.74722,-0.18142,0,-0.10935,-0.65945,0.73194,1.02465,-0.1748,0.32495,-0.03995,0.04588,0.5892,-1.15364,0.99843,-0.2126,0.84985,0.14739,0.38926,-0.03578,-0.02864,-0.18671,0.01506,0.02052,0.0096,0.4325,-0.01949,-0.10739,-0.15682,0.02447,-0.00666,-0.00471
66.72,0.03065,0.01256,-0.03698,-0.02761,-0.33974,-0.10418,-0.36375,0.02867,-0.03587,-0.7305,-0.19932,0,-0.07562,-0.66763,0.74865,0.98952,-0.17559,0.28564,-0.04615,0.11969,0.61545,-1.16352,0.89926,-0.14992,0.83534,0.12708,0.38347,-0.02786,-0.02504,-0.18076,0.01434,0.01885,0.00897,0.42005,-0.01511,-0.1007,-0.15106,0.02504,-0.00513,-0.00394
66.74,0.0261,0.00887,-0.03581,-0.04145,-0.33089,-0.09339,-0.35246,0.02512,-0.04147,-0.6984,-0.21512,0,-0.04877,-0.66065,0.74919,0.94958,-0.16526,0.23739,-0.05055,0.17645,0.6328,-1.14229,0.80712,-0.09094,0.78847,0.10324,0.37818,-0.01565,-0.02033,-0.16793,0.0135,0.01702,0.00827,0.4091,-0.00969,-0.09556,-0.14176,0.02522,-0.00309,-0.00287
66.76,0.02267,0.00708,-0.03464,-0.05747,-0.32617,-0.08349,-0.33235,0.02051,-0.0434,-0.65497,-0.22696,0,-0.03122,-0.64137,0.73385,0.90894,-0.14705,0.18483,-0.05177,0.21059,0.64311,-1.09213,0.731,-0.03967,0.71274,0.0773,0.37299,0.0006,-0.01378,-0.14984,0.01271,0.01502,0.00746,0.39923,-0.00368,-0.09199,-0.12933,0.02494,-0.00062,-0.00157
66.78,0.02045,0.00701,-0.03344,-0.07422,-0.32454,-0.07458,-0.30364,0.01499,-0.04151,-0.603,-0.23372,0,-0.02329,-0.61215,0.70388,0.86871,-0.12312,0.13153,-0.04945,0.22168,0.64651,-1.0176,0.67281,0.00189,0.61523,0.05092,0.3676,0.0197,-0.00525,-0.12856,0.01212,0.01285,0.00653,0.38996,0.00205,-0.09004,-0.11472,0.02426,0.00215,-9e-05
66.8,0.01948,0.0083,-0.03223,-0.08983,-0.32469,-0.06645,-0.26737,0.0087,-0.03622,-0.5444,-0.23487,0,-0.02354,-0.57504,0.66146,0.82756,-0.0948,0.08039,-0.04422,0.21357,0.64147,-0.92555,0.62874,0.03322,0.5064,0.02608,0.36182,0.03958,0.00484,-0.10661,0.0118,0.01054,0.00551,0.38084,0.0063,-0.08976,-0.09943,0.02329,0.0051,0.0015
66.82,0.01975,0.01048,-0.03107,-0.10232,-0.3252,-0.05872,-0.22513,0.00176,-0.02828,-0.4805,-0.2303,0,-0.02942,-0.5318,0.60952,0.7828,-0.06278,0.03345,-0.03718,0.19256,0.62551,-0.82377,0.59163,0.0548,0.39797,0.00475,0.35556,0.05778,0.01574,-0.08662,0.01183,0.00815,0.00443,0.37142,0.00778,-0.09118,-0.08514,0.02222,0.00805,0.00309
66.84,0.02119,0.01314,-0.02997,-0.11013,-0.32474,-0.05102,-0.17856,-0.00571,-0.01856,-0.41229,-0.22019,0,-0.03807,-0.48399,0.55146,0.73174,-0.02741,-0.0087,-0.0294,0.16496,0.59625,-0.71884,0.55422,0.06772,0.29941,-0.01165,0.34863,0.07224,0.02674,-0.0707,0.01222,0.00573,0.00331,0.36123,0.00559,-0.09413,-0.07329,0.02122,0.01087,0.0046
66.86,0.02368,0.01591,-0.02892,-0.11239,-0.32221,-0.04309,-0.12927,-0.01355,-0.00781,-0.3408,-0.20495,0,-0.04688,-0.4332,0.4911,0.67276,0.01099,-0.04706,-0.02149,0.13553,0.55239,-0.61504,0.51133,0.07339,0.21587,-0.02264,0.34072,0.0818,0.03741,-0.06007,0.013,0.00332,0.00218,0.34974,-0.00049,-0.09819,-0.06468,0.02041,0.01341,0.00595
66.88,0.02698,0.01854,-0.02784,-0.10902,-0.31679,-0.0349,-0.07909,-0.02148,0.00322,-0.2678,-0.18528,0,-0.05357,-0.38148,0.43322,0.60608,0.05176,-0.08405,-0.01362,0.1073,0.49414,-0.51488,0.46086,0.07341,0.14832,-0.02865,0.33144,0.08623,0.04755,-0.05507,0.01413,0.00093,0.00106,0.33645,-0.00982,-0.10255,-0.0595,0.01986,0.01552,0.00707
66.9,0.0308,0.02082,-0.02665,-0.10059,-0.30793,-0.02671,-0.03041,-0.02906,0.01375,-0.19613,-0.16224,0,-0.05605,-0.33159,0.38379,0.53391,0.09369,-0.12307,-0.00557,0.08189,0.42338,-0.41994,0.4037,0.06944,0.0946,-0.03083,0.32038,0.08608,0.05706,-0.05531,0.01558,-0.00138,-2e-05,0.32101,-0.02103,-0.10612,-0.05746,0.01958,0.01705,0.00786
66.92,0.03478,0.0226,-0.02521,-0.0881,-0.29534,-0.01888,0.01421,-0.03579,0.02306,-0.12912,-0.13707,0,-0.0525,-0.28676,0.3494,0.45962,0.13548,-0.16802,0.00309,0.05992,0.34312,-0.33122,0.34268,0.06303,0.05085,-0.03067,0.30715,0.08234,0.06594,-0.05989,0.01726,-0.00356,-0.00103,0.30318,-0.03238,-0.10773,-0.05791,0.01955,0.01783,0.00825
66.94,0.03858,0.02377,-0.02346,-0.07265,-0.27895,-0.01179,0.05271,-0.04123,0.03059,-0.06948,-0.11095,0,-0.0413,-0.24996,0.33614,0.38631,0.17634,-0.22278,0.01277,0.04146,0.25654,-0.2492,0.2808,0.05544,0.01307,-0.0295,0.29141,0.0761,0.07412,-0.06762,0.01907,-0.00556,-0.00194,0.2828,-0.04235,-0.10648,-0.06005,0.01972,0.01777,0.0082
66.96,0.04189,0.0243,-0.02133,-0.05528,-0.25893,-0.00567,0.08397,-0.0451,0.03607,-0.01862,-0.0848,0,-0.02122,-0.22353,0.34873,0.31602,0.21645,-0.2907,0.02372,0.02635,0.16668,-0.17402,0.2202,0.04753,-0.02165,-0.02819,0.27296,0.06826,0.08147,-0.07718,0.02091,-0.00732,-0.00274,0.2599,-0.05,-0.10204,-0.06301,0.01996,0.01688,0.0077
66.98,0.04446,0.02422,-0.01885,-0.03706,-0.23586,-0.00062,0.10762,-0.04724,0.03946,0.02307,-0.05954,0,0.00853,-0.20935,0.39041,0.25009,0.25668,-0.37397,0.0359,0.01446,0.07698,-0.10615,0.16238,0.0398,-0.05457,-0.02706,0.25186,0.05955,0.08766,-0.08706,0.02263,-0.0088,-0.00341,0.23478,-0.05503,-0.09468,-0.06588,0.02013,0.01525,0.00684
67,0.04601,0.02358,-0.01612,-0.01918,-0.21078,0.00327,0.1237,-0.04763,0.04087,0.05572,-0.03621,0,0.04804,-0.20887,0.4625,0.1897,0.29809,-0.47296,0.04892,0.00579,-0.00815,-0.047,0.10864,0.03244,-0.08523,-0.02594,0.22855,0.05061,0.09218,-0.09555,0.02404,-0.00994,-0.00392,0.20822,-0.05762,-0.08528,-0.06769,0.02001,0.01312,0.00573
67.02,0.04631,0.02249,-0.01328,-0.00281,-0.18498,0.00602,0.13257,-0.04629,0.04055,0.07983,-0.01585,0,0.09633,-0.22244,0.56312,0.13589,0.34106,-0.5852,0.06202,0.00051,-0.08395,0.00124,0.06012,0.02548,-0.11227,-0.02438,0.2037,0.04193,0.09446,-0.10098,0.02497,-0.01067,-0.00426,0.1812,-0.05827,-0.07497,-0.06754,0.01941,0.01075,0.00452
67.04,0.0452,0.02101,-0.01046,0.01113,-0.1595,0.00768,0.13479,-0.04332,0.03878,0.09614,0.00075,0,0.1508,-0.24808,0.68512,0.08924,0.38413,-0.70432,0.07418,-0.00111,-0.14653,0.03608,0.0175,0.01892,-0.13477,-0.02191,0.17792,0.03391,0.09412,-0.10208,0.02526,-0.01094,-0.0044,0.15455,-0.0575,-0.06479,-0.06479,0.01819,0.00838,0.00334
67.06,0.04263,0.01922,-0.00777,0.02213,-0.13497,0.00844,0.13112,-0.0389,0.03588,0.10563,0.01324,0,0.20671,-0.28057,0.81425,0.04979,0.42318,-0.81884,0.08414,0.00129,-0.1936,0.05505,-0.01912,0.0128,-0.15311,-0.0182,0.15163,0.02681,0.09114,-0.09822,0.02485,-0.01076,-0.00437,0.12879,-0.05574,-0.05534,-0.05923,0.01629,0.00618,0.00228
67.08,0.03869,0.01715,-0.00527,0.03006,-0.11169,0.00856,0.12248,-0.03331,0.03216,0.10936,0.02162,0,0.25657,-0.31094,0.9276,0.0173,0.45081,-0.91093,0.09029,0.00812,-0.22418,0.05557,-0.04987,0.00729,-0.16904,-0.0132,0.12528,0.0208,0.08594,-0.08952,0.02376,-0.0102,-0.00418,0.10422,-0.05324,-0.04684,-0.05107,0.01379,0.00424,0.00139
67.1,0.03363,0.01485,-0.00305,0.03498,-0.08988,0.00838,0.11,-0.02694,0.02801,0.1084,0.02612,0,0.29044,-0.32709,0.99478,-0.00839,0.45679,-0.95714,0.09072,0.01983,-0.23818,0.03479,-0.07488,0.00274,-0.1854,-0.00707,0.09946,0.01608,0.07932,-0.07679,0.02209,-0.00934,-0.00387,0.08117,-0.05014,-0.03922,-0.041,0.01089,0.00263,0.00068
67.12,0.02775,0.01239,-0.00117,0.03714,-0.06967,0.00825,0.09481,-0.02025,0.02377,0.10372,0.02713,0,0.29844,-0.31692,0.98572,-0.02743,0.4308,-0.93457,0.08363,0.03692,-0.236,-0.01017,-0.09426,-0.00042,-0.20563,-0.00013,0.07486,0.01279,0.07226,-0.06122,0.02,-0.00832,-0.00347,0.05996,-0.04647,-0.03224,-0.02996,0.00783,0.00135,0.00016
67.14,0.02136,0.00979,0.00034,0.03688,-0.05103,0.00845,0.07794,-0.01362,0.01971,0.09616,0.02512,0,0.27479,-0.27311,0.88282,-0.04026,0.36671,-0.8305,0.06807,0.05982,-0.21838,-0.08171,-0.10828,-0.00182,-0.23313,0.00734,0.05198,0.01098,0.06557,-0.04403,0.01762,-0.00723,-0.00304,0.04072,-0.04223,-0.0256,-0.01881,0.00484,0.0004,-0.00019
67.16,0.01471,0.00709,0.00152,0.03463,-0.03378,0.00912,0.06019,-0.00732,0.01592,0.08642,0.02067,0,0.22079,-0.1966,0.68988,-0.04777,0.26583,-0.64956,0.04447,0.08885,-0.18634,-0.18107,-0.11754,-0.00121,-0.27069,0.01512,0.03103,0.01056,0.05975,-0.02622,0.01506,-0.00616,-0.00261,0.02341,-0.03739,-0.01909,-0.00815,0.00206,-0.00027,-0.00041
67.18,0.00807,0.00435,0.00242,0.0309,-0.01774,0.01029,0.04231,-0.00155,0.01241,0.07511,0.0145,0,0.14589,-0.09806,0.43568,-0.05126,0.13843,-0.4168,0.01494,0.12393,-0.14141,-0.30756,-0.12289,0.00147,-0.32018,0.02309,0.01206,0.01129,0.05491,-0.0087,0.01239,-0.00514,-0.00218,0.00787,-0.03202,-0.01258,0.00159,-0.00042,-0.00071,-0.00052
67.2,0.00172,0.00164,0.00317,0.02626,-0.00283,0.01182,0.02508,0.00352,0.00909,0.06286,0.00741,0,0.0667,0.00324,0.17115,-0.05233,0.00304,-0.17554,-0.01681,0.16431,-0.08585,-0.45762,-0.12527,0.00613,-0.38202,0.03111,-0.00485,0.01282,0.05093,0.00764,0.00968,-0.00422,-0.00179,-0.00602,-0.02621,-0.00616,0.01015,-0.00259,-0.001,-0.00057
67.22,-0.00406,-0.00094,0.00387,0.0213,0.01093,0.0135,0.00925,0.00776,0.00582,0.05022,0.00024,0,0.00228,0.08502,-0.04517,-0.05262,-0.11839,0.02469,-0.04634,0.20832,-0.02291,-0.62379,-0.1257,0.01246,-0.45441,0.03896,-0.01963,0.01474,0.04748,0.02199,0.007,-0.0034,-0.00143,-0.01831,-0.02014,-1e-05,0.01733,-0.00444,-0.00121,-0.00058
67.24,-0.00905,-0.00331,0.00462,0.01652,0.02356,0.01516,-0.00465,0.0111,0.00249,0.03766,-0.00633,0,-0.03298,0.13063,-0.16923,-0.05351,-0.20803,0.14647,-0.06987,0.25299,0.04287,-0.79365,-0.12511,0.01989,-0.53226,0.04627,-0.03233,0.01666,0.04422,0.03379,0.00439,-0.00267,-0.00113,-0.02913,-0.01398,0.0057,0.02307,-0.006,-0.00141,-0.0006
67.26,-0.01313,-0.00542,0.00549,0.01224,0.03515,0.01664,-0.01638,0.01353,-0.00097,0.02549,-0.01186,0,-0.03416,0.13479,-0.1864,-0.05596,-0.25706,0.17681,-0.08517,0.29371,0.10524,-0.94843,-0.12431,0.02751,-0.60617,0.05248,-0.04316,0.01828,0.0408,0.04282,0.0019,-0.00204,-0.00087,-0.0387,-0.00789,0.01082,0.02745,-0.00729,-0.00163,-0.00063
67.28,-0.01629,-0.00723,0.00651,0.00868,0.0458,0.01788,-0.02593,0.01512,-0.00453,0.014,-0.01613,0,-0.00702,0.10502,-0.11498,-0.06036,-0.26648,0.12992,-0.0916,0.32379,0.15566,-1.0614,-0.12402,0.03402,-0.66157,0.05676,-0.05238,0.0194,0.037,0.04918,-0.00045,-0.00149,-0.00066,-0.04725,-0.00202,0.01526,0.03062,-0.00835,-0.0019,-0.0007
67.3,-0.01855,-0.00874,0.00767,0.00595,0.05553,0.01886,-0.03338,0.01594,-0.00807,0.00351,-0.01909,0,0.03361,0.05969,-0.00122,-0.06666,-0.24547,0.04303,-0.08988,0.33469,0.18341,-1.09878,-0.1248,0.03771,-0.67943,0.05803,-0.06029,0.01985,0.03266,0.05316,-0.00257,-0.00101,-0.00048,-0.05499,0.00336,0.01889,0.0328,-0.00919,-0.00221,-0.00079
67.32,-0.01995,-0.00991,0.00891,0.00407,0.06427,0.01959,-0.03891,0.01609,-0.01142,-0.00567,-0.02079,0,0.06911,0.02156,0.09711,-0.07447,-0.20705,-0.03707,-0.08156,0.31814,0.17817,-1.02806,-0.12713,0.03676,-0.64111,0.05527,-0.06712,0.01956,0.02777,0.05517,-0.00441,-0.00061,-0.00034,-0.06206,0.00799,0.02158,0.03421,-0.00982,-0.00254,-0.00089
67.34,-0.02058,-0.01075,0.01017,0.00305,0.07202,0.02011,-0.04277,0.01567,-0.01439,-0.01332,-0.02141,0,0.0847,0.0085,0.13438,-0.08335,-0.16239,-0.07324,-0.06839,0.26958,0.13399,-0.83102,-0.13142,0.02968,-0.53593,0.04795,-0.07311,0.01852,0.02238,0.05561,-0.00591,-0.00028,-0.00023,-0.06861,0.01162,0.02322,0.03507,-0.01023,-0.00286,-0.00098
67.36,-0.02055,-0.01129,0.01141,0.00281,0.07885,0.0205,-0.04526,0.01479,-0.01688,-0.01943,-0.02118,0,0.07468,0.02712,0.09327,-0.09291,-0.11688,-0.05112,-0.05198,0.19064,0.05233,-0.51375,-0.13795,0.01564,-0.36692,0.03648,-0.07851,0.01677,0.01661,0.05489,-0.00707,-0,-0.00014,-0.07483,0.01411,0.02376,0.03558,-0.01045,-0.00316,-0.00107
67.38,-0.02,-0.01157,0.01257,0.00323,0.08487,0.02087,-0.04676,0.01352,-0.01885,-0.0241,-0.02041,0,0.04383,0.07098,-0.01078,-0.10285,-0.06953,0.01737,-0.03375,0.09036,-0.05667,-0.11119,-0.14687,-0.00532,-0.15334,0.02228,-0.0835,0.01446,0.01074,0.05334,-0.00792,0.00023,-6e-05,-0.08087,0.01535,0.02314,0.03589,-0.01051,-0.00339,-0.00113
67.4,-0.01909,-0.01165,0.0136,0.00419,0.09015,0.02131,-0.04763,0.01197,-0.02026,-0.02755,-0.01945,0,0.00598,0.12237,-0.13401,-0.11283,-0.0142,0.0976,-0.01513,-0.01538,-0.17488,0.31483,-0.15813,-0.03236,0.07048,0.00778,-0.0882,0.01183,0.00518,0.05126,-0.00852,0.00042,-0,-0.08684,0.0153,0.02139,0.03613,-0.01043,-0.00354,-0.00116
67.42,-0.01797,-0.0116,0.01444,0.00551,0.09474,0.02194,-0.04823,0.01025,-0.02113,-0.02998,-0.01867,0,-0.02106,0.15868,-0.22029,-0.12248,0.05702,0.14521,0.00257,-0.10768,-0.2806,0.69054,-0.17153,-0.06421,0.26355,-0.0042,-0.09261,0.00914,0.00041,0.04892,-0.00893,0.00057,4e-05,-0.09274,0.01395,0.01851,0.0364,-0.01024,-0.00357,-0.00115
67.44,-0.01677,-0.01149,0.01503,0.00706,0.09862,0.02284,-0.04879,0.00842,-0.02148,-0.0316,-0.01834,0,-0.0229,0.16183,-0.22466,-0.13153,0.14908,0.125,0.01828,-0.1707,-0.35534,0.95337,-0.18669,-0.09978,0.39121,-0.01129,-0.09666,0.00664,-0.00316,0.04651,-0.00922,0.0007,8e-05,-0.09849,0.01134,0.01457,0.03675,-0.00998,-0.00347,-0.00109
67.46,-0.01559,-0.01132,0.01537,0.00869,0.10173,0.02401,-0.04939,0.00658,-0.02138,-0.0326,-0.01859,0,0.00629,0.12477,-0.12955,-0.13973,0.26037,0.02416,0.0312,-0.1955,-0.3883,1.06709,-0.20304,-0.13849,0.43375,-0.01219,-0.10023,0.00451,-0.00528,0.04421,-0.00945,0.0008,0.00011,-0.10391,0.00756,0.00969,0.0372,-0.00966,-0.00324,-0.00098
67.48,-0.01449,-0.01113,0.01547,0.01031,0.10391,0.0254,-0.04998,0.00478,-0.02092,-0.03306,-0.01942,0,0.06229,0.05333,0.05052,-0.14688,0.38096,-0.14378,0.04072,-0.18082,-0.3771,1.02445,-0.21968,-0.18002,0.38801,-0.00675,-0.10306,0.00288,-0.00588,0.04212,-0.00964,0.00088,0.00012,-0.10869,0.00284,0.00408,0.03773,-0.00928,-0.00289,-0.00084
67.5,-0.01348,-0.01088,0.01534,0.01179,0.10491,0.0269,-0.05035,0.00313,-0.02023,-0.03304,-0.02066,0,0.13193,-0.03514,0.27241,-0.15271,0.49306,-0.34167,0.04633,-0.13212,-0.32676,0.84351,-0.23534,-0.22402,0.26545,0.00412,-0.10482,0.00183,-0.00501,0.04038,-0.00982,0.00093,0.00012,-0.11236,-0.00251,-0.00196,0.03829,-0.00886,-0.00247,-0.00068
67.52,-0.01259,-0.01057,0.01503,0.01302,0.10448,0.02833,-0.05023,0.0017,-0.01945,-0.03253,-0.0221,0,0.19749,-0.11749,0.47848,-0.15697,0.57555,-0.52055,0.04765,-0.05921,-0.24726,0.5594,-0.24861,-0.26986,0.08733,0.01884,-0.10513,0.00143,-0.00283,0.03909,-0.00998,0.00096,0.0001,-0.11439,-0.00811,-0.00802,0.03879,-0.0084,-0.002,-0.0005
67.54,-0.0118,-0.01017,0.01458,0.01392,0.10243,0.02956,-0.04939,0.00055,-0.01867,-0.03154,-0.02348,0,0.24313,-0.17303,0.61736,-0.1596,0.61116,-0.63718,0.04452,0.02685,-0.15042,0.21345,-0.25841,-0.31655,-0.12176,0.03563,-0.10373,0.00171,0.0005,0.03835,-0.01015,0.00095,6e-05,-0.11442,-0.01362,-0.01379,0.03915,-0.00789,-0.00154,-0.00034
67.56,-0.01109,-0.00966,0.01402,0.01441,0.0988,0.03049,-0.04775,-0.0003,-0.01798,-0.03014,-0.02464,0,0.25924,-0.18915,0.65793,-0.16074,0.59133,-0.66576,0.03717,0.11554,-0.04807,-0.15281,-0.26425,-0.36245,-0.33753,0.05279,-0.10062,0.0027,0.0048,0.03821,-0.01032,0.0009,1e-05,-0.11235,-0.01873,-0.01899,0.03933,-0.00737,-0.00109,-0.00018
67.58,-0.01044,-0.00906,0.01338,0.01445,0.09383,0.03109,-0.04536,-0.00088,-0.0174,-0.02845,-0.02542,0,0.24332,-0.16254,0.59226,-0.16082,0.51748,-0.60049,0.02623,0.19672,0.04762,-0.49653,-0.26624,-0.40491,-0.5353,0.06867,-0.09604,0.00438,0.00987,0.03872,-0.01052,0.00083,-7e-05,-0.10843,-0.0232,-0.02346,0.03929,-0.00684,-0.00067,-2e-05
67.6,-0.00981,-0.00839,0.01271,0.01402,0.08802,0.03134,-0.04245,-0.00126,-0.01692,-0.02663,-0.02573,0,0.1992,-0.09813,0.43314,-0.16045,0.40006,-0.45347,0.01276,0.26022,0.12389,-0.77246,-0.26497,-0.43996,-0.68928,0.08157,-0.09053,0.00674,0.01544,0.03989,-0.01076,0.00074,-0.00016,-0.10317,-0.02678,-0.02702,0.039,-0.00636,-0.00028,0.00013
67.62,-0.00918,-0.00769,0.01203,0.0131,0.08197,0.03127,-0.03934,-0.00149,-0.01654,-0.02484,-0.02548,0,0.13493,-0.0066,0.20752,-0.16019,0.25529,-0.24882,-0.00196,0.29709,0.16917,-0.93921,-0.26112,-0.46281,-0.77585,0.08988,-0.08472,0.00971,0.02122,0.04169,-0.01106,0.00064,-0.00026,-0.09725,-0.02926,-0.02959,0.03846,-0.00597,0.00011,0.0003
67.64,-0.00852,-0.00699,0.01137,0.01168,0.07619,0.03089,-0.03635,-0.00163,-0.01624,-0.02311,-0.02454,0,0.05995,0.0992,-0.05251,-0.16028,0.10054,-0.01471,-0.0167,0.30178,0.17631,-0.9704,-0.25505,-0.46864,-0.77966,0.09246,-0.07914,0.01323,0.02694,0.04402,-0.0114,0.00053,-0.00037,-0.09123,-0.03053,-0.03123,0.03762,-0.0057,0.0005,0.00048
67.66,-0.00783,-0.00631,0.01071,0.00975,0.07097,0.0302,-0.03374,-0.00167,-0.01599,-0.02128,-0.02274,0,-0.01655,0.20621,-0.31481,-0.16042,-0.0483,0.22119,-0.03046,0.27377,0.14487,-0.86252,-0.24647,-0.45325,-0.69799,0.08886,-0.07408,0.01719,0.03232,0.04668,-0.01173,0.00041,-0.00048,-0.08543,-0.03066,-0.03221,0.03643,-0.00558,0.0009,0.0007
67.68,-0.00714,-0.00565,0.01005,0.00732,0.06645,0.02917,-0.03177,-0.00157,-0.0158,-0.01897,-0.01984,0,-0.0855,0.30089,-0.54661,-0.1597,-0.17636,0.43113,-0.0424,0.21808,0.08179,-0.63731,-0.23441,-0.4132,-0.54214,0.07937,-0.06964,0.02147,0.03709,0.04934,-0.01196,0.00026,-0.00059,-0.07996,-0.02988,-0.03304,0.03482,-0.00562,0.00132,0.00094
67.7,-0.00648,-0.00504,0.00936,0.00442,0.06261,0.02779,-0.03065,-0.00126,-0.01566,-0.01563,-0.01561,0,-0.13778,0.36898,-0.71389,-0.1566,-0.26918,0.58667,-0.0517,0.14467,0.00074,-0.33932,-0.2173,-0.34613,-0.33629,0.06499,-0.06569,0.02585,0.04091,0.05151,-0.01194,7e-05,-0.00071,-0.07473,-0.02856,-0.03438,0.03271,-0.00581,0.00175,0.0012
67.72,-0.00591,-0.00447,0.00862,0.00111,0.05925,0.026,-0.03059,-0.00063,-0.01558,-0.01047,-0.00972,0,-0.16582,0.39762,-0.78698,-0.14888,-0.31503,0.66341,-0.05766,0.06601,-0.08078,-0.02533,-0.19275,-0.25141,-0.11176,0.04725,-0.0619,0.03011,0.04346,0.05248,-0.01148,-0.0002,-0.00084,-0.06946,-0.0271,-0.03691,0.02997,-0.00612,0.00218,0.00148
67.74,-0.00546,-0.00397,0.0078,-0.0026,0.05601,0.02374,-0.03182,0.00041,-0.01551,-0.00245,-0.00176,0,-0.16637,0.37916,-0.75015,-0.13351,-0.30905,0.64904,-0.05976,-0.00666,-0.14572,0.25108,-0.15736,-0.13138,0.10145,0.02789,-0.05767,0.0341,0.0445,0.05126,-0.01033,-0.0006,-0.00098,-0.0636,-0.02579,-0.04116,0.02639,-0.00652,0.00262,0.00175
67.76,-0.00515,-0.00357,0.0069,-0.00672,0.05233,0.02095,-0.03454,0.00189,-0.01534,0.00973,0.00876,0,-0.14247,0.3139,-0.60855,-0.10662,-0.25632,0.54926,-0.05778,-0.06557,-0.18022,0.44929,-0.1067,0.00743,0.27971,0.00878,-0.05206,0.03782,0.04399,0.04657,-0.00815,-0.00122,-0.00118,-0.05639,-0.02472,-0.04733,0.02166,-0.00696,0.00304,0.00201
67.78,-0.00499,-0.0033,0.00593,-0.01126,0.04744,0.01755,-0.03894,0.00381,-0.01489,0.02758,0.02234,0,-0.10404,0.21116,-0.39086,-0.06369,-0.17286,0.38979,-0.05182,-0.10651,-0.17393,0.54232,-0.0356,0.15296,0.40562,-0.00801,-0.04389,0.04135,0.04205,0.0368,-0.00458,-0.00217,-0.00148,-0.04683,-0.02374,-0.05521,0.01541,-0.00736,0.00346,0.00226
67.8,-0.00493,-0.00324,0.00492,-0.01623,0.04045,0.0135,-0.04518,0.00608,-0.01393,0.05263,0.0394,0,-0.06704,0.08829,-0.14651,0.00023,-0.08413,0.21378,-0.04228,-0.12827,-0.11972,0.51509,0.06135,0.28752,0.46665,-0.02009,-0.03173,0.04488,0.03899,0.0201,0.00079,-0.00358,-0.00191,-0.03379,-0.02252,-0.06421,0.00721,-0.00764,0.00386,0.00248
67.82,-0.00494,-0.00343,0.00391,-0.02163,0.03032,0.00879,-0.05335,0.00854,-0.01212,0.08617,0.06033,0,-0.04952,-0.03421,0.06698,0.09016,-0.01853,0.07029,-0.0298,-0.13225,-0.01403,0.36452,0.18932,0.39096,0.45573,-0.02522,-0.01402,0.04862,0.0352,-0.00551,0.00837,-0.00558,-0.00255,-0.01603,-0.02063,-0.07355,-0.00332,-0.0077,0.00423,0.00267
67.84,-0.00495,-0.00396,0.00298,-0.02752,0.01593,0.00341,-0.06342,0.01096,-0.00903,0.12883,0.08545,0,-0.06604,-0.13998,0.20315,0.21074,0.00235,-0.00276,-0.01518,-0.12234,0.14226,0.10122,0.3526,0.44604,0.37312,-0.02192,0.01082,0.05282,0.03101,-0.04194,0.01853,-0.00827,-0.00342,0.00769,-0.01769,-0.08255,-0.01652,-0.00745,0.00458,0.00281
67.86,-0.00489,-0.00485,0.00219,-0.03402,-0.00384,-0.00262,-0.07527,0.01301,-0.00409,0.18018,0.11499,0,-0.12356,-0.22157,0.23928,0.36543,-0.02957,0.00974,0.00066,-0.10487,0.34256,-0.24818,0.55349,0.44204,0.2283,-0.00997,0.04423,0.05768,0.02666,-0.0908,0.03151,-0.01173,-0.00456,0.03853,-0.01343,-0.0909,-0.03259,-0.00683,0.00489,0.00291
67.88,-0.00468,-0.00613,0.00163,-0.0413,-0.03,-0.00923,-0.08849,0.01426,0.00332,0.23824,0.14881,0,-0.22014,-0.28092,0.17924,0.55528,-0.10707,0.09728,0.0165,-0.08873,0.57289,-0.63799,0.79073,0.3755,0.04131,0.0094,0.08723,0.06338,0.02229,-0.15295,0.04738,-0.01593,-0.00595,0.0773,-0.00782,-0.09854,-0.05149,-0.00583,0.00517,0.00297
67.9,-0.00422,-0.00776,0.00139,-0.04947,-0.06327,-0.01622,-0.10242,0.01418,0.01384,0.29929,0.18625,0,-0.34549,-0.32747,0.04976,0.77805,-0.20933,0.22687,0.03083,-0.08489,0.8116,-1.0045,1.05847,0.24958,-0.15817,0.03361,0.14019,0.06996,0.01798,-0.22817,0.06586,-0.02077,-0.00753,0.12426,-0.00101,-0.10562,-0.07277,-0.00447,0.00543,0.00297
67.92,-0.00339,-0.00966,0.00156,-0.05855,-0.10397,-0.02333,-0.1164,0.01224,0.02795,0.35853,0.22607,0,-0.48425,-0.37367,-0.11063,1.02876,-0.30872,0.35438,0.04208,-0.10408,1.03336,-1.2783,1.34775,0.07244,-0.33743,0.05938,0.20269,0.07722,0.01364,-0.31492,0.08638,-0.02605,-0.00924,0.17903,0.00674,-0.11228,-0.09567,-0.00278,0.00564,0.00292
67.94,-0.0021,-0.01166,0.00213,-0.0684,-0.15196,-0.03024,-0.13013,0.00812,0.04565,0.41129,0.26658,0,-0.62081,-0.4288,-0.26737,1.30115,-0.3806,0.44061,0.04907,-0.15335,1.21596,-1.4042,1.64956,-0.145,-0.47103,0.08372,0.27352,0.0846,0.00887,-0.41014,0.10809,-0.03151,-0.01096,0.24064,0.01518,-0.11837,-0.11921,-0.00082,0.00577,0.0028
67.96,-0.00022,-0.01345,0.00304,-0.07867,-0.20642,-0.03664,-0.14396,0.00183,0.06628,0.4536,0.30555,0,-0.74219,-0.49466,-0.40003,1.58765,-0.40985,0.46227,0.05133,-0.23342,1.34438,-1.35469,1.95576,-0.38962,-0.54755,0.10447,0.35032,0.09106,0.00294,-0.50888,0.12983,-0.03679,-0.01259,0.30734,0.02413,-0.12332,-0.1422,0.00136,0.00574,0.00256
67.98,0.00231,-0.01461,0.00407,-0.08867,-0.26534,-0.04214,-0.15883,-0.0062,0.08826,0.48205,0.33989,0,-0.83779,-0.56385,-0.504,1.87728,-0.39228,0.41438,0.0491,-0.33751,1.41072,-1.13326,2.25712,-0.64458,-0.5705,0.12032,0.42901,0.09495,-0.00527,-0.60335,0.1499,-0.04146,-0.01398,0.37602,0.03347,-0.12598,-0.16306,0.00369,0.00544,0.00215
68,0.00554,-0.01458,0.00493,-0.09737,-0.32539,-0.04625,-0.17609,-0.01514,0.1091,0.49358,0.36559,0,-0.89835,-0.62064,-0.58761,2.15433,-0.33306,0.30805,0.04325,-0.45161,1.41262,-0.77115,2.54147,-0.88838,-0.556,0.13057,0.50353,0.09413,-0.01708,-0.68282,0.16608,-0.04492,-0.01495,0.44202,0.04303,-0.12475,-0.17974,0.00608,0.00471,0.00149
68.02,0.00946,-0.0128,0.00529,-0.10363,-0.38261,-0.04854,-0.19717,-0.02396,0.12605,0.48609,0.37847,0,-0.91552,-0.64567,-0.66578,2.40129,-0.24266,0.16366,0.03495,-0.55728,1.3517,-0.31643,2.79555,-1.09821,-0.52677,0.13497,0.56715,0.08644,-0.03372,-0.73586,0.176,-0.04659,-0.01533,0.50009,0.05259,-0.11794,-0.19014,0.00843,0.00341,0.00052
68.04,0.01402,-0.00893,0.00489,-0.10656,-0.43374,-0.04874,-0.22328,-0.03172,0.13698,0.45958,0.37558,0,-0.8821,-0.62312,-0.75147,2.60457,-0.13111,0.00125,0.02514,-0.63608,1.23224,0.18155,3.00916,-1.25599,-0.50389,0.13355,0.61475,0.07044,-0.05584,-0.75406,0.17795,-0.04602,-0.01498,0.54623,0.06191,-0.10447,-0.1929,0.01066,0.00147,-0.00079
68.06,0.01907,-0.00297,0.00366,-0.10577,-0.47692,-0.04697,-0.25497,-0.03776,0.14107,0.41709,0.3562,0,-0.7924,-0.54588,-0.84953,2.75782,-0.0046,-0.16536,0.01432,-0.67236,1.06088,0.68091,3.17749,-1.35205,-0.50134,0.12654,0.64427,0.04599,-0.08312,-0.73467,0.17138,-0.0431,-0.01387,0.57874,0.07067,-0.08432,-0.18783,0.01274,-0.00109,-0.00242
68.08,0.02431,0.00465,0.0017,-0.10146,-0.51158,-0.04373,-0.2919,-0.04172,0.13892,0.36525,0.32218,0,-0.64275,-0.41728,-0.95438,2.86152,0.13458,-0.32897,0.00251,-0.65357,0.84756,1.14585,3.30023,-1.38523,-0.52457,0.11443,0.65678,0.01457,-0.11396,-0.68129,0.15708,-0.03805,-0.01207,0.59822,0.07844,-0.05884,-0.17613,0.0147,-0.00412,-0.00425
68.1,0.02935,0.01308,-0.00073,-0.09431,-0.53794,-0.03985,-0.33268,-0.04343,0.13229,0.31392,0.27769,0,-0.43202,-0.25032,-1.05056,2.92095,0.2867,-0.4872,-0.01059,-0.56996,0.6061,1.54325,3.37979,-1.36127,-0.57147,0.09794,0.65586,-0.02076,-0.14548,-0.60318,0.13701,-0.03141,-0.00975,0.60704,0.08463,-0.03065,-0.16017,0.01658,-0.0073,-0.00611
68.12,0.03369,0.02126,-0.00325,-0.08529,-0.55661,-0.03627,-0.37543,-0.04286,0.12358,0.27406,0.228,0,-0.16144,-0.06333,-1.11756,2.94392,0.45316,-0.64077,-0.02544,-0.4149,0.35191,1.84444,3.41986,-1.29059,-0.63524,0.078,0.64633,-0.05613,-0.1741,-0.51252,0.11378,-0.02393,-0.00714,0.60841,0.08858,-0.00294,-0.14295,0.01841,-0.01024,-0.00774
68.14,0.03696,0.02827,-0.00557,-0.07524,-0.56823,-0.03374,-0.41866,-0.04012,0.11494,0.25432,0.17757,0,0.16565,0.12649,-1.13717,2.93822,0.63483,-0.79176,-0.04235,-0.18601,0.098,2.03039,3.42435,-1.18577,-0.70864,0.05569,0.63256,-0.0881,-0.19655,-0.42055,0.08976,-0.01628,-0.00444,0.60519,0.08985,0.02163,-0.12706,0.02027,-0.01255,-0.00889
68.16,0.03899,0.03352,-0.00749,-0.06474,-0.5732,-0.03256,-0.46173,-0.03533,0.10778,0.25882,0.129,0,0.54278,0.30684,-1.09861,2.9101,0.83036,-0.94191,-0.06128,0.11322,-0.14687,2.09503,3.39672,-1.06023,-0.78647,0.03228,0.61742,-0.11433,-0.21051,-0.33522,0.06663,-0.00899,-0.00184,0.59914,0.08833,0.04168,-0.1142,0.02221,-0.01384,-0.0093
68.18,0.03981,0.03676,-0.00896,-0.05411,-0.57156,-0.03258,-0.50459,-0.02877,0.10265,0.28655,0.08311,0,0.95743,0.46991,-1.00003,2.86396,1.03428,-1.09104,-0.08164,0.47098,-0.37678,2.04507,3.33993,-0.92884,-0.86578,0.00939,0.60209,-0.1336,-0.21463,-0.26122,0.04539,-0.00242,0.00052,0.59076,0.08427,0.05705,-0.10509,0.02428,-0.01377,-0.00875
68.2,0.03959,0.03799,-0.01003,-0.0435,-0.56295,-0.03322,-0.54751,-0.02078,0.09941,0.33192,0.03939,0,1.38925,0.61086,-0.84766,2.80255,1.23635,-1.23632,-0.10226,0.86616,-0.58675,1.89792,3.25653,-0.80816,-0.94507,-0.0109,0.58632,-0.1455,-0.20837,-0.20084,0.02662,0.00313,0.00251,0.57945,0.07829,0.06858,-0.09967,0.02651,-0.01203,-0.00702
68.22,0.03861,0.03744,-0.01082,-0.03298,-0.54685,-0.03376,-0.59075,-0.01173,0.09737,0.38651,-0.00347,0,1.81349,0.7272,-0.65283,2.72726,1.42456,-1.37386,-0.12177,1.27244,-0.77256,1.67683,3.14868,-0.7143,-1.02379,-0.02641,0.56889,-0.15021,-0.19189,-0.15457,0.01059,0.00746,0.00404,0.56392,0.07112,0.07746,-0.0973,0.02889,-0.00832,-0.00388
68.24,0.03717,0.03545,-0.01143,-0.02261,-0.52283,-0.03363,-0.63458,-0.00186,0.09558,0.44158,-0.04715,0,2.20766,0.8189,-0.42759,2.63846,1.59034,-1.50157,-0.13926,1.6653,-0.93175,1.40472,3.01812,-0.65907,-1.10187,-0.03546,0.54825,-0.14826,-0.16603,-0.12153,-0.00266,0.01049,0.00504,0.54284,0.06335,0.08466,-0.09708,0.03137,-0.00238,0.00085
68.26,0.0355,0.03241,-0.0119,-0.01255,-0.49097,-0.03269,-0.67901,0.00879,0.093,0.48957,-0.09326,0,2.55484,0.8883,-0.18253,2.53607,1.73173,-1.62088,-0.15463,2.02565,-1.06385,1.101,2.86671,-0.64747,-1.17921,-0.03726,0.52301,-0.14045,-0.13238,-0.09986,-0.01318,0.01223,0.00552,0.51533,0.05525,0.09039,-0.098,0.03387,0.00596,0.0073
68.28,0.03377,0.02884,-0.01223,-0.00311,-0.45206,-0.03121,-0.72341,0.02031,0.08853,0.52408,-0.14289,0,2.8418,0.9394,0.07198,2.42042,1.85304,-1.73622,-0.16864,2.33787,-1.16932,0.78293,2.69764,-0.67723,-1.25496,-0.03202,0.49228,-0.12789,-0.09356,-0.08698,-0.02105,0.01284,0.00554,0.4813,0.04679,0.09392,-0.09899,0.03625,0.01674,0.01549
68.3,0.03214,0.02531,-0.01235,0.00518,-0.40778,-0.0299,-0.76626,0.03283,0.08112,0.53957,-0.1963,0,3.05624,0.97705,0.32431,2.29287,1.96269,-1.85346,-0.1826,2.58717,-1.24851,0.46753,2.51618,-0.73996,-1.32713,-0.02075,0.45581,-0.11192,-0.05325,-0.07991,-0.02627,0.01254,0.00521,0.44156,0.03774,0.09372,-0.09897,0.03829,0.02979,0.0253
68.32,0.03071,0.02239,-0.01217,0.0117,-0.36039,-0.02961,-0.80544,0.04646,0.06995,0.5314,-0.253,0,3.18719,1.00587,0.56265,2.15541,2.06969,-1.97762,-0.19789,2.76017,-1.30161,0.17046,2.32862,-0.82434,-1.39367,-0.00489,0.41396,-0.094,-0.01545,-0.07577,-0.02873,0.01163,0.00467,0.3976,0.0278,0.088,-0.097,0.03973,0.04456,0.03632
68.34,0.02957,0.02051,-0.01165,0.01599,-0.3121,-0.031,-0.83874,0.06118,0.05476,0.49633,-0.3121,0,3.22745,1.02918,0.77777,2.00965,2.17904,-2.11005,-0.21534,2.8478,-1.32942,-0.09695,2.14011,-0.92059,-1.45423,0.01431,0.36764,-0.07545,0.01664,-0.07222,-0.0283,0.01042,0.0041,0.35115,0.01679,0.07556,-0.09252,0.04029,0.06006,0.0478
68.36,0.02873,0.0198,-0.01085,0.01795,-0.26485,-0.03427,-0.86428,0.07682,0.0361,0.43302,-0.3724,0,3.17546,1.04819,0.96428,1.85664,2.28836,-2.24602,-0.23467,2.84725,-1.33379,-0.329,1.95378,-1.02316,-1.51126,0.03603,0.31836,-0.05728,0.04136,-0.06788,-0.02486,0.00924,0.00366,0.30406,0.00477,0.05644,-0.08554,0.03973,0.07464,0.05852
68.38,0.02822,0.02015,-0.00992,0.01781,-0.2206,-0.03906,-0.88028,0.09284,0.01552,0.34253,-0.384,-0,3.03575,1.06162,1.11941,1.69793,2.38605,-2.37312,-0.25425,2.76212,-1.31769,-0.52401,1.77188,-1.13075,-1.56985,0.05986,0.26862,-0.04037,0.05858,-0.0624,-0.0183,0.00846,0.00355,0.25863,-0.00776,0.03224,-0.07677,0.03783,0.08588,0.06666
68.4,0.02801,0.02121,-0.00913,0.01607,-0.18164,-0.04455,-0.88496,0.10834,-0.00443,0.2284,-0.384,-0,2.81855,1.06586,1.24144,1.53651,2.45196,-2.47142,-0.27118,2.60155,-1.28485,-0.68231,1.59716,-1.24481,-1.63662,0.08558,0.22207,-0.02551,0.06934,-0.05645,-0.00857,0.00846,0.00396,0.21782,-0.01992,0.00598,-0.0675,0.03445,0.09064,0.0699
68.42,0.02808,0.02253,-0.00876,0.01338,-0.15016,-0.04969,-0.87674,0.12218,-0.02088,0.09553,-0.384,-0,2.53772,1.05632,1.32941,1.37583,2.46279,-2.51832,-0.28199,2.37801,-1.23899,-0.80534,1.43247,-1.36704,-1.71702,0.11288,0.18275,-0.01331,0.07546,-0.0512,0.00434,0.00959,0.00507,0.18468,-0.03057,-0.01863,-0.0593,0.02948,0.08581,0.06593
68.44,0.0284,0.02369,-0.00904,0.01027,-0.12762,-0.0536,-0.8548,0.13335,-0.03165,-0.05161,-0.384,-0,2.20794,1.02942,1.3837,1.21787,2.40056,-2.49613,-0.2839,2.10448,-1.18274,-0.89575,1.27944,-1.49608,-1.81172,0.14111,0.15368,-0.00387,0.07904,-0.04773,0.02051,0.01211,0.00701,0.16135,-0.03874,-0.03848,-0.05346,0.02299,0.06953,0.05337
68.46,0.02894,0.02447,-0.01006,0.00704,-0.1142,-0.05585,-0.8195,0.14116,-0.03591,-0.20972,-0.384,-0,1.84403,0.98411,1.40641,1.06223,2.25887,-2.39769,-0.27563,1.79361,-1.11715,-0.9573,1.13789,-1.62489,-1.91382,0.16897,0.13599,0.00341,0.08216,-0.04658,0.03995,0.01612,0.00983,0.14838,-0.04383,-0.05182,-0.05061,0.01524,0.04201,0.03244
68.48,0.02967,0.02482,-0.01174,0.00374,-0.10887,-0.05651,-0.77276,0.14524,-0.03432,-0.3757,-0.384,-0,1.46342,0.92259,1.40113,0.90707,2.04531,-2.22819,-0.25768,1.45964,-1.04202,-0.99417,1.00688,-1.73896,-2.00724,0.19426,0.12888,0.00978,0.08678,-0.04765,0.06256,0.02152,0.01346,0.14472,-0.04562,-0.05833,-0.05068,0.00677,0.006,0.00526
68.5,0.03055,0.02486,-0.01387,0.00022,-0.10958,-0.05602,-0.71807,0.14543,-0.02881,-0.54562,-0.384,-0,1.08796,0.85011,1.37251,0.75045,1.78057,-2.00426,-0.2321,1.12008,-0.95655,-1.0104,0.88575,-1.81678,-2.06769,0.21383,0.12995,0.01697,0.09459,-0.05025,0.08786,0.02798,0.01769,0.14798,-0.04418,-0.05888,-0.053,-0.0016,-0.0334,-0.0243
68.52,0.0315,0.02478,-0.01611,-0.00372,-0.11373,-0.05505,-0.65977,0.14167,-0.02206,-0.71521,-0.384,-0,0.74102,0.77342,1.32566,0.59084,1.49212,-1.74861,-0.20182,0.79349,-0.85999,-1.00956,0.77397,-1.83507,-2.06892,0.22433,0.13583,0.02665,0.1067,-0.05338,0.11483,0.03496,0.02219,0.15496,-0.03983,-0.05505,-0.05649,-0.00893,-0.07006,-0.05157
68.54,0.03242,0.02475,-0.01816,-0.00821,-0.11859,-0.0541,-0.6019,0.13398,-0.01667,-0.88134,-0.384,-0,0.44153,0.6983,1.26552,0.42717,1.20461,-1.48198,-0.16954,0.49487,-0.75238,-0.99481,0.67031,-1.77709,-1.9924,0.22343,0.14298,0.03973,0.12313,-0.05601,0.14168,0.04175,0.02651,0.16236,-0.03301,-0.04842,-0.06003,-0.0145,-0.09875,-0.07257
68.56,0.03316,0.02478,-0.01975,-0.01315,-0.12168,-0.05336,-0.5476,0.12239,-0.0147,-1.04245,-0.384,-0,0.2007,0.62811,1.19667,0.25935,0.93429,-1.21865,-0.13716,0.23335,-0.63543,-0.96894,0.57242,-1.63877,-1.83442,0.2107,0.14821,0.05573,0.14238,-0.0573,0.16558,0.04746,0.03004,0.16722,-0.02429,-0.04023,-0.06263,-0.01798,-0.11645,-0.08505
68.58,0.03352,0.02474,-0.02067,-0.01813,-0.12076,-0.05263,-0.49937,0.10705,-0.01752,-1.134,-0.384,-0,0.02325,0.56398,1.12373,0.08971,0.68961,-0.96719,-0.10579,0.01375,-0.51362,-0.93459,0.47759,-1.4311,-1.60893,0.18789,0.14874,0.07262,0.16121,-0.05665,0.18246,0.05096,0.032,0.167,-0.01438,-0.03129,-0.06345,-0.01943,-0.12251,-0.08853
68.6,0.03322,0.02438,-0.02074,-0.02247,-0.11393,-0.0514,-0.45942,0.08828,-0.02591,-1.134,-0.34771,0,-0.09033,0.50548,1.05165,-0.07609,0.47377,-0.73274,-0.07609,-0.16117,-0.39455,-0.89433,0.38352,-1.17899,-1.34601,0.15869,0.14228,0.08689,0.1748,-0.05366,0.1871,0.05093,0.03152,0.15954,-0.00422,-0.02209,-0.06182,-0.01925,-0.11824,-0.08408
68.62,0.03201,0.02342,-0.01985,-0.02539,-0.09988,-0.04901,-0.42934,0.06653,-0.04003,-1.134,-0.27607,0,-0.14278,0.45124,0.98472,-0.23029,0.28606,-0.51795,-0.04832,-0.29014,-0.28724,-0.85038,0.28864,-0.91412,-1.08323,0.12766,0.12722,0.09456,0.178,-0.04811,0.1745,0.04623,0.02787,0.14339,0.00523,-0.01292,-0.05723,-0.01802,-0.10605,-0.07364
68.64,0.02976,0.02169,-0.01799,-0.02634,-0.07838,-0.04496,-0.40946,0.04233,-0.05947,-1.134,-0.20774,0,-0.14006,0.39943,0.92482,-0.36553,0.12256,-0.32293,-0.02231,-0.37396,-0.199,-0.80409,0.19191,-0.6642,-0.8523,0.09862,0.10317,0.09268,0.16721,-0.03999,0.14203,0.0364,0.02096,0.1182,0.0131,-0.00402,-0.04943,-0.01626,-0.08841,-0.05915
68.66,0.02651,0.01923,-0.01526,-0.02515,-0.05068,-0.03914,-0.39829,0.01631,-0.08322,-1.134,-0.14626,0,-0.09159,0.34823,0.87044,-0.47627,-0.02295,-0.1459,0.00247,-0.41585,-0.13357,-0.75583,0.09318,-0.4464,-0.67071,0.07367,0.07135,0.0804,0.14173,-0.0295,0.09098,0.02211,0.01169,0.08513,0.01882,0.00429,-0.03846,-0.01431,-0.06712,-0.04207
68.68,0.02252,0.01632,-0.01194,-0.02215,-0.01981,-0.0319,-0.39258,-0.01062,-0.10942,-1.134,-0.09431,0,-0.01047,0.29637,0.81681,-0.55819,-0.15767,0.01525,0.02672,-0.42097,-0.0912,-0.70525,-0.00609,-0.26738,-0.54107,0.05309,0.0349,0.05928,0.10433,-0.0171,0.02735,0.00537,0.00209,0.04718,0.02203,0.01149,-0.02483,-0.01233,-0.04332,-0.02337
68.7,0.01829,0.01351,-0.00844,-0.01806,0.00954,-0.02401,-0.38767,-0.0371,-0.13541,-1.134,-0.05421,0,0.08696,0.24346,0.75688,-0.6074,-0.28828,0.16172,0.0511,-0.39583,-0.0695,-0.65172,-0.10227,-0.12585,-0.45402,0.03578,-0.0012,0.03309,0.06084,-0.00362,-0.03849,-0.01058,-0.00477,0.00911,0.02259,0.01688,-0.00942,-0.01029,-0.01765,-0.00363
68.72,0.01439,0.01141,-0.00525,-0.01384,0.03208,-0.0165,-0.37844,-0.06156,-0.15823,-1.134,-0.02776,0,0.1836,0.18991,0.68326,-0.62115,-0.42016,0.29406,0.07602,-0.34757,-0.06435,-0.59449,-0.19047,-0.01567,-0.39349,0.01989,-0.03125,0.00655,0.01847,0.00994,-0.09424,-0.02194,-0.00539,-0.02362,0.02053,0.01973,0.00658,-0.00807,0.00948,0.01669
68.74,0.01131,0.01048,-0.00276,-0.01036,0.0437,-0.01026,-0.36066,-0.0827,-0.17564,-1.134,-0.01583,0,0.26534,0.13654,0.59091,-0.5993,-0.55669,0.41357,0.10162,-0.28326,-0.07098,-0.53277,-0.26626,0.07092,-0.34311,0.00374,-0.05073,-0.01631,-0.01686,0.02263,-0.12942,-0.02541,0.00328,-0.04659,0.01611,0.0196,0.02205,-0.00553,0.03768,0.03714
68.76,0.00928,0.0109,-0.00118,-0.00822,0.04261,-0.00586,-0.33197,-0.09968,-0.18661,-1.134,-0.01797,0,0.32339,0.08441,0.47926,-0.54571,-0.69845,0.52289,0.12756,-0.20978,-0.08451,-0.466,-0.32667,0.14091,-0.29083,-0.01358,-0.05742,-0.03333,-0.04217,0.03366,-0.13789,-0.01894,0.02317,-0.05756,0.00983,0.01654,0.03607,-0.00255,0.06637,0.05705
68.78,0.00831,0.01253,-0.00052,-0.00776,0.02966,-0.00353,-0.29233,-0.11209,-0.19148,-1.134,-0.03238,0,0.35435,0.0353,0.3536,-0.46876,-0.84191,0.62531,0.15282,-0.13423,-0.10007,-0.3944,-0.36993,0.19924,-0.23045,-0.03188,-0.05168,-0.04436,-0.05769,0.04236,-0.11837,-0.00191,0.05473,-0.05666,0.00254,0.01119,0.04788,0.00086,0.09443,0.07531
68.8,0.00823,0.0149,-0.00067,-0.00901,0.00797,-0.00319,-0.24395,-0.11975,-0.19161,-1.134,-0.0561,0,0.3593,-0.00814,0.22501,-0.38102,-0.97881,0.7235,0.17558,-0.06423,-0.11284,-0.31935,-0.39492,0.24837,-0.16163,-0.04989,-0.0361,-0.05087,-0.06626,0.04808,-0.07388,0.02493,0.09695,-0.04598,-0.00464,0.0047,0.05672,0.00463,0.12012,0.09037
68.82,0.00871,0.01741,-0.00139,-0.0118,-0.01806,-0.00462,-0.19046,-0.12266,-0.18888,-1.134,-0.08563,0,0.34226,-0.04291,0.10728,-0.29653,-1.09756,0.81787,0.19358,-0.00698,-0.11854,-0.24312,-0.40114,0.28881,-0.0883,-0.06568,-0.01453,-0.05522,-0.07205,0.05031,-0.01054,0.05967,0.14728,-0.02882,-0.01052,-0.00156,0.06198,0.00858,0.14137,0.10049
68.84,0.00945,0.01948,-0.00243,-0.01579,-0.04425,-0.0075,-0.13553,-0.12091,-0.18492,-1.134,-0.11781,0,0.30846,-0.06678,0.01202,-0.22675,-1.18607,0.90478,0.20478,0.03249,-0.11428,-0.1681,-0.3889,0.32013,-0.01629,-0.07743,0.0092,-0.05966,-0.0788,0.04876,0.06415,0.09967,0.20176,-0.0085,-0.01422,-0.00641,0.06333,0.01252,0.15634,0.10436
68.86,0.0102,0.02073,-0.00356,-0.02044,-0.06752,-0.01149,-0.08215,-0.11475,-0.18062,-1.06479,-0.15024,0,0.2632,-0.07899,-0.05457,-0.178,-1.23349,0.975,0.20775,0.05245,-0.09912,-0.09654,-0.35965,0.34167,0.04816,-0.08388,0.03207,-0.06558,-0.08866,0.04359,0.14216,0.14157,0.25492,0.01224,-0.01543,-0.00915,0.06086,0.01626,0.1638,0.10152
68.88,0.01075,0.02096,-0.00458,-0.02504,-0.08597,-0.01625,-0.03288,-0.10457,-0.176,-0.90954,-0.18123,0,0.21193,-0.08035,-0.09184,-0.15117,-1.23009,1.01272,0.20178,0.05451,-0.07429,-0.03106,-0.31621,0.35249,0.09825,-0.08442,0.05192,-0.07334,-0.10178,0.03537,0.21453,0.18105,0.29924,0.03134,-0.01443,-0.00957,0.05513,0.01953,0.16314,0.09242
68.9,0.011,0.02013,-0.00531,-0.02866,-0.09861,-0.0214,0.00986,-0.09095,-0.1704,-0.76305,-0.20945,0,0.16037,-0.0729,-0.10363,-0.14272,-1.16724,0.99645,0.18675,0.04307,-0.04305,0.02497,-0.26271,0.35131,0.12647,-0.07895,0.06722,-0.08229,-0.11649,0.02511,0.27127,0.21275,0.32535,0.04718,-0.01202,-0.00792,0.04712,0.02205,0.15427,0.07832
68.92,0.01088,0.01833,-0.00561,-0.03037,-0.10515,-0.02653,0.04386,-0.07461,-0.16277,-0.6289,-0.23384,0,0.11391,-0.05934,-0.09644,-0.14646,-1.03911,0.90474,0.16312,0.02397,-0.00972,0.06808,-0.20393,0.33688,0.12608,-0.06784,0.07702,-0.09117,-0.13003,0.01403,0.30287,0.23121,0.32409,0.05863,-0.00926,-0.00473,0.03798,0.02351,0.13744,0.06091
68.94,0.01036,0.01571,-0.00541,-0.02952,-0.10578,-0.03126,0.06777,-0.05631,-0.15213,-0.50902,-0.25356,0,0.07653,-0.04238,-0.07712,-0.15599,-0.84577,0.72511,0.13193,0.00272,0.02171,0.09597,-0.14417,0.3088,0.09373,-0.05185,0.08094,-0.09864,-0.1398,0.00323,0.30304,0.23245,0.28984,0.06505,-0.00705,-0.00058,0.02875,0.02371,0.1132,0.04169
68.96,0.00948,0.01247,-0.00471,-0.02592,-0.10107,-0.03527,0.08134,-0.03694,-0.13801,-0.40356,-0.26792,0,0.05012,-0.02422,-0.05149,-0.1662,-0.59609,0.46093,0.09487,-0.01664,0.04848,0.10834,-0.08675,0.26815,0.03139,-0.03218,0.07919,-0.10369,-0.1441,-0.00651,0.27065,0.21512,0.22302,0.0664,-0.00592,0.004,0.02013,0.02259,0.08234,0.02163
68.98,0.0083,0.00882,-0.0036,-0.01993,-0.09193,-0.03825,0.08538,-0.01759,-0.12055,-0.31162,-0.27623,0,0.03461,-0.00664,-0.02414,-0.17367,-0.31017,0.13502,0.0546,-0.0317,0.06902,0.10698,-0.03424,0.2179,-0.05274,-0.01059,0.07255,-0.10565,-0.14233,-0.01467,0.21037,0.1808,0.13112,0.06315,-0.00593,0.00855,0.01255,0.02026,0.04619,0.00124
69,0.00694,0.00505,-0.00226,-0.01242,-0.0796,-0.03991,0.08154,0.00033,-0.10058,-0.23216,-0.27772,0,0.02834,0.00893,0.00141,-0.17645,-0.01925,-0.21155,0.01483,-0.04142,0.08269,0.09539,0.01104,0.16294,-0.14479,0.01058,0.06233,-0.10413,-0.13477,-0.02097,0.13214,0.13385,0.02819,0.05626,-0.00679,0.01262,0.0062,0.017,0.0067,-0.01921
69.02,0.00554,0.00146,-0.00091,-0.0045,-0.06546,-0.03998,0.07191,0.01536,-0.07931,-0.16422,-0.27181,0,0.02875,0.02145,0.02259,-0.1738,0.24128,-0.52997,-0.02044,-0.04572,0.08953,0.07787,0.04723,0.10894,-0.22855,0.02883,0.05008,-0.09895,-0.12228,-0.02524,0.04874,0.08024,-0.06862,0.04695,-0.00799,0.01581,0.00113,0.0132,-0.03371,-0.03942
69.04,0.00423,-0.00168,0.00028,0.00279,-0.05076,-0.03834,0.05854,0.02642,-0.05786,-0.10656,-0.2585,0,0.03321,0.03049,0.03784,-0.16586,0.44306,-0.78023,-0.04814,-0.04516,0.09003,0.05843,0.07332,0.06057,-0.29061,0.04228,0.03729,-0.0901,-0.10575,-0.02751,-0.02786,0.02592,-0.14443,0.03642,-0.00915,0.01769,-0.00273,0.00925,-0.07261,-0.05885
69.06,0.00309,-0.00423,0.00117,0.00872,-0.03651,-0.03505,0.04322,0.03313,-0.03699,-0.05763,-0.2388,0,0.03956,0.03638,0.04652,-0.15339,0.5719,-0.94174,-0.06689,-0.04056,0.08499,0.04,0.08948,0.02048,-0.32374,0.05011,0.02515,-0.0777,-0.08586,-0.02799,-0.08871,-0.0241,-0.18996,0.02571,-0.01013,0.01787,-0.00554,0.00551,-0.10769,-0.0764
69.08,0.00217,-0.0061,0.00173,0.01289,-0.02351,-0.0304,0.02749,0.03583,-0.01723,-0.01601,-0.2149,0,0.04616,0.04014,0.04887,-0.13787,0.62845,-1.01462,-0.07702,-0.03303,0.07554,0.02443,0.09693,-0.01069,-0.32737,0.05259,0.01461,-0.06213,-0.06312,-0.02704,-0.12792,-0.06563,-0.20208,0.01573,-0.01114,0.01595,-0.0075,0.00232,-0.13656,-0.09024
69.1,0.00151,-0.00728,0.00196,0.01513,-0.01248,-0.02491,0.01275,0.0354,0.00102,0.0193,-0.19013,0,0.05191,0.04334,0.04582,-0.12138,0.6255,-1.01601,-0.08028,-0.02391,0.06307,0.01269,0.09767,-0.03376,-0.30662,0.05095,0.00649,-0.04405,-0.03807,-0.02516,-0.1422,-0.09498,-0.18286,0.00734,-0.01263,0.01155,-0.00882,4e-05,-0.15653,-0.09781
69.12,0.00111,-0.00779,0.00191,0.01545,-0.00403,-0.01922,0.00021,0.033,0.01736,0.04881,-0.16811,0,0.05606,0.04762,0.03869,-0.1062,0.58252,-0.97223,-0.07908,-0.01458,0.04907,0.00506,0.09402,-0.0504,-0.26977,0.0468,0.00139,-0.02437,-0.01142,-0.02289,-0.13093,-0.10946,-0.13826,0.00128,-0.01517,0.00439,-0.00971,-0.00099,-0.16495,-0.09617
69.14,0.00096,-0.00769,0.00165,0.01401,0.00151,-0.01386,-0.00932,0.02973,0.03152,0.07287,-0.1515,0,0.05821,0.05412,0.02887,-0.09399,0.51863,-0.90839,-0.07572,-0.00613,0.03482,0.00132,0.08801,-0.06234,-0.22488,0.04157,-0.00043,-0.00416,0.01587,-0.02068,-0.09664,-0.10834,-0.07637,-0.00201,-0.01918,-0.00563,-0.01034,-0.00046,-0.15983,-0.08282
69.16,0.00104,-0.00708,0.00123,0.01103,0.00412,-0.00922,-0.01547,0.02638,0.04333,0.09185,-0.14116,0,0.0582,0.06298,0.01762,-0.0854,0.44807,-0.84161,-0.07176,0.00074,0.02126,0.00091,0.081,-0.07088,-0.1777,0.03602,0.00089,0.01538,0.04234,-0.0188,-0.04561,-0.09357,-0.00656,-0.00244,-0.02474,-0.01826,-0.01086,0.00182,-0.1404,-0.05624
69.18,0.00131,-0.00609,0.0007,0.00686,0.00412,-0.00548,-0.01832,0.02337,0.05261,0.10596,-0.13606,0,0.05611,0.07321,0.00604,-0.07994,0.37952,-0.77972,-0.06795,0.00582,0.00904,0.00296,0.07369,-0.07668,-0.13143,0.03022,0.00471,0.03275,0.06585,-0.01736,0.01172,-0.07004,0.06025,-0.00033,-0.03153,-0.03281,-0.01136,0.00596,-0.10731,-0.01617
69.2,0.00169,-0.00491,0.0001,0.00193,0.00208,-0.00272,-0.01826,0.02085,0.0591,0.11516,-0.13355,0,0.05221,0.08272,-0.00477,-0.07624,0.317,-0.7226,-0.06432,0.0092,-0.00135,0.00635,0.06614,-0.07971,-0.08723,0.02365,0.01003,0.04611,0.08349,-0.0163,0.0612,-0.04512,0.11169,0.00367,-0.03883,-0.04812,-0.01187,0.01195,-0.06264,0.03621
69.22,0.00214,-0.0037,-0.00053,-0.00328,-0.00132,-0.00094,-0.01584,0.01879,0.06256,0.11929,-0.13023,0,0.04688,0.08897,-0.01391,-0.07249,0.26127,-0.66528,-0.06045,0.01121,-0.00962,0.00993,0.05804,-0.07941,-0.04485,0.01551,0.0157,0.05361,0.0922,-0.01551,0.08821,-0.02688,0.1361,0.0088,-0.04573,-0.06283,-0.01243,0.01963,-0.00942,0.09849
69.24,0.00259,-0.00261,-0.00115,-0.00837,-0.0055,-0.00011,-0.0116,0.01708,0.06291,0.11845,-0.12305,0,0.04051,0.08977,-0.02075,-0.067,0.21156,-0.60209,-0.05585,0.01224,-0.01565,0.01272,0.04898,-0.07505,-0.00324,0.00517,0.02081,0.054,0.08982,-0.01485,0.08257,-0.02135,0.12611,0.01443,-0.05141,-0.07582,-0.01306,0.02871,0.04892,0.1672
69.26,0.00302,-0.00168,-0.00177,-0.01309,-0.01012,-0.0002,-0.00591,0.01568,0.06039,0.1132,-0.11015,0,0.03344,0.08398,-0.02511,-0.05873,0.1668,-0.52977,-0.05031,0.01269,-0.01962,0.01415,0.03866,-0.06589,0.03887,-0.00752,0.02491,0.04706,0.0758,-0.01425,0.04201,-0.0306,0.08126,0.02024,-0.0554,-0.08645,-0.01384,0.03871,0.10885,0.2378
69.28,0.00341,-0.00093,-0.0024,-0.01727,-0.01501,-0.00118,0.001,0.0146,0.05561,0.10471,-0.09109,0,0.02597,0.07158,-0.02723,-0.04738,0.12638,-0.44877,-0.04392,0.01291,-0.02188,0.01402,0.02701,-0.05135,0.08251,-0.02205,0.02803,0.03376,0.05148,-0.01372,-0.02675,-0.05229,0.00883,0.02623,-0.05752,-0.09456,-0.01488,0.0489,0.16631,0.3041
69.3,0.00377,-0.00027,-0.00304,-0.02083,-0.0202,-0.00302,0.00897,0.01394,0.04949,0.09461,-0.06685,0,0.01846,0.05371,-0.02766,-0.0334,0.09044,-0.3633,-0.03715,0.01319,-0.02296,0.0125,0.01427,-0.0311,0.12806,-0.03723,0.03061,0.01611,0.01996,-0.01333,-0.10889,-0.08012,-0.07687,0.03263,-0.05786,-0.1003,-0.01633,0.05823,0.21647,0.35806
69.32,0.0041,0.00036,-0.0037,-0.02372,-0.02576,-0.00567,0.01784,0.01382,0.04305,0.08471,-0.03935,0,0.01126,0.03216,-0.02709,-0.01774,0.05954,-0.2797,-0.03061,0.01375,-0.02344,0.00999,0.00088,-0.00534,0.17487,-0.05148,0.03326,-0.00327,-0.01466,-0.01317,-0.1858,-0.10586,-0.15841,0.03972,-0.05666,-0.104,-0.01827,0.06553,0.25432,0.39126
69.34,0.00442,0.00105,-0.00437,-0.0259,-0.03168,-0.00899,0.02738,0.01431,0.03715,0.07639,-0.01064,0,0.00465,0.00886,-0.02615,-0.0015,0.03416,-0.20372,-0.02486,0.01464,-0.02378,0.00694,-0.01258,0.0248,0.22084,-0.0633,0.03647,-0.02189,-0.0484,-0.01333,-0.24128,-0.1222,-0.22086,0.04762,-0.05415,-0.10588,-0.02074,0.06983,0.27603,0.39722
69.36,0.00472,0.00182,-0.00502,-0.02736,-0.03778,-0.0127,0.03718,0.01532,0.03224,0.0703,0.0174,0,-0.00117,-0.01445,-0.02522,0.01433,0.01433,-0.13887,-0.02017,0.01579,-0.02429,0.00375,-0.02555,0.0569,0.26209,-0.07156,0.04038,-0.03783,-0.07804,-0.01376,-0.26577,-0.12471,-0.25557,0.05609,-0.05052,-0.10595,-0.0236,0.07053,0.2797,0.37314
69.38,0.00498,0.00263,-0.00558,-0.02807,-0.04363,-0.01636,0.04653,0.01665,0.02842,0.06629,0.04303,0,-0.00604,-0.03611,-0.02441,0.02876,-0.00034,-0.08652,-0.01657,0.0169,-0.02508,0.00078,-0.0373,0.0869,0.29245,-0.07552,0.04469,-0.04968,-0.10107,-0.01436,-0.25708,-0.11227,-0.26073,0.06445,-0.04585,-0.10396,-0.02654,0.06746,0.26554,0.32038
69.4,0.00518,0.0034,-0.00594,-0.02797,-0.04854,-0.01935,0.05445,0.01794,0.02545,0.06359,0.06446,0,-0.00981,-0.05446,-0.02362,0.04077,-0.01039,-0.04661,-0.01389,0.01753,-0.02607,-0.00165,-0.04694,0.1092,0.30368,-0.07471,0.04873,-0.05645,-0.11547,-0.01493,-0.21953,-0.08675,-0.24046,0.07154,-0.04018,-0.09941,-0.02908,0.06081,0.23556,0.24418
69.42,0.00529,0.00402,-0.006,-0.02703,-0.05174,-0.02103,0.05985,0.01878,0.02297,0.06108,0.08006,0,-0.01236,-0.06791,-0.0226,0.04936,-0.01645,-0.01809,-0.01186,0.01722,-0.02705,-0.00327,-0.05358,0.11801,0.28761,-0.069,0.05161,-0.05756,-0.1198,-0.01521,-0.16153,-0.05199,-0.20237,0.07608,-0.03357,-0.09178,-0.03066,0.05103,0.19291,0.15215
69.44,0.00527,0.00438,-0.00567,-0.02526,-0.05263,-0.0209,0.06194,0.01883,0.02058,0.05781,0.08882,0,-0.01364,-0.07542,-0.02119,0.05392,-0.01924,0.00064,-0.01019,0.01565,-0.02785,-0.00391,-0.05663,0.10944,0.23939,-0.05865,0.05264,-0.05293,-0.1136,-0.01502,-0.0925,-0.01243,-0.15452,0.07707,-0.0261,-0.08078,-0.03087,0.03868,0.1409,0.05215
69.46,0.00512,0.00446,-0.00494,-0.02275,-0.05102,-0.01877,0.06044,0.01789,0.01803,0.05327,0.09065,0,-0.01374,-0.07662,-0.01935,0.05436,-0.0195,0.01147,-0.00862,0.01281,-0.02836,-0.00353,-0.05601,0.08305,0.16005,-0.04441,0.05147,-0.0431,-0.09762,-0.01424,-0.02095,0.02765,-0.10339,0.07414,-0.01793,-0.06659,-0.02952,0.02441,0.08262,-0.04885
69.48,0.00485,0.00426,-0.00385,-0.01971,-0.04714,-0.01482,0.05566,0.01593,0.01524,0.04748,0.08643,0,-0.01288,-0.07196,-0.01729,0.0512,-0.01803,0.01639,-0.00703,0.00908,-0.02858,-0.00226,-0.05224,0.04234,0.05766,-0.02765,0.04824,-0.02929,-0.07401,-0.01287,0.04552,0.06406,-0.05383,0.06764,-0.00939,-0.05003,-0.02672,0.00899,0.02123,-0.14427
69.5,0.00447,0.00386,-0.00253,-0.01648,-0.04159,-0.00951,0.04843,0.01306,0.01231,0.04105,0.07784,0,-0.01137,-0.06249,-0.01538,0.04541,-0.01563,0.01739,-0.00535,0.00513,-0.0286,-0.0003,-0.04632,-0.00557,-0.05319,-0.01036,0.04346,-0.01337,-0.0462,-0.01102,0.09981,0.09258,-0.00936,0.05855,-0.00102,-0.03259,-0.02282,-0.00657,-0.0397,-0.22734
69.52,0.00403,0.00333,-0.00113,-0.01344,-0.03518,-0.00353,0.03984,0.00951,0.00946,0.03484,0.06697,0,-0.00962,-0.04958,-0.01412,0.03826,-0.01309,0.01632,-0.00358,0.00182,-0.02858,0.00204,-0.03952,-0.05191,-0.15499,0.00525,0.03786,0.00256,-0.01814,-0.00883,0.13622,0.10956,0.02777,0.04821,0.00659,-0.01602,-0.01834,-0.02116,-0.09641,-0.29175
69.54,0.00356,0.00278,0.0002,-0.01093,-0.02866,0.00252,0.03087,0.00544,0.00689,0.02967,0.05572,0,-0.00796,-0.03447,-0.01399,0.03086,-0.0111,0.01491,-0.00171,-8e-05,-0.02872,0.00455,-0.033,-0.08906,-0.23294,0.0174,0.03214,0.01677,0.00686,-0.00646,0.15201,0.11312,0.05698,0.03781,0.01295,-0.00186,-0.01372,-0.03378,-0.14561,-0.33309
69.56,0.00307,0.00224,0.00136,-0.00917,-0.02252,0.00815,0.02219,0.00099,0.00472,0.0261,0.04542,0,-0.00667,-0.01799,-0.01534,0.02406,-0.01024,0.01473,0.00032,-8e-05,-0.02924,0.00709,-0.02758,-0.11243,-0.27859,0.02512,0.02678,0.02834,0.02684,-0.00398,0.14849,0.10394,0.0794,0.02818,0.01782,0.00896,-0.00929,-0.04369,-0.18477,-0.3498
69.58,0.00258,0.00176,0.00228,-0.0083,-0.01702,0.01307,0.01414,-0.00378,0.00301,0.02436,0.03686,0,-0.00593,-0.00063,-0.01841,0.01836,-0.01098,0.0172,0.00261,0.00201,-0.03038,0.00964,-0.02376,-0.12075,-0.2903,0.02831,0.02207,0.03709,0.04123,-0.00144,0.13129,0.08553,0.09777,0.01975,0.02121,0.01606,-0.00523,-0.05034,-0.21183,-0.3432
69.6,0.00209,0.00132,0.00294,-0.00834,-0.01225,0.01706,0.00683,-0.00883,0.00177,0.0244,0.03039,0,-0.00587,0.01731,-0.02325,0.01405,-0.01368,0.02355,0.00525,0.00612,-0.03239,0.01227,-0.02178,-0.11548,-0.2722,0.02756,0.01812,0.04345,0.05053,0.00114,0.1096,0.0638,0.11586,0.01268,0.02327,0.01954,-0.00166,-0.05332,-0.22496,-0.31699
69.62,0.00161,0.00092,0.00331,-0.00924,-0.00816,0.01995,0.00022,-0.01407,0.00096,0.02596,0.02595,0,-0.00654,0.03552,-0.02975,0.01119,-0.01858,0.03484,0.00836,0.01192,-0.03539,0.01501,-0.02159,-0.09976,-0.23174,0.02386,0.01492,0.04815,0.05582,0.00376,0.09345,0.04532,0.13721,0.00691,0.02427,0.01977,0.00139,-0.05239,-0.22294,-0.27632
69.64,0.00115,0.00055,0.00342,-0.0109,-0.00462,0.02164,-0.00579,-0.01931,0.00052,0.02848,0.0232,0,-0.00794,0.05352,-0.03753,0.00974,-0.02579,0.05187,0.01197,0.01895,-0.03928,0.01786,-0.02296,-0.0769,-0.17659,0.0183,0.01232,0.05181,0.05818,0.00636,0.08975,0.03484,0.16331,0.00225,0.02448,0.01733,0.00388,-0.04764,-0.20582,-0.22657
69.66,0.00071,0.00019,0.00328,-0.0131,-0.00144,0.02204,-0.01131,-0.02424,0.00038,0.03116,0.02151,0,-0.00999,0.0705,-0.04595,0.00951,-0.0352,0.07505,0.01605,0.02657,-0.04364,0.02065,-0.02539,-0.0495,-0.11273,0.01175,0.01001,0.05468,0.05827,0.00887,0.09959,0.03359,0.19227,-0.00156,0.02414,0.01288,0.00579,-0.03963,-0.17556,-0.17268
69.68,0.00031,-0.00014,0.00295,-0.01557,0.00162,0.02108,-0.0164,-0.02834,0.00047,0.0329,0.02003,0,-0.01254,0.08506,-0.05394,0.0102,-0.04645,0.10424,0.02044,0.03398,-0.04762,0.02303,-0.02819,-0.01942,-0.0444,0.00495,0.00756,0.05656,0.05622,0.01113,0.11747,0.03882,0.21826,-0.00483,0.02345,0.00722,0.00707,-0.02944,-0.13635,-0.11938
69.7,-2e-05,-0.00043,0.00249,-0.01791,0.00476,0.01868,-0.02103,-0.03091,0.00072,0.0324,0.01772,0,-0.01533,0.09531,-0.06009,0.01145,-0.05882,0.13853,0.02483,0.04015,-0.05004,0.0245,-0.03043,0.012,0.02529,-0.00152,0.00449,0.0568,0.05171,0.01293,0.13226,0.04445,0.232,-0.00782,0.02255,0.00121,0.00762,-0.01867,-0.09446,-0.07146
69.72,-0.00026,-0.00065,0.00198,-0.0197,0.00813,0.01484,-0.02506,-0.03124,0.00104,0.02844,0.01363,0,-0.01807,0.09925,-0.06293,0.01287,-0.07128,0.17603,0.02882,0.04406,-0.04967,0.02452,-0.03117,0.04359,0.0936,-0.00711,0.00037,0.05464,0.04423,0.01403,0.13077,0.04307,0.2234,-0.01076,0.02152,-0.00426,0.00737,-0.00902,-0.05667,-0.0332
69.74,-0.00038,-0.00079,0.00146,-0.02062,0.01177,0.00965,-0.02837,-0.0289,0.0014,0.02045,0.00723,0,-0.02049,0.0956,-0.06144,0.01414,-0.0825,0.21366,0.03195,0.04498,-0.04573,0.02273,-0.02978,0.07412,0.15752,-0.01123,-0.005,0.04951,0.03357,0.01423,0.10309,0.02899,0.18562,-0.01374,0.02038,-0.00855,0.00628,-0.00178,-0.02814,-0.00723
69.76,-0.00038,-0.00084,0.001,-0.02045,0.01554,0.00336,-0.03079,-0.02393,0.00177,0.00883,-0.00138,0,-0.02235,0.08436,-0.05541,0.01507,-0.09087,0.24685,0.03376,0.0427,-0.03825,0.0191,-0.02607,0.10197,0.21298,-0.01324,-0.01145,0.04143,0.02011,0.01351,0.04631,0.0003,0.11803,-0.0167,0.01909,-0.01135,0.00446,0.00259,-0.01084,0.00616
69.78,-0.00026,-0.00081,0.00062,-0.01917,0.01912,-0.00354,-0.03216,-0.01698,0.00214,-0.00478,-0.01127,0,-0.02349,0.06702,-0.04555,0.01562,-0.09441,0.26915,0.03381,0.03761,-0.02819,0.01403,-0.02046,0.12483,0.25428,-0.01237,-0.01834,0.03108,0.00505,0.01196,-0.03408,-0.04038,0.02741,-0.01938,0.01757,-0.01268,0.00214,0.00448,-0.00338,0.00904
69.8,-5e-05,-0.00074,0.00033,-0.01689,0.02196,-0.01033,-0.03226,-0.00918,0.00253,-0.01769,-0.02079,0,-0.02373,0.0464,-0.03343,0.01585,-0.09084,0.27258,0.03162,0.03063,-0.01737,0.00825,-0.01384,0.13969,0.2741,-0.00775,-0.0246,0.01978,-0.00965,0.00983,-0.12499,-0.08631,-0.07263,-0.02132,0.01567,-0.01286,-0.00033,0.005,-0.00161,0.00541
69.82,0.00023,-0.00066,0.00014,-0.01381,0.02343,-0.01621,-0.03091,-0.00192,0.00298,-0.02666,-0.02792,0,-0.02297,0.02597,-0.021,0.01591,-0.07819,0.24954,0.02686,0.02299,-0.00798,0.00266,-0.00737,0.14356,0.26541,0.00124,-0.02895,0.00916,-0.02165,0.00742,-0.20959,-0.12871,-0.16539,-0.02197,0.01325,-0.01235,-0.00253,0.00552,-0.00019,3e-05
69.84,0.00055,-0.00059,6e-05,-0.01014,0.02303,-0.02049,-0.02799,0.00357,0.00355,-0.02886,-0.03092,0,-0.02109,0.00866,-0.00994,0.01601,-0.05569,0.19599,0.01954,0.0159,-0.00183,-0.00206,-0.0021,0.13475,0.22464,0.01466,-0.03034,0.00069,-0.02893,0.005,-0.27334,-0.15996,-0.23671,-0.02088,0.0102,-0.01162,-0.00412,0.0071,0.0051,-0.00317
69.86,0.00088,-0.00056,5e-05,-0.00611,0.02048,-0.02281,-0.02349,0.00658,0.00431,-0.02251,-0.02876,0,-0.01803,-0.00377,-0.0013,0.01638,-0.02451,0.11387,0.01013,0.01032,9e-05,-0.0056,0.00136,0.11377,0.15397,0.0316,-0.02817,-0.00466,-0.03024,0.00271,-0.30781,-0.17569,-0.27867,-0.01779,0.00646,-0.01099,-0.00491,0.01008,0.01588,-0.00218
69.88,0.0012,-0.00059,0.0001,-0.00192,0.01579,-0.02307,-0.01762,0.00688,0.00534,-0.00701,-0.0212,0,-0.01379,-0.01087,0.00465,0.01725,0.01182,0.01227,-0.00028,0.00704,-0.00222,-0.00814,0.00278,0.08368,0.06244,0.04998,-0.02241,-0.00649,-0.02519,0.00061,-0.31142,-0.17513,-0.29016,-0.01271,0.00207,-0.01064,-0.00491,0.01389,0.03063,0.00284
69.9,0.00148,-0.00066,0.00016,0.00219,0.00928,-0.02145,-0.01077,0.00469,0.00672,0.01703,-0.00874,0,-0.00844,-0.01323,0.00816,0.01884,0.04758,-0.09308,-0.01004,0.00659,-0.00795,-0.01015,0.0023,0.04989,-0.0346,0.06666,-0.0135,-0.00479,-0.01411,-0.00133,-0.28835,-0.16062,-0.27576,-0.00589,-0.0028,-0.01063,-0.00424,0.01727,0.04509,0.00977
69.92,0.0017,-0.00078,0.0002,0.00596,0.00144,-0.01831,-0.00344,0.00052,0.0085,0.04806,0.00755,0,-0.00216,-0.01213,0.00987,0.02134,0.07615,-0.1835,-0.0173,0.00932,-0.01576,-0.01232,0.00032,0.01878,-0.11914,0.07808,-0.00228,0.00012,0.00212,-0.00317,-0.24617,-0.13629,-0.2434,0.00222,-0.00789,-0.01085,-0.00314,0.01865,0.05391,0.01561
69.94,0.00185,-0.00093,0.00017,0.00916,-0.00712,-0.01412,0.0038,-0.00496,0.01068,0.08387,0.02636,0,0.00484,-0.00903,0.01049,0.02477,0.09213,-0.24317,-0.02061,0.01515,-0.0242,-0.01519,-0.00268,-0.00421,-0.17611,0.08143,0.01029,0.0078,0.0224,-0.00498,-0.19262,-0.10634,-0.20117,0.01108,-0.01285,-0.01113,-0.00186,0.01695,0.05301,0.01789
69.96,0.00192,-0.00112,4e-05,0.0116,-0.01577,-0.00941,0.01041,-0.01108,0.01318,0.12164,0.0462,0,0.01219,-0.00527,0.01062,0.02896,0.09268,-0.2629,-0.01932,0.02358,-0.03197,-0.01905,-0.00617,-0.01598,-0.19709,0.07537,0.02323,0.01775,0.04554,-0.00682,-0.1336,-0.07392,-0.15531,0.02009,-0.01727,-0.01116,-0.00066,0.01205,0.04132,0.01563
69.98,0.00193,-0.00132,-0.0002,0.01311,-0.02377,-0.00477,0.01578,-0.01708,0.0158,0.1577,0.06533,0,0.01943,-0.00201,0.01071,0.03348,0.07784,-0.24092,-0.01366,0.03352,-0.03798,-0.02382,-0.00961,-0.01591,-0.18098,0.06026,0.03543,0.02937,0.07012,-0.00868,-0.07308,-0.04115,-0.11006,0.02856,-0.02064,-0.01055,0.0002,0.00497,0.02123,0.00969
70,0.00188,-0.00154,-0.00056,0.01355,-0.03027,-0.00091,0.01927,-0.02216,0.01823,0.18746,0.08165,0,0.02587,-0.00024,0.01104,0.03766,0.05025,-0.18194,-0.00468,0.04336,-0.0412,-0.02906,-0.0124,-0.00559,-0.13314,0.03801,0.04562,0.0419,0.09438,-0.01051,-0.01371,-0.00938,-0.06807,0.03563,-0.02234,-0.00885,0.00048,-0.00228,-0.00182,0.00245
70.02,0.00178,-0.00176,-0.00102,0.01282,-0.03439,0.0015,0.02025,-0.02553,0.02004,0.2063,0.09306,0,0.03078,-0.00068,0.0118,0.04069,0.01419,-0.09501,0.00612,0.05127,-0.04083,-0.03416,-0.01394,0.01182,-0.06326,0.01153,0.05253,0.05448,0.1164,-0.01218,0.04255,0.02039,-0.0309,0.04039,-0.02179,-0.00563,2e-05,-0.00734,-0.02117,-0.00309
70.04,0.00163,-0.00196,-0.00159,0.01092,-0.03544,0.002,0.0183,-0.02663,0.02076,0.21102,0.09793,0,0.0336,-0.0036,0.01315,0.04185,-0.02564,0.00934,0.01722,0.05569,-0.03637,-0.0385,-0.0137,0.03239,0.01749,-0.01616,0.05517,0.0662,0.13445,-0.01355,0.0938,0.04721,0.00055,0.04211,-0.01874,-0.00073,-0.00124,-0.00851,-0.03158,-0.00465
70.06,0.00138,-0.00211,-0.00222,0.00803,-0.03306,0.0005,0.01332,-0.02522,0.01988,0.20084,0.09555,0,0.03407,-0.00873,0.01521,0.04065,-0.06484,0.12069,0.0274,0.05568,-0.02776,-0.04168,-0.01128,0.05196,0.09812,-0.04234,0.05305,0.07618,0.14724,-0.01446,0.13759,0.06983,0.02572,0.04034,-0.01337,0.00565,-0.00313,-0.00534,-0.0311,-0.0016
70.08,0.00095,-0.00217,-0.00288,0.00453,-0.02728,-0.00272,0.00561,-0.02144,0.01686,0.17776,0.08615,0,0.03228,-0.01517,0.01814,0.03684,-0.09923,0.2283,0.0357,0.05093,-0.01544,-0.04345,-0.0064,0.06602,0.16762,-0.06453,0.04623,0.08344,0.15379,-0.0147,0.17043,0.08643,0.04398,0.03497,-0.00644,0.01284,-0.00527,0.00111,-0.02148,0.00479
70.1,0.00023,-0.0021,-0.00352,0.00099,-0.01845,-0.00703,-0.00415,-0.01576,0.01114,0.14619,0.07086,0,0.02857,-0.02147,0.02205,0.03044,-0.12463,0.32069,0.04133,0.04177,-0.00035,-0.04376,0.00107,0.06984,0.21479,-0.08038,0.0352,0.08694,0.15342,-0.01406,0.18768,0.09461,0.05456,0.02616,0.00077,0.01976,-0.00705,0.00852,-0.00766,0.0116
70.12,-0.00091,-0.00185,-0.00407,-0.00187,-0.00691,-0.0116,-0.01513,-0.00877,0.00218,0.11183,0.05125,0,0.02337,-0.02594,0.02708,0.02164,-0.13721,0.38694,0.04372,0.02894,0.01645,-0.04273,0.01122,0.05911,0.22982,-0.08788,0.02053,0.08576,0.14586,-0.01225,0.18483,0.09198,0.05677,0.01402,0.00678,0.02515,-0.00774,0.014,0.0039,0.01524
70.14,-0.0026,-0.00142,-0.00447,-0.00333,0.0074,-0.01565,-0.02663,-0.00093,-0.01052,0.07994,0.02885,0,0.0169,-0.02722,0.03344,0.01078,-0.13431,0.41943,0.04253,0.01331,0.0343,-0.04073,0.02424,0.0312,0.20724,-0.0859,0.00227,0.07951,0.13151,-0.009,0.1594,0.07725,0.05049,-0.00178,0.01033,0.02804,-0.00667,0.0152,0.00782,0.01288
70.16,-0.00496,-0.00087,-0.00465,-0.00267,0.02522,-0.01859,-0.03826,0.0076,-0.02736,0.05424,0.00486,0,0.00901,-0.02461,0.04143,-0.00171,-0.11501,0.41551,0.03772,-0.00418,0.05326,-0.03846,0.04048,-0.01394,0.14796,-0.07457,-0.0203,0.06866,0.11178,-0.00401,0.11254,0.05101,0.03658,-0.02229,0.01067,0.02802,-0.0033,0.01104,0.00146,0.00348
70.18,-0.00807,-0.00031,-0.00459,0.00076,0.04786,-0.02003,-0.04989,0.0169,-0.04844,0.03688,-0.01982,0,-0.0008,-0.01819,0.05136,-0.01516,-0.08035,0.37791,0.02961,-0.02248,0.07405,-0.03693,0.06035,-0.07322,0.06021,-0.05542,-0.04862,0.05468,0.08926,0.00297,0.04963,0.01611,0.01706,-0.04913,0.00767,0.02534,0.00271,0.00193,-0.01463,-0.01191
70.2,-0.01197,7e-05,-0.00423,0.00751,0.07704,-0.01976,-0.06152,0.02728,-0.0735,0.02876,-0.04426,0,-0.0133,-0.00876,0.06348,-0.02862,-0.03327,0.31409,0.01882,-0.04025,0.09774,-0.03746,0.0841,-0.14052,-0.04114,-0.03129,-0.08461,0.03993,0.0676,0.01213,-0.01998,-0.02254,-0.00498,-0.08432,0.00171,0.02082,0.0115,-0.01039,-0.037,-0.03038
70.22,-0.01667,4e-05,-0.00353,0.01803,0.1145,-0.01769,-0.07298,0.039,-0.10165,0.02983,-0.06733,0,-0.02938,0.00233,0.07775,-0.04076,0.02182,0.23424,0.00622,-0.05589,0.12521,-0.04143,0.11157,-0.20796,-0.13834,-0.0057,-0.13017,0.02701,0.05058,0.02358,-0.08528,-0.05906,-0.02604,-0.12978,-0.00641,0.01565,0.02303,-0.02349,-0.06067,-0.0481
70.24,-0.02215,-0.00062,-0.00244,0.03241,0.16157,-0.01385,-0.08367,0.05214,-0.13121,0.0395,-0.08743,0,-0.04983,0.01351,0.0936,-0.04988,0.07985,0.14843,-0.00727,-0.0676,0.15637,-0.04993,0.14186,-0.26804,-0.21637,0.01813,-0.18666,0.01774,0.04071,0.0373,-0.13709,-0.0885,-0.0432,-0.18676,-0.0157,0.01112,0.03711,-0.03517,-0.08106,-0.0617
70.26,-0.0284,-0.00214,-0.00089,0.05035,0.21861,-0.00833,-0.09231,0.06642,-0.15949,0.05678,-0.10233,0,-0.07516,0.02312,0.10969,-0.05386,0.13536,0.06502,-0.02073,-0.07335,0.18956,-0.06346,0.17293,-0.31487,-0.26658,0.03785,-0.25426,0.01259,0.03821,0.05313,-0.17031,-0.10798,-0.05476,-0.25525,-0.02507,0.00847,0.05337,-0.04408,-0.09524,-0.06926
70.28,-0.03533,-0.00468,0.0012,0.07092,0.28458,-0.00135,-0.09675,0.081,-0.18244,0.08024,-0.10889,0,-0.10535,0.02939,0.12374,-0.05012,0.18216,-0.00916,-0.03316,-0.07089,0.22112,-0.08181,0.20129,-0.34411,-0.28719,0.05193,-0.33136,0.01045,0.04085,0.07061,-0.18418,-0.11678,-0.06029,-0.33332,-0.03325,0.00883,0.07117,-0.04975,-0.10218,-0.07046
70.3,-0.04276,-0.00837,0.00392,0.09256,0.35678,0.00672,-0.09409,0.09449,-0.19477,0.10802,-0.10322,0,-0.1397,0.03041,0.13253,-0.03568,0.21307,-0.06797,-0.04339,-0.05773,0.24547,-0.10399,0.22206,-0.35255,-0.28207,0.05949,-0.41433,0.00896,0.04427,0.08895,-0.18158,-0.11603,-0.06043,-0.41693,-0.03882,0.01325,0.08951,-0.05251,-0.10239,-0.06632
70.32,-0.05046,-0.01329,0.00731,0.11342,0.43165,0.01544,-0.08122,0.10525,-0.19104,0.13832,-0.08133,0,-0.17695,0.02448,0.1325,-0.00787,0.22046,-0.10516,-0.05018,-0.03163,0.25645,-0.12834,0.22989,-0.33805,-0.2581,0.06019,-0.49857,0.00525,0.04329,0.1072,-0.16752,-0.10792,-0.05646,-0.50105,-0.0404,0.02257,0.10726,-0.05314,-0.09738,-0.05866
70.34,-0.05822,-0.01942,0.01139,0.13191,0.50616,0.02443,-0.05564,0.11192,-0.16739,0.1701,-0.04035,0,-0.21551,0.01057,0.12067,0.03477,0.19746,-0.11377,-0.05234,0.00866,0.24937,-0.15288,0.22057,-0.29988,-0.22158,0.05419,-0.58026,-0.00297,0.03374,0.12461,-0.14713,-0.09487,-0.04977,-0.58154,-0.03704,0.03721,0.1236,-0.05249,-0.08889,-0.04935
70.36,-0.06589,-0.02664,0.01612,0.14713,0.57848,0.03341,-0.01623,0.11372,-0.12291,0.20352,0.0205,0,-0.25349,-0.01124,0.09539,0.09158,0.13892,-0.08574,-0.04889,0.06279,0.22247,-0.17527,0.19217,-0.23902,-0.17604,0.04216,-0.65729,-0.01663,0.01373,0.14089,-0.1245,-0.07893,-0.04153,-0.65619,-0.02844,0.05696,0.1382,-0.05129,-0.07841,-0.03979
70.38,-0.07333,-0.03466,0.02135,0.15871,0.64764,0.04216,0.03637,0.11059,-0.06024,0.23976,0.09924,0,-0.28841,-0.03949,0.05661,0.15918,0.04193,-0.01183,-0.03909,0.12821,0.17748,-0.19276,0.14555,-0.15872,-0.12189,0.02533,-0.72891,-0.03501,-0.01587,0.15606,-0.10242,-0.06177,-0.03269,-0.72443,-0.01517,0.08082,0.15119,-0.05005,-0.06711,-0.03089
70.4,-0.08035,-0.04299,0.02683,0.16675,0.71291,0.05046,0.0997,0.103,0.01458,0.2807,0.1911,0,-0.3171,-0.07146,0.00591,0.23155,-0.09367,0.11747,-0.0225,0.20012,0.11935,-0.20209,0.08414,-0.06443,-0.05703,0.00551,-0.79508,-0.05587,-0.05162,0.17031,-0.08266,-0.0448,-0.02399,-0.78657,0.00148,0.10694,0.163,-0.04905,-0.05595,-0.02315
70.42,-0.08674,-0.05109,0.03223,0.17159,0.77369,0.05806,0.1703,0.09176,0.09379,0.32835,0.28986,0,-0.3364,-0.1039,-0.0541,0.30148,-0.26466,0.3087,0.00086,0.27245,0.05478,-0.20007,0.01302,0.03756,0.02229,-0.01529,-0.85605,-0.07609,-0.08866,0.18394,-0.06618,-0.02912,-0.01602,-0.84339,0.01974,0.13299,0.17417,-0.04848,-0.04567,-0.01678
70.44,-0.09237,-0.05851,0.03728,0.17364,0.82969,0.06482,0.24504,0.07767,0.17039,0.38437,0.384,0,-0.34437,-0.13429,-0.12074,0.36305,-0.46358,0.56073,0.03019,0.33956,-0.00998,-0.18445,-0.06269,0.14249,0.12032,-0.03545,-0.91224,-0.09281,-0.12241,0.19719,-0.05331,-0.01549,-0.00915,-0.89575,0.03789,0.15669,0.18518,-0.04841,-0.0367,-0.01176
70.46,-0.09718,-0.06506,0.04182,0.17335,0.88086,0.07068,0.32176,0.06135,0.23967,0.44936,0.384,0,-0.34112,-0.16156,-0.19155,0.4131,-0.6774,0.86048,0.06362,0.39714,-0.07036,-0.15469,-0.13857,0.24826,0.24064,-0.05401,-0.96399,-0.10405,-0.14966,0.21018,-0.04394,-0.00429,-0.00357,-0.94427,0.05452,0.17622,0.19624,-0.04886,-0.02923,-0.00798
70.48,-0.10115,-0.07077,0.04578,0.1711,0.927,0.07564,0.39886,0.04326,0.299,0.52237,0.384,0,-0.32902,-0.18608,-0.264,0.45123,-0.88557,1.17966,0.09788,0.44203,-0.12341,-0.1123,-0.21058,0.35503,0.38508,-0.07065,-1.01106,-0.10882,-0.16859,0.22281,-0.03761,0.00438,0.0007,-0.98884,0.06848,0.19005,0.20724,-0.04983,-0.02321,-0.00524
70.5,-0.1043,-0.07581,0.04915,0.16722,0.96736,0.07969,0.47475,0.0239,0.34719,0.6005,0.384,0,-0.31247,-0.20933,-0.33492,0.47912,-1.0599,1.47512,0.12831,0.47166,-0.16718,-0.06078,-0.2745,0.46392,0.55268,-0.08547,-1.05233,-0.10696,-0.1785,0.23464,-0.03367,0.01061,0.00373,-1.02829,0.07875,0.19687,0.21765,-0.05126,-0.01845,-0.00329
70.52,-0.10666,-0.08041,0.05195,0.16204,1.00081,0.08277,0.54799,0.00383,0.38404,0.67972,0.384,0,-0.29713,-0.23343,-0.40078,0.49957,-1.16971,1.69796,0.14979,0.48391,-0.20058,-0.00466,-0.3263,0.57533,0.73898,-0.09866,-1.08607,-0.09889,-0.17948,0.24505,-0.03135,0.01458,0.00564,-1.06078,0.08452,0.19568,0.22671,-0.05308,-0.01472,-0.00193
70.54,-0.10826,-0.08477,0.0542,0.1559,1.02621,0.08473,0.61779,-0.01634,0.41012,0.75609,0.384,0,-0.28879,-0.26071,-0.45832,0.51541,-1.19068,1.80834,0.15825,0.47709,-0.22338,0.05192,-0.3629,0.68694,0.93536,-0.11023,-1.11063,-0.08539,-0.17224,0.25348,-0.02994,0.01655,0.00658,-1.08448,0.08535,0.18603,0.23376,-0.0552,-0.01176,-0.00096
70.56,-0.10915,-0.08902,0.05598,0.1492,1.04271,0.08528,0.68419,-0.03586,0.42653,0.82641,0.384,0,-0.29259,-0.29324,-0.50486,0.52873,-1.11094,1.78551,0.15176,0.45015,-0.23614,0.10601,-0.38271,0.7919,1.12799,-0.11974,-1.12488,-0.06752,-0.15794,0.2596,-0.02883,0.01681,0.00672,-1.09803,0.08131,0.16832,0.23843,-0.0575,-0.00938,-0.00023
70.58,-0.10938,-0.09311,0.05734,0.14248,1.04964,0.084,0.74754,-0.05365,0.43464,0.88791,0.384,0,-0.31289,-0.33252,-0.53796,0.54054,-0.93296,1.63012,0.13079,0.40276,-0.24012,0.15563,-0.38554,0.87759,1.29596,-0.12614,-1.12815,-0.04667,-0.13826,0.26325,-0.02755,0.0157,0.00622,-1.10053,0.07303,0.14392,0.24063,-0.05986,-0.00746,0.00032
70.6,-0.10902,-0.09685,0.05834,0.13641,1.04639,0.08034,0.80799,-0.0683,0.43597,0.93761,0.384,0,-0.35325,-0.37923,-0.55507,0.55072,-0.67254,1.36203,0.09794,0.33551,-0.23693,0.19934,-0.37225,0.92618,1.41168,-0.12784,-1.12012,-0.02464,-0.11539,0.26441,-0.02579,0.01356,0.00525,-1.09139,0.06161,0.11514,0.2405,-0.06209,-0.00599,0.00072
70.62,-0.10812,-0.09996,0.05902,0.1317,1.03259,0.07383,0.8653,-0.07832,0.43189,0.9725,0.384,0,-0.4165,-0.43342,-0.55375,0.55796,-0.35438,1.01328,0.05718,0.24995,-0.2279,0.23599,-0.34441,0.9199,1.44764,-0.12326,-1.10087,-0.00336,-0.09166,0.26319,-0.02338,0.0107,0.00396,-1.07051,0.04837,0.08467,0.23833,-0.06403,-0.00501,0.00095
70.64,-0.10672,-0.10222,0.05941,0.12888,1.00851,0.06436,0.91894,-0.08272,0.42349,0.98996,0.384,0,-0.50472,-0.4947,-0.5322,0.5599,-0.0055,0.61821,0.01267,0.14868,-0.21314,0.26473,-0.30383,0.84941,1.38752,-0.1117,-1.07105,0.01561,-0.0689,0.25977,-0.02028,0.00741,0.00246,-1.03853,0.0343,0.05469,0.23449,-0.06557,-0.00451,0.00099
70.66,-0.10485,-0.10352,0.05956,0.12817,0.97542,0.05238,0.96797,-0.08141,0.41147,0.98818,0.384,0,-0.61884,-0.56227,-0.48981,0.55315,0.34789,0.20828,-0.03189,0.03578,-0.19107,0.28488,-0.25253,0.71991,1.23415,-0.09396,-1.03222,0.03134,-0.04815,0.25451,-0.01656,0.00388,0.00084,-0.99722,0.01987,0.02635,0.22939,-0.06671,-0.00442,0.00088
70.68,-0.10258,-0.10388,0.05951,0.12943,0.93593,0.03908,1.01062,-0.07531,0.3962,0.96611,0.384,0,-0.7578,-0.6344,-0.42751,0.53337,0.67863,-0.18631,-0.07309,-0.08228,-0.15833,0.29579,-0.19299,0.55358,1.01255,-0.07264,-0.98712,0.04347,-0.02969,0.24789,-0.01248,0.00026,-0.00083,-0.94981,0.00505,-0.00012,0.22348,-0.06758,-0.00456,0.0007
70.7,-0.09998,-0.10343,0.05931,0.13225,0.89395,0.02632,1.0441,-0.06615,0.37778,0.92346,0.384,0,-0.91803,-0.70802,-0.34783,0.4954,0.95664,-0.53414,-0.10753,-0.19625,-0.11023,0.29666,-0.12843,0.38774,0.76753,-0.05195,-0.93972,0.05205,-0.01328,0.24056,-0.00844,-0.00333,-0.00251,-0.90105,-0.01055,-0.02512,0.21733,-0.06839,-0.00467,0.00059
70.72,-0.09711,-0.10238,0.05901,0.13599,0.85387,0.01628,1.06523,-0.05613,0.35608,0.86054,0.384,0,-1.09438,-0.77904,-0.25413,0.43387,1.15195,-0.80492,-0.13208,-0.29586,-0.04176,0.28678,-0.06243,0.26518,0.55173,-0.03666,-0.89441,0.05736,0.00154,0.23313,-0.00487,-0.00679,-0.00415,-0.85616,-0.02728,-0.04907,0.21146,-0.06934,-0.00449,0.00067
70.74,-0.09402,-0.10088,0.05866,0.13996,0.81919,0.01075,1.07163,-0.04717,0.33071,0.7783,0.384,0,-1.28181,-0.84314,-0.14939,0.34413,1.24078,-0.97499,-0.14462,-0.37279,0.05106,0.26606,0.00192,0.21953,0.40764,-0.03039,-0.85454,0.05982,0.01518,0.22581,-0.00212,-0.01005,-0.00572,-0.81929,-0.04509,-0.0719,0.20624,-0.07056,-0.00381,0.00104
70.76,-0.09072,-0.09905,0.05831,0.14346,0.79167,0.01071,1.06262,-0.0406,0.30108,0.67862,0.384,0,-1.47605,-0.89611,-0.03574,0.22326,1.20987,-1.03085,-0.14437,-0.42261,0.16976,0.23539,0.0623,0.26514,0.35558,-0.03449,-0.82165,0.05984,0.02776,0.21826,-0.00031,-0.01311,-0.00721,-0.79242,-0.06321,-0.0925,0.20178,-0.072,-0.00256,0.00173
70.78,-0.08717,-0.09695,0.05802,0.14577,0.77135,0.01624,1.03941,-0.03704,0.26661,0.56505,0.384,0,-1.67222,-0.93345,0.08484,0.07109,1.05726,-0.96919,-0.13206,-0.44477,0.31235,0.197,0.11681,0.39441,0.39126,-0.04773,-0.79544,0.05783,0.03897,0.20957,0.00066,-0.01599,-0.00861,-0.77541,-0.07989,-0.10847,0.19795,-0.07341,-0.00083,0.00268
70.8,-0.08336,-0.0946,0.05787,0.14615,0.75695,0.02663,1.00491,-0.03657,0.22701,0.44324,0.384,0,-1.86367,-0.95009,0.20966,-0.10924,0.79108,-0.79492,-0.10966,-0.44184,0.47288,0.15437,0.16339,0.58035,0.48935,-0.06664,-0.7743,0.05419,0.04798,0.19837,0.00109,-0.01869,-0.00991,-0.76639,-0.09243,-0.11618,0.19444,-0.07435,0.00115,0.00375
70.82,-0.07926,-0.09198,0.05791,0.14384,0.74648,0.0407,0.96287,-0.03889,0.18225,0.31985,0.384,0,-2.04281,-0.94075,0.3353,-0.31222,0.42533,-0.51669,-0.07985,-0.41837,0.64298,0.11126,0.1993,0.7862,0.61414,-0.08652,-0.75591,0.04934,0.05367,0.18296,0.0014,-0.02124,-0.0111,-0.76261,-0.09785,-0.11172,0.19096,-0.07438,0.0031,0.00477
70.84,-0.07484,-0.08905,0.05819,0.13812,0.738,0.05726,0.9167,-0.04358,0.13254,0.20044,0.32529,0,-2.2033,-0.90094,0.45798,-0.53184,-0.02577,-0.14127,-0.04524,-0.37963,0.8146,0.07013,0.22079,0.97922,0.73443,-0.10308,-0.738,0.04376,0.05497,0.16148,0.00209,-0.02367,-0.01217,-0.76146,-0.09381,-0.09241,0.18746,-0.07318,0.00475,0.0056
70.86,-0.07003,-0.08576,0.05873,0.12836,0.73013,0.07533,0.86878,-0.05025,0.07847,0.08851,0.22108,0,-2.34109,-0.8278,0.57354,-0.76203,-0.54987,0.3288,-0.00795,-0.33093,0.98124,0.03124,0.22279,1.13969,0.83337,-0.11342,-0.719,0.03809,0.05111,0.13217,0.00364,-0.02607,-0.01315,-0.76109,-0.07943,-0.05795,0.18426,-0.07077,0.00598,0.00618
70.88,-0.06481,-0.08208,0.05948,0.11413,0.72225,0.09411,0.82063,-0.05856,0.0214,-0.01388,0.12072,0,-2.45354,-0.72072,0.67646,-0.99512,-1.13345,0.89276,0.03021,-0.27776,1.13704,-0.00732,0.19875,1.26181,0.91023,-0.1162,-0.69825,0.03317,0.04168,0.09353,0.00652,-0.02854,-0.01408,-0.76068,-0.05549,-0.01091,0.18217,-0.06752,0.00678,0.00651
70.9,-0.05919,-0.07799,0.06038,0.09523,0.71451,0.1128,0.77336,-0.06812,-0.03624,-0.10524,0.02792,0,-2.53816,-0.58167,0.75932,-1.22051,-1.75759,1.54774,0.06748,-0.2261,1.27554,-0.04908,0.14077,1.35117,0.978,-0.11146,-0.6761,0.03001,0.0266,0.04461,0.01117,-0.03116,-0.01501,-0.76026,-0.02436,0.04342,0.18249,-0.06414,0.00724,0.00668
70.92,-0.05324,-0.07352,0.06133,0.0717,0.70736,0.13067,0.72782,-0.07853,-0.09143,-0.18434,-0.05325,0,-2.59202,-0.41465,0.81431,-1.42607,-2.39567,2.28679,0.10227,-0.18235,1.38973,-0.09825,0.04052,1.42,1.05762,-0.10013,-0.65341,0.02958,0.00597,-0.01504,0.01796,-0.034,-0.01596,-0.76045,0.0107,0.09844,0.18701,-0.06155,0.00749,0.0068
70.94,-0.04707,-0.06868,0.06218,0.04382,0.70104,0.14709,0.68466,-0.08931,-0.14152,-0.25046,-0.11968,0,-2.61172,-0.22473,0.83594,-1.60134,-3.01264,3.09758,0.13339,-0.15301,1.47301,-0.1585,-0.10931,1.48116,1.17011,-0.08354,-0.63092,0.03244,-0.02024,-0.08536,0.02712,-0.0371,-0.01698,-0.76183,0.04657,0.14842,0.19799,-0.06063,0.00762,0.00693
70.96,-0.04078,-0.06345,0.0628,0.01221,0.69514,0.16157,0.64452,-0.09995,-0.18473,-0.30337,-0.16993,0,-2.59334,-0.01809,0.82294,-1.73921,-3.5624,3.95869,0.16018,-0.1445,1.51972,-0.23194,-0.31341,1.54398,1.33072,-0.06309,-0.60884,0.03845,-0.0522,-0.16562,0.03871,-0.04042,-0.01804,-0.76464,0.08079,0.18977,0.21812,-0.06208,0.00759,0.0071
70.98,-0.03459,-0.05785,0.063,-0.02194,0.68856,0.17365,0.60834,-0.10974,-0.21991,-0.34285,-0.20396,0,-2.53247,0.19648,0.77874,-1.83519,-3.98246,4.83227,0.18236,-0.1633,1.52474,-0.31834,-0.57209,1.61263,1.54641,-0.04034,-0.58685,0.04671,-0.09008,-0.25371,0.0525,-0.04386,-0.0191,-0.76866,0.11149,0.22109,0.25035,-0.06639,0.00725,0.00724
71,-0.02879,-0.05193,0.06259,-0.0567,0.67966,0.18277,0.57762,-0.11775,-0.24622,-0.3683,-0.22264,0,-2.42428,0.40657,0.7109,-1.88617,-4.19426,5.66094,0.19948,-0.21589,1.48311,-0.41476,-0.88014,1.68572,1.81542,-0.01714,-0.56438,0.05556,-0.13372,-0.3458,0.06792,-0.0472,-0.02007,-0.77321,0.13709,0.24261,0.29769,-0.07383,0.00634,0.00722
71.02,-0.02375,-0.04579,0.06137,-0.08973,0.66659,0.18835,0.55397,-0.123,-0.26314,-0.3788,-0.22746,0,-2.26386,0.59795,0.62908,-1.89035,-4.12024,6.37966,0.20983,-0.30832,1.39047,-0.51617,-1.22779,1.75649,2.12975,0.00418,-0.5408,0.06306,-0.18253,-0.43672,0.0841,-0.05017,-0.02082,-0.77737,0.15621,0.25555,0.36267,-0.08446,0.00452,0.00688
71.04,-0.01973,-0.03953,0.0592,-0.11885,0.64784,0.18992,0.53829,-0.12465,-0.27074,-0.37352,-0.22042,0,-2.0469,0.75821,0.54214,-1.84794,-3.71241,6.93741,0.20905,-0.44527,1.24409,-0.6166,-1.60269,1.81329,2.47918,0.02077,-0.51557,0.06758,-0.23528,-0.52111,0.10006,-0.05256,-0.02129,-0.78027,0.1678,0.26128,0.44666,-0.09814,0.00147,0.00602
71.06,-0.01688,-0.03323,0.05601,-0.14237,0.62259,0.18721,0.53022,-0.12221,-0.26993,-0.35212,-0.20402,0,-1.77097,0.87883,0.45645,-1.76191,-2.97412,7.31062,0.18911,-0.62883,1.04424,-0.7096,-1.99,1.83976,2.85277,0.02911,-0.48848,0.06817,-0.28987,-0.59383,0.11474,-0.05422,-0.02143,-0.78123,0.17112,0.2609,0.54904,-0.11448,-0.00308,0.00449
71.08,-0.01517,-0.027,0.05184,-0.15898,0.59103,0.18024,0.52814,-0.11559,-0.26245,-0.3149,-0.18135,0,-1.4377,0.95464,0.37612,-1.63869,-1.9702,7.50313,0.13812,-0.85699,0.79581,-0.78763,-2.36954,1.81457,3.23654,0.0249,-0.45986,0.06473,-0.34284,-0.64949,0.12689,-0.05509,-0.02128,-0.77983,0.16573,0.25499,0.66633,-0.13274,-0.00929,0.00217
71.1,-0.01453,-0.02105,0.04686,-0.16757,0.55442,0.16926,0.52932,-0.10508,-0.25073,-0.26289,-0.15604,0,-1.05456,0.98277,0.30374,-1.48811,-0.82324,7.53981,0.04154,-1.12287,0.50915,-0.84175,-2.71389,1.71243,3.6115,0.00327,-0.43077,0.05785,-0.38923,-0.68204,0.13501,-0.05519,-0.02093,-0.77587,0.15144,0.24375,0.79177,-0.15173,-0.0172,-0.00102
71.12,-0.01477,-0.01558,0.04131,-0.16726,0.51463,0.15466,0.53053,-0.09121,-0.23738,-0.19768,-0.13175,0,-0.63445,0.96269,0.24074,-1.3213,0.31695,7.45514,-0.11352,-1.41644,0.19797,-0.86326,-2.99226,1.50928,3.95656,-0.03994,-0.40266,0.0486,-0.42351,-0.68541,0.13754,-0.05455,-0.02048,-0.76922,0.12842,0.2273,0.91662,-0.17001,-0.02671,-0.00509
71.14,-0.01576,-0.01081,0.03544,-0.15774,0.47349,0.13691,0.52869,-0.07462,-0.22453,-0.12121,-0.11134,0,-0.19399,0.89708,0.18748,-1.14734,1.32058,7.27929,-0.33208,-1.7276,-0.12436,-0.84664,-3.17811,1.19036,4.25464,-0.10627,-0.37689,0.03816,-0.44133,-0.65487,0.13316,-0.05315,-0.01998,-0.75966,0.09733,0.20621,1.0325,-0.18624,-0.03764,-0.01002
71.16,-0.01736,-0.00686,0.02947,-0.13945,0.4324,0.11654,0.52141,-0.05603,-0.21335,-0.03584,-0.09637,0,0.24602,0.79281,0.14342,-0.97163,2.10707,7.02953,-0.60599,-2.04729,-0.44626,-0.7917,-3.25393,0.75702,4.4959,-0.19302,-0.35441,0.02764,-0.44063,-0.58816,0.12116,-0.05093,-0.01946,-0.74683,0.05966,0.18194,1.13255,-0.19941,-0.0497,-0.01569
71.18,-0.01948,-0.00382,0.02362,-0.11373,0.39256,0.09426,0.50714,-0.03633,-0.20406,0.05498,-0.08711,0,0.65719,0.66178,0.10756,-0.79671,2.6461,6.7094,-0.91071,-2.36541,-0.75587,-0.70447,-3.21157,0.2314,4.67666,-0.29222,-0.3359,0.01809,-0.42188,-0.48617,0.10147,-0.04778,-0.01886,-0.73026,0.01796,0.15709,1.21094,-0.2087,-0.06238,-0.02188
71.2,-0.02204,-0.00177,0.01814,-0.08285,0.35528,0.07109,0.48516,-0.0167,-0.1961,0.14631,-0.08277,0,1.00222,0.52071,0.07884,-0.62383,2.94677,6.31207,-1.2059,-2.66876,-1.0391,-0.59664,-3.05074,-0.34334,4.79684,-0.39091,-0.32194,0.01054,-0.3878,-0.35298,0.07471,-0.04353,-0.01807,-0.70951,-0.02402,0.13539,1.26224,-0.21346,-0.07492,-0.02823
71.22,-0.02496,-0.00077,0.01332,-0.04957,0.32181,0.04821,0.45543,0.00159,-0.18847,0.23244,-0.08197,0,1.24245,0.38763,0.05626,-0.45368,3.04278,5.82652,-1.44483,-2.94242,-1.28117,-0.48265,-2.77754,-0.91295,4.85838,-0.47408,-0.31303,0.00594,-0.34241,-0.19455,0.04195,-0.03805,-0.01697,-0.68421,-0.06214,0.12072,1.28182,-0.2132,-0.08641,-0.0343
71.24,-0.02816,-0.00085,0.0093,-0.01637,0.29298,0.02662,0.41831,0.0175,-0.18015,0.30837,-0.08326,0,1.35132,0.27634,0.03879,-0.28671,2.97552,5.24568,-1.58932,-3.17336,-1.47072,-0.3753,-2.4029,-1.42832,4.86417,-0.52957,-0.30951,0.00493,-0.28982,-0.01674,0.00426,-0.03122,-0.01542,-0.65417,-0.09311,0.11565,1.26722,-0.20776,-0.09605,-0.03966
71.26,-0.03153,-0.00196,0.00614,0.01487,0.269,0.00705,0.37459,0.03042,-0.17043,0.37063,-0.08546,0,1.32356,0.19304,0.0254,-0.12383,2.7834,4.57419,-1.61975,-3.35224,-1.60201,-0.283,-1.94325,-1.85495,4.81761,-0.55116,-0.31142,0.00769,-0.23354,0.17547,-0.03737,-0.02301,-0.01337,-0.61949,-0.11528,0.12042,1.21915,-0.19742,-0.10323,-0.044
71.28,-0.0349,-0.004,0.00373,0.04277,0.24963,-0.00997,0.32575,0.04012,-0.15908,0.41692,-0.08782,0,1.17728,0.13605,0.01519,0.03217,2.49985,3.83526,-1.53707,-3.47229,-1.67435,-0.20987,-1.42382,-2.17196,4.72254,-0.53917,-0.31856,0.01392,-0.17671,0.37677,-0.08177,-0.01356,-0.01082,-0.58089,-0.12866,0.13266,1.14206,-0.18305,-0.10755,-0.04704
71.3,-0.03805,-0.00679,0.0019,0.06618,0.2344,-0.02394,0.27416,0.0466,-0.14635,0.4456,-0.08989,0,0.95088,0.09746,0.00743,0.17567,2.15428,3.07251,-1.3599,-3.52771,-1.69039,-0.15674,-0.88012,-2.36774,4.58344,-0.4995,-0.33047,0.02287,-0.12245,0.58026,-0.12736,-0.00321,-0.00784,-0.53984,-0.13459,0.14773,1.04383,-0.16601,-0.10874,-0.04859
71.32,-0.04067,-0.01012,0.00041,0.08423,0.22274,-0.03443,0.22258,0.05003,-0.13286,0.45562,-0.09154,0,0.6922,0.06629,0.00161,0.29962,1.77099,2.33937,-1.11645,-3.51306,-1.6542,-0.12217,-0.35183,-2.43719,4.40525,-0.44114,-0.3465,0.03356,-0.07349,0.77808,-0.17229,0.00759,-0.00457,-0.49824,-0.1351,0.16001,0.93403,-0.14791,-0.10665,-0.04846
71.34,-0.04253,-0.01377,-0.00095,0.09654,0.21404,-0.04129,0.17324,0.05071,-0.11933,0.44682,-0.09287,0,0.44307,0.03263,-0.0027,0.39828,1.36714,1.6806,-0.83315,-3.42368,-1.56948,-0.10332,0.12824,-2.38025,4.19317,-0.37275,-0.36581,0.04514,-0.03135,0.96318,-0.21481,0.01835,-0.00115,-0.45773,-0.13225,0.16473,0.82118,-0.13012,-0.10134,-0.04663
71.36,-0.04341,-0.01757,-0.00235,0.10338,0.2077,-0.04467,0.12739,0.04906,-0.10648,0.42022,-0.09418,-0,0.22962,-0.00938,-0.00595,0.46886,0.9528,1.12157,-0.52804,-3.25649,-1.43863,-0.09665,0.54025,-2.20147,3.95333,-0.30065,-0.38739,0.05708,0.00408,1.12998,-0.2535,0.02867,0.00229,-0.41941,-0.1277,0.15927,0.71127,-0.11351,-0.09311,-0.04321
71.38,-0.04316,-0.0213,-0.00392,0.10561,0.20325,-0.04509,0.08555,0.04565,-0.0951,0.37818,-0.09591,-0,0.06139,-0.06054,-0.00854,0.51134,0.53403,0.67011,-0.2112,-3.01106,-1.26338,-0.09814,0.87553,-1.91074,3.69469,-0.22879,-0.40988,0.06906,0.03434,1.27317,-0.28693,0.03813,0.00558,-0.38401,-0.12254,0.14348,0.60821,-0.09852,-0.0826,-0.0385
71.4,-0.04168,-0.02476,-0.00569,0.10452,0.20033,-0.04332,0.04784,0.0411,-0.08609,0.32444,-0.09864,-0,-0.06547,-0.11676,-0.01083,0.52754,0.1162,0.32225,0.11219,-2.69075,-1.04585,-0.10353,1.13259,-1.52374,3.42988,-0.15941,-0.43146,0.08093,0.06195,1.38661,-0.31344,0.04621,0.00855,-0.35224,-0.11743,0.11945,0.51469,-0.08526,-0.07077,-0.033
71.42,-0.0389,-0.02772,-0.00766,0.10156,0.19867,-0.0402,0.01415,0.03607,-0.0803,0.26342,-0.1029,-0,-0.16297,-0.17102,-0.01307,0.5202,-0.29473,0.06679,0.43877,-2.30312,-0.78931,-0.10881,1.31467,-1.0601,3.17206,-0.09363,-0.45008,0.09255,0.08952,1.46392,-0.33131,0.0524,0.01099,-0.32457,-0.11262,0.09056,0.43221,-0.07361,-0.05871,-0.02729
71.44,-0.03484,-0.03002,-0.00976,0.09799,0.19801,-0.03645,-0.01592,0.03103,-0.07813,0.19926,-0.10892,-0,-0.24482,-0.21629,-0.01544,0.49197,-0.69253,-0.11118,0.76389,-1.86013,-0.49907,-0.11087,1.42847,-0.54027,2.92918,-0.03187,-0.46389,0.10362,0.11875,1.50036,-0.33922,0.05633,0.01275,-0.30094,-0.10812,0.06014,0.36063,-0.06321,-0.0473,-0.02184
71.46,-0.02957,-0.03158,-0.0119,0.09461,0.19797,-0.03252,-0.04311,0.02621,-0.07937,0.13531,-0.11653,-0,-0.32186,-0.24745,-0.01796,0.44497,-1.06954,-0.22763,1.07853,-1.37984,-0.18399,-0.10798,1.48322,0.01465,2.70084,0.02567,-0.47147,0.11361,0.14964,1.49411,-0.33663,0.05782,0.01377,-0.28052,-0.10375,0.03063,0.29796,-0.05344,-0.03705,-0.01697
71.48,-0.02331,-0.0324,-0.01394,0.09177,0.1981,-0.02859,-0.06817,0.02161,-0.08307,0.07453,-0.12496,-0,-0.40021,-0.26145,-0.0205,0.3809,-1.41346,-0.29772,1.3659,-0.89047,0.14073,-0.09991,1.48968,0.57892,2.47918,0.07836,-0.47187,0.12161,0.18006,1.44647,-0.32379,0.05694,0.01405,-0.26186,-0.09923,0.00361,0.24093,-0.04354,-0.02811,-0.01277
71.5,-0.01643,-0.03253,-0.01568,0.08939,0.19785,-0.02461,-0.09171,0.01705,-0.08768,0.01989,-0.13294,-0,-0.48106,-0.25702,-0.02278,0.30147,-1.7055,-0.33466,1.60073,-0.43169,0.45242,-0.08776,1.45928,1.11925,2.25169,0.12487,-0.46448,0.12632,0.2058,1.3615,-0.30167,0.05396,0.01366,-0.2431,-0.09419,-0.01992,0.18552,-0.03266,-0.02038,-0.00925
71.52,-0.00937,-0.03208,-0.01691,0.08716,0.19662,-0.02047,-0.11417,0.01233,-0.09139,-0.02594,-0.13894,-0,-0.5621,-0.2344,-0.02444,0.20875,-1.92427,-0.3494,1.75511,-0.04675,0.72524,-0.07341,1.40266,1.59894,2.0048,0.16327,-0.44897,0.1264,0.22191,1.24499,-0.27173,0.04922,0.0127,-0.22219,-0.08832,-0.03947,0.12749,-0.01997,-0.01361,-0.00631
71.54,-0.0025,-0.03115,-0.01746,0.08479,0.19388,-0.01608,-0.13588,0.00728,-0.09258,-0.0613,-0.14164,-0,-0.63982,-0.1953,-0.02515,0.10567,-2.05361,-0.3508,1.80893,0.23151,0.93792,-0.05869,1.3282,1.98675,1.72817,0.1918,-0.4253,0.12098,0.22463,1.10315,-0.23553,0.0431,0.01128,-0.19718,-0.08143,-0.05497,0.06277,-0.00469,-0.00746,-0.0038
71.56,0.00391,-0.02987,-0.01726,0.08215,0.1892,-0.01155,-0.15714,0.00199,-0.09023,-0.08602,-0.1402,-0,-0.71091,-0.14295,-0.02476,-0.00341,-2.08771,-0.34595,1.75701,0.3896,1.07851,-0.04489,1.24122,2.26197,1.41857,0.20915,-0.39381,0.11,0.21282,0.94225,-0.19467,0.03594,0.0095,-0.16643,-0.07358,-0.06674,-0.01204,0.01385,-0.00159,-0.00159
71.58,0.00967,-0.02836,-0.01635,0.07936,0.18229,-0.00724,-0.17802,-0.00322,-0.08397,-0.10125,-0.13439,-0,-0.77206,-0.08255,-0.02325,-0.11161,-2.03183,-0.34019,1.61106,0.43409,1.14434,-0.03272,1.14443,2.41311,1.08314,0.21442,-0.35546,0.09442,0.18838,0.76969,-0.15102,0.02808,0.00746,-0.12891,-0.06516,-0.07537,-0.09906,0.03603,0.00431,0.00047
71.6,0.01464,-0.02678,-0.01487,0.07673,0.17306,-0.00376,-0.19824,-0.00774,-0.07407,-0.10919,-0.12454,-0,-0.81958,-0.02122,-0.02073,-0.2094,-1.90067,-0.33722,1.39764,0.38767,1.1399,-0.02244,1.03871,2.43532,0.7397,0.20699,-0.31194,0.07613,0.15588,0.59475,-0.10697,0.01993,0.00526,-0.0844,-0.05687,-0.08159,-0.19863,0.06183,0.01044,0.00247
71.62,0.01868,-0.02529,-0.013,0.07465,0.16159,-0.00175,-0.21734,-0.01073,-0.06128,-0.11265,-0.11166,-0,-0.85011,0.03348,-0.01743,-0.28691,-1.71442,-0.33965,1.15082,0.2805,1.07395,-0.01404,0.92365,2.32962,0.40935,0.18674,-0.2654,0.05752,0.12126,0.42741,-0.06509,0.01191,0.003,-0.03344,-0.04955,-0.08613,-0.30952,0.09077,0.01691,0.0045
71.64,0.0217,-0.024,-0.01091,0.07326,0.14815,-0.00169,-0.23507,-0.01133,-0.04662,-0.11472,-0.09751,-0,-0.86206,0.0759,-0.01352,-0.33779,-1.49355,-0.34959,0.90137,0.13871,0.95624,-0.00733,0.79807,2.1037,0.10452,0.15441,-0.2179,0.04071,0.08989,0.27569,-0.02752,0.00438,0.0008,0.02285,-0.04383,-0.0896,-0.42963,0.12195,0.02374,0.0066
71.66,0.02363,-0.02299,-0.00874,0.07238,0.13321,-0.00366,-0.25152,-0.00872,-0.0313,-0.11847,-0.08475,0,-0.85664,0.10377,-0.00916,-0.36181,-1.25609,-0.36906,0.67035,-0.02273,0.79591,-0.00206,0.66083,1.77371,-0.17843,0.11206,-0.17117,0.02716,0.06527,0.14434,0.00439,-0.00236,-0.00125,0.08267,-0.03993,-0.09238,-0.55594,0.15397,0.03085,0.00878
71.68,0.02443,-0.02231,-0.00655,0.07138,0.11759,-0.0073,-0.26712,-0.00216,-0.01684,-0.12684,-0.07711,0,-0.83809,0.11838,-0.00447,-0.36531,-1.01868,-0.40004,0.46921,-0.20087,0.60204,0.00199,0.51197,1.36671,-0.45899,0.06349,-0.12696,0.01763,0.049,0.0356,0.02985,-0.00805,-0.00304,0.1431,-0.03763,-0.09461,-0.68361,0.18464,0.03799,0.01104
71.7,0.02407,-0.02194,-0.00442,0.06931,0.10248,-0.01187,-0.2824,0.00893,-0.00501,-0.1425,-0.07911,0,-0.81317,0.12389,0.00045,-0.35996,-0.79785,-0.44411,0.30218,-0.40201,0.38469,0.00499,0.35361,0.92116,-0.76742,0.01417,-0.08725,0.01235,0.04104,-0.04966,0.04841,-0.0124,-0.00443,0.19984,-0.03633,-0.09614,-0.80532,0.21091,0.04474,0.01328
71.72,0.0225,-0.02189,-0.00239,0.06511,0.08915,-0.01641,-0.29798,0.02483,0.00248,-0.16717,-0.09491,0,-0.78945,0.12586,0.00545,-0.35938,-0.6085,-0.50176,0.16868,-0.6356,0.15464,0.00708,0.18962,0.48044,-1.13421,-0.02984,-0.05406,0.01113,0.04016,-0.11145,0.05987,-0.01517,-0.0053,0.24803,-0.03524,-0.09661,-0.91234,0.22947,0.05058,0.0154
71.74,0.01972,-0.02209,-0.00047,0.05796,0.07855,-0.02012,-0.3145,0.04519,0.00471,-0.20067,-0.12646,0,-0.77268,0.12925,0.01041,-0.37435,-0.4603,-0.57135,0.06534,-0.90614,-0.07763,0.00837,0.02447,0.08214,-1.57589,-0.06376,-0.02876,0.01342,0.04445,-0.15079,0.06441,-0.0162,-0.00555,0.28367,-0.03355,-0.09549,-0.99668,0.23774,0.05503,0.01728
71.76,0.01578,-0.02248,0.00132,0.04756,0.07092,-0.0225,-0.33258,0.06879,0.00199,-0.24015,-0.17206,0,-0.76512,0.1371,0.01512,-0.40945,-0.35575,-0.64817,-0.01222,-1.20662,-0.30182,0.00905,-0.13702,-0.24803,-2.08367,-0.08529,-0.01171,0.01835,0.05156,-0.16966,0.06268,-0.01552,-0.00518,0.30453,-0.03052,-0.09217,-1.05235,0.23463,0.05778,0.01881
71.78,0.01081,-0.02296,0.00299,0.03423,0.06585,-0.02339,-0.3526,0.09331,-0.00403,-0.27961,-0.22569,0,-0.76515,0.15006,0.01934,-0.46195,-0.29055,-0.72362,-0.06831,-1.51453,-0.50604,0.00931,-0.28846,-0.49515,-2.61678,-0.09467,-0.00235,0.0247,0.05879,-0.17083,0.05583,-0.01336,-0.00426,0.31017,-0.02563,-0.08599,-1.07517,0.22065,0.05866,0.01989
71.8,0.00506,-0.02339,0.00451,0.01893,0.0624,-0.02295,-0.37462,0.11532,-0.01052,-0.31013,-0.27739,0,-0.76785,0.16665,0.02273,-0.52252,-0.25527,-0.78538,-0.1065,-1.79229,-0.67578,0.00938,-0.42114,-0.65189,-3.10385,-0.09422,0.00063,0.03097,0.06313,-0.15752,0.04538,-0.01008,-0.00291,0.30159,-0.0185,-0.07628,-1.06226,0.19776,0.05762,0.0204
71.82,-0.00118,-0.02365,0.00589,0.003,0.05932,-0.0215,-0.39827,0.13107,-0.01421,-0.32201,-0.31571,0,-0.76679,0.18408,0.02492,-0.57838,-0.23807,-0.82039,-0.12956,-1.99648,-0.79638,0.00947,-0.52568,-0.71709,-3.46151,-0.08738,-0.0011,0.03562,0.06175,-0.13305,0.03301,-0.00615,-0.00132,0.2808,-0.009,-0.06256,-1.01217,0.16871,0.05471,0.02025
71.84,-0.00759,-0.02359,0.00711,-0.01235,0.05536,-0.01939,-0.42272,0.13766,-0.01245,-0.30808,-0.33154,0,-0.75654,0.19962,0.02565,-0.61811,-0.22805,-0.8195,-0.13994,-2.09306,-0.85792,0.00969,-0.59533,-0.69558,-3.62403,-0.07737,-0.00574,0.03751,0.05276,-0.10052,0.02018,-0.00202,0.00033,0.2502,0.00275,-0.04475,-0.92542,0.13619,0.05006,0.01938
71.86,-0.01389,-0.02311,0.00822,-0.02618,0.04949,-0.0169,-0.44657,0.13387,-0.00395,-0.26602,-0.32065,0,-0.73448,0.21144,0.02487,-0.63477,-0.2175,-0.78075,-0.14003,-2.06759,-0.85846,0.01002,-0.62814,-0.59847,-3.5636,-0.06641,-0.0116,0.03619,0.0358,-0.06269,0.00788,0.002,0.00191,0.21243,0.01627,-0.02338,-0.80539,0.10233,0.04386,0.0178
71.88,-0.01977,-0.02216,0.00929,-0.0379,0.04099,-0.01423,-0.46764,0.12036,0.01098,-0.19919,-0.28447,0,-0.70141,0.21868,0.02277,-0.6266,-0.20259,-0.71042,-0.13226,-1.92776,-0.80467,0.01035,-0.62706,-0.44363,-3.29531,-0.05552,-0.01712,0.03195,0.01224,-0.02223,-0.00324,0.00563,0.00331,0.17053,0.03064,0.00012,-0.65922,0.06878,0.03646,0.0156
71.9,-0.02488,-0.0207,0.01039,-0.04707,0.02946,-0.01152,-0.48295,0.09947,0.03058,-0.11626,-0.22935,0,-0.66123,0.2213,0.01972,-0.59624,-0.18307,-0.6221,-0.11893,-1.70072,-0.71069,0.01039,-0.5991,-0.25512,-2.87211,-0.04476,-0.02082,0.02573,-0.01492,0.01807,-0.01284,0.00869,0.00444,0.12808,0.04448,0.02349,-0.49808,0.03703,0.02837,0.01297
71.92,-0.02885,-0.01873,0.01159,-0.05339,0.01486,-0.00888,-0.48926,0.07444,0.05224,-0.02857,-0.16435,0,-0.61933,0.21973,0.0162,-0.54906,-0.16105,-0.53271,-0.10218,-1.4242,-0.5944,0.00988,-0.55331,-0.05936,-2.36724,-0.03357,-0.02144,0.01881,-0.04193,0.05551,-0.02076,0.01102,0.00524,0.08873,0.05618,0.04406,-0.33505,0.00835,0.02013,0.01012
71.94,-0.03142,-0.01632,0.01293,-0.05675,-0.00265,-0.00634,-0.48406,0.04825,0.07345,0.05356,-0.09784,0,-0.58014,0.21441,0.01264,-0.49074,-0.13904,-0.45656,-0.08375,-1.13382,-0.47225,0.00863,-0.49821,0.12094,-1.84911,-0.02132,-0.01813,0.01222,-0.06567,0.08793,-0.02699,0.01256,0.00567,0.05541,0.0644,0.0596,-0.18149,-0.01637,0.01226,0.00726
71.96,-0.03249,-0.01356,0.01438,-0.05729,-0.02256,-0.00392,-0.46627,0.02301,0.0924,0.12322,-0.03556,0,-0.54566,0.20559,0.00934,-0.42589,-0.11879,-0.40156,-0.06497,-0.85547,-0.35624,0.00669,-0.44022,0.27021,-1.36603,-0.00769,-0.01062,0.00649,-0.08443,0.11394,-0.03156,0.01331,0.00576,0.02977,0.06834,0.06881,-0.04511,-0.03666,0.00511,0.00456
71.98,-0.03213,-0.01063,0.01586,-0.05531,-0.04398,-0.0016,-0.43652,-0.0001,0.10794,0.17692,0.0195,0,-0.51526,0.19321,0.00647,-0.35812,-0.10108,-0.36867,-0.04689,-0.60547,-0.25396,0.00434,-0.38367,0.37971,-0.94585,0.00712,0.00072,0.00154,-0.09803,0.1328,-0.03456,0.01339,0.00555,0.01235,0.06783,0.07138,0.06945,-0.05235,-0.00103,0.00215
72,-0.03056,-0.00776,0.01719,-0.05131,-0.06546,0.00063,-0.39705,-0.0205,0.11941,0.21379,0.06639,0,-0.48631,0.17712,0.00412,-0.29059,-0.086,-0.35309,-0.03039,-0.39316,-0.16971,0.00207,-0.33135,0.44596,-0.60106,0.02238,0.01489,-0.00316,-0.10748,0.14411,-0.03604,0.01296,0.00515,0.00282,0.06317,0.06781,0.15945,-0.06337,-0.00596,0.00014
72.02,-0.02806,-0.00525,0.01817,-0.04588,-0.08536,0.00276,-0.351,-0.03804,0.12649,0.23466,0.10544,0,-0.45518,0.1571,0.00227,-0.22591,-0.07319,-0.34676,-0.0162,-0.22265,-0.10527,0.00048,-0.28484,0.4694,-0.3332,0.03701,0.03052,-0.00833,-0.11441,0.14781,-0.03606,0.01221,0.00468,0.00032,0.05501,0.05911,0.22361,-0.06971,-0.00948,-0.00139
72.04,-0.02489,-0.00329,0.01864,-0.03956,-0.10226,0.0048,-0.3014,-0.05283,0.1292,0.24122,0.13755,0,-0.41864,0.13316,0.00091,-0.16592,-0.06211,-0.34165,-0.00477,-0.09383,-0.06041,-0,-0.24464,0.45345,-0.13679,0.05001,0.04631,-0.01457,-0.12038,0.14416,-0.03468,0.01131,0.00422,0.00369,0.04414,0.04647,0.26221,-0.07158,-0.01154,-0.00237
72.06,-0.02128,-0.00197,0.01849,-0.03286,-0.11527,0.00672,-0.25057,-0.06503,0.12774,0.23537,0.16359,0,-0.37492,0.10567,-4e-05,-0.11161,-0.05232,-0.33204,0.00375,-0.00332,-0.03331,0.00078,-0.2105,0.40396,-0.00238,0.06068,0.06124,-0.02208,-0.12633,0.13387,-0.03205,0.01038,0.00384,0.01164,0.03142,0.03109,0.27721,-0.06941,-0.01219,-0.00282
72.08,-0.01737,-0.00125,0.01771,-0.02622,-0.124,0.00849,-0.20042,-0.07473,0.12258,0.21912,0.18401,0,-0.32429,0.07566,-0.00064,-0.06356,-0.04356,-0.31517,0.00951,0.05436,-0.02095,0.00264,-0.18172,0.32935,0.08134,0.06855,0.0745,-0.03052,-0.13241,0.11813,-0.02837,0.0095,0.00356,0.02273,0.01783,0.01418,0.27201,-0.06392,-0.01162,-0.0028
72.1,-0.01333,-0.00099,0.01636,-0.02011,-0.12842,0.01003,-0.15275,-0.08187,0.11436,0.19453,0.1987,0,-0.26914,0.04493,-0.00097,-0.0224,-0.03585,-0.29103,0.01277,0.08584,-0.01951,0.0051,-0.15745,0.24045,0.12611,0.07334,0.08541,-0.03906,-0.13804,0.09862,-0.02396,0.00871,0.00337,0.03541,0.00451,-0.00291,0.25109,-0.05603,-0.01013,-0.00242
72.12,-0.00929,-0.001,0.01456,-0.01494,-0.12873,0.01123,-0.10927,-0.08631,0.10383,0.16356,0.20721,0,-0.21314,0.01563,-0.00111,0.01129,-0.02935,-0.26147,0.01393,0.09789,-0.02496,0.00756,-0.13687,0.14873,0.14297,0.07493,0.09339,-0.04659,-0.14216,0.07727,-0.01918,0.008,0.00323,0.0481,-0.00738,-0.01882,0.21937,-0.0468,-0.00806,-0.00181
72.14,-0.00535,-0.00107,0.01242,-0.01096,-0.12526,0.01201,-0.07119,-0.08796,0.09171,0.12792,0.20927,0,-0.15983,-0.01036,-0.00111,0.03726,-0.02416,-0.22891,0.01343,0.09662,-0.03372,0.00946,-0.11914,0.06377,0.14146,0.07333,0.09805,-0.05213,-0.14364,0.05585,-0.01435,0.00737,0.0031,0.0595,-0.01693,-0.03249,0.18132,-0.03711,-0.00573,-0.00109
72.16,-0.00164,-0.00111,0.01006,-0.00824,-0.11847,0.01231,-0.03916,-0.08695,0.07863,0.08908,0.20508,0,-0.11181,-0.03179,-0.00102,0.05578,-0.02023,-0.19551,0.01173,0.08704,-0.0431,0.0105,-0.10354,-0.00834,0.12924,0.06879,0.09926,-0.05504,-0.14164,0.0358,-0.00976,0.00678,0.00296,0.06867,-0.02368,-0.04324,0.14059,-0.02764,-0.00338,-0.00036
72.18,0.00174,-0.00103,0.00761,-0.00661,-0.10895,0.01213,-0.01349,-0.0836,0.06524,0.04854,0.19546,0,-0.07093,-0.04799,-0.00088,0.0675,-0.01734,-0.16325,0.00932,0.0729,-0.05126,0.01059,-0.08952,-0.06476,0.11199,0.06181,0.09711,-0.05512,-0.13563,0.01834,-0.00567,0.0062,0.00277,0.07506,-0.02758,-0.05075,0.10017,-0.01888,-0.00121,0.0003
72.2,0.0046,-0.00084,0.00523,-0.00577,-0.09742,0.01148,0.00561,-0.07842,0.05225,0.00805,0.18179,0,-0.03866,-0.05864,-0.00072,0.07328,-0.01515,-0.13411,0.00674,0.05685,-0.05718,0.00989,-0.07688,-0.10508,0.09356,0.0531,0.09192,-0.05249,-0.12543,0.00461,-0.00232,0.0056,0.00253,0.07832,-0.02892,-0.05492,0.06271,-0.01117,0.00064,0.00086
72.22,0.00677,-0.00058,0.00305,-0.00535,-0.08468,0.01039,0.01799,-0.07202,0.0404,-0.03058,0.16567,0,-0.01611,-0.06368,-0.00056,0.07398,-0.01328,-0.10987,0.00447,0.04059,-0.06042,0.00866,-0.06563,-0.13043,0.07628,0.04349,0.08409,-0.04749,-0.11112,-0.00447,7e-05,0.00496,0.00222,0.07833,-0.02814,-0.05579,0.0304,-0.0048,0.00208,0.00126
72.24,0.00809,-0.00032,0.00121,-0.00502,-0.07136,0.00888,0.02373,-0.06488,0.03019,-0.06595,0.1486,0,-0.00373,-0.06328,-0.00041,0.07041,-0.01143,-0.09166,0.00287,0.02517,-0.06087,0.00718,-0.05583,-0.14257,0.06135,0.03371,0.07407,-0.04058,-0.09304,-0.00838,0.00144,0.00424,0.00184,0.07514,-0.02568,-0.05348,0.00469,0.0001,0.00303,0.00149
72.26,0.00853,-9e-05,-0.00024,-0.00458,-0.05789,0.007,0.0233,-0.05736,0.02187,-0.09732,0.13171,0,-0.00115,-0.05784,-0.00028,0.06324,-0.00941,-0.07969,0.00213,0.0112,-0.05867,0.00566,-0.04745,-0.14328,0.04922,0.02428,0.0623,-0.03222,-0.07185,-0.00722,0.00191,0.00342,0.0014,0.06893,-0.02188,-0.04814,-0.01387,0.00351,0.00349,0.00155
72.28,0.00811,4e-05,-0.00129,-0.00399,-0.04457,0.00476,0.01751,-0.04966,0.01542,-0.12437,0.11584,0,-0.00721,-0.04798,-0.00018,0.05305,-0.0072,-0.07325,0.00225,-0.00097,-0.05409,0.00425,-0.04042,-0.13411,0.03977,0.01559,0.04929,-0.02296,-0.04863,-0.0017,0.00182,0.00249,0.0009,0.06011,-0.01695,-0.04001,-0.02547,0.00554,0.00348,0.00144
72.3,0.00693,4e-05,-0.00195,-0.00333,-0.03166,0.00221,0.00748,-0.04193,0.01068,-0.14697,0.10171,0,-0.02005,-0.0346,-0.0001,0.04036,-0.00494,-0.07097,0.00308,-0.01115,-0.04761,0.00301,-0.03468,-0.11645,0.03242,0.00794,0.03571,-0.01347,-0.02501,0.00683,0.00169,0.00142,0.00036,0.0493,-0.01104,-0.02939,-0.03085,0.00632,0.00306,0.00118
72.32,0.00516,-0.00012,-0.00226,-0.00281,-0.0194,-0.00059,-0.00548,-0.03426,0.00741,-0.16514,0.08981,0,-0.03753,-0.0187,-4e-05,0.02565,-0.00287,-0.07114,0.00434,-0.01924,-0.03975,0.00199,-0.03022,-0.09151,0.02636,0.00155,0.02237,-0.00441,-0.00289,0.01647,0.00219,0.00022,-0.00019,0.03722,-0.00422,-0.01667,-0.03108,0.00606,0.00231,0.0008
72.34,0.00296,-0.00047,-0.00229,-0.00271,-0.00797,-0.00356,-0.02014,-0.02668,0.00543,-0.17912,0.08033,0,-0.05764,-0.00123,0,0.00939,-0.00122,-0.07213,0.00577,-0.02532,-0.03104,0.00118,-0.02693,-0.06062,0.0208,-0.00342,0.01017,0.00371,0.01609,0.02485,0.00408,-0.00109,-0.00073,0.02457,0.0035,-0.00232,-0.02731,0.00491,0.00131,0.00034
72.36,0.00051,-0.00099,-0.00211,-0.00334,0.00254,-0.00664,-0.0354,-0.01919,0.00464,-0.18944,0.07304,0,-0.07877,0.01698,3e-05,-0.00796,-0.00016,-0.07269,0.00714,-0.02959,-0.02192,0.00058,-0.02467,-0.02539,0.01513,-0.00693,6e-05,0.01062,0.03078,0.02911,0.00814,-0.00253,-0.00123,0.0119,0.01214,0.01312,-0.02069,0.00305,0.00014,-0.00017
72.38,-0.00199,-0.00165,-0.0018,-0.00504,0.01204,-0.00971,-0.05017,-0.01182,0.0051,-0.19682,0.06736,0,-0.09962,0.03508,4e-05,-0.02575,0.00023,-0.07202,0.00826,-0.03239,-0.0128,0.00016,-0.02318,0.01194,0.00899,-0.00898,-0.00685,0.01629,0.04051,0.02587,0.01515,-0.00407,-0.00163,-0.00026,0.02167,0.02889,-0.01238,0.00063,-0.00111,-0.0007
72.4,-0.00431,-0.00239,-0.00147,-0.00817,0.02035,-0.01262,-0.06334,-0.00465,0.00695,-0.20206,0.0625,0,-0.11902,0.05213,5e-05,-0.0431,-9e-05,-0.06972,0.00898,-0.0341,-0.00416,-0.00011,-0.02218,0.0484,0.00233,-0.00963,-0.00926,0.02081,0.04487,0.01127,0.02584,-0.00567,-0.00191,-0.01134,0.03196,0.04394,-0.00354,-0.00218,-0.00237,-0.0012
72.42,-0.00622,-0.00311,-0.00121,-0.01308,0.02725,-0.01517,-0.07381,0.00215,0.01041,-0.20596,0.05753,0,-0.13596,0.06715,5e-05,-0.059,-0.00111,-0.06565,0.00917,-0.0351,0.00353,-0.00028,-0.0214,0.08085,-0.00471,-0.00897,-0.00584,0.02436,0.04357,-0.0188,0.04077,-0.00726,-0.00198,-0.02078,0.04279,0.057,0.0047,-0.00523,-0.00352,-0.00163
72.44,-0.00751,-0.00374,-0.00113,-0.02008,0.0326,-0.01715,-0.08072,0.0084,0.01562,-0.20926,0.05168,0,-0.14966,0.07937,4e-05,-0.07264,-0.0028,-0.05973,0.00876,-0.03567,0.00994,-0.00036,-0.02063,0.10704,-0.01188,-0.00721,0.00451,0.02714,0.03621,-0.06821,0.06021,-0.00869,-0.00177,-0.0282,0.05387,0.06683,0.01144,-0.00835,-0.00447,-0.00194
72.46,-0.00803,-0.00418,-0.0013,-0.02938,0.03636,-0.01835,-0.08356,0.01394,0.02256,-0.2126,0.04445,0,-0.15966,0.08838,4e-05,-0.0836,-0.00515,-0.05182,0.00767,-0.03597,0.01485,-0.00039,-0.01974,0.12617,-0.01889,-0.00466,0.02235,0.0293,0.02225,-0.14009,0.08391,-0.00975,-0.00118,-0.03348,0.06487,0.07232,0.01601,-0.01137,-0.00512,-0.00209
72.48,-0.00769,-0.00434,-0.0018,-0.04101,0.03861,-0.01858,-0.08213,0.01855,0.03098,-0.21649,0.03567,0,-0.16569,0.09404,3e-05,-0.09175,-0.00808,-0.04179,0.00591,-0.03601,0.0182,-0.00037,-0.01876,0.13892,-0.02541,-0.00183,0.04758,0.03094,0.00098,-0.23626,0.11092,-0.01014,-0.00012,-0.03673,0.07529,0.07249,0.01801,-0.01412,-0.00539,-0.00206
72.5,-0.00643,-0.00416,-0.00268,-0.05476,0.0395,-0.01764,-0.07654,0.02198,0.04037,-0.22125,0.02559,0,-0.16758,0.09639,2e-05,-0.09715,-0.01153,-0.02951,0.00353,-0.03564,0.02001,-0.00034,-0.01781,0.14709,-0.03099,0.00067,0.07931,0.03208,-0.02825,-0.35672,0.13954,-0.00949,0.00154,-0.03822,0.08446,0.06644,0.01723,-0.01633,-0.00517,-0.00179
72.52,-0.00425,-0.00354,-0.00398,-0.0702,0.03917,-0.01531,-0.06708,0.02395,0.05006,-0.22712,0.01472,0,-0.16523,0.09556,2e-05,-0.09994,-0.01539,-0.01496,0.00059,-0.03465,0.02032,-0.00029,-0.01708,0.15291,-0.03512,0.00222,0.11602,0.03267,-0.06593,-0.49968,0.16766,-0.00743,0.00388,-0.03831,0.0916,0.05357,0.01359,-0.01771,-0.00439,-0.00128
72.54,-0.0012,-0.00243,-0.00571,-0.08676,0.0378,-0.01144,-0.05409,0.02423,0.05939,-0.23425,0.00362,0,-0.15858,0.09167,1e-05,-0.10024,-0.01957,0.00176,-0.00283,-0.03284,0.01913,-0.00024,-0.01678,0.15812,-0.03734,0.00246,0.15571,0.03261,-0.1121,-0.6617,0.1935,-0.00376,0.00691,-0.03737,0.09602,0.03387,0.00707,-0.01789,-0.00301,-0.00052
72.56,0.00265,-0.00084,-0.0079,-0.10367,0.03549,-0.00596,-0.03796,0.02277,0.0678,-0.24279,-0.00714,0,-0.14762,0.08478,1e-05,-0.09808,-0.024,0.02032,-0.00662,-0.0301,0.01643,-0.00017,-0.0171,0.16337,-0.03733,0.00142,0.19593,0.03175,-0.16604,-0.83732,0.21592,0.00147,0.01057,-0.03571,0.0973,0.00825,-0.00228,-0.01645,-0.00103,0.00045
72.58,0.00713,0.00121,-0.01052,-0.11985,0.03238,0.00108,-0.01923,0.01968,0.07477,-0.25279,-0.01697,0,-0.1325,0.07494,0,-0.0934,-0.02857,0.04002,-0.01067,-0.02642,0.01215,-7e-05,-0.01815,0.16803,-0.03491,-0.00039,0.23345,0.02996,-0.22582,-1.01755,0.23436,0.0079,0.01464,-0.0336,0.09527,-0.02127,-0.01428,-0.0129,0.00144,0.00157
72.6,0.01197,0.00361,-0.01349,-0.13384,0.02858,0.00948,0.00132,0.01524,0.07976,-0.26418,-0.02518,0,-0.11355,0.06223,-0,-0.08603,-0.03317,0.05972,-0.0148,-0.02194,0.0062,5e-05,-0.02002,0.17026,-0.03001,-0.00211,0.26414,0.02706,-0.28801,-1.18927,0.24862,0.01484,0.01876,-0.03126,0.08993,-0.05148,-0.02865,-0.00672,0.00423,0.00272
72.62,0.01685,0.00623,-0.01672,-0.1439,0.02427,0.01889,0.02279,0.00981,0.08227,-0.27688,-0.03094,0,-0.09123,0.0467,-1e-05,-0.07577,-0.03761,0.07808,-0.01879,-0.01698,-0.00149,0.00021,-0.02272,0.16752,-0.02265,-0.00275,0.2837,0.02289,-0.34815,-1.33725,0.25863,0.02143,0.02249,-0.02882,0.08133,-0.07869,-0.04523,0.00275,0.00716,0.00376
72.64,0.02144,0.00893,-0.02008,-0.14836,0.01975,0.02896,0.0443,0.00375,0.08186,-0.29095,-0.03338,0,-0.06593,0.02833,-1e-05,-0.06234,-0.04168,0.09407,-0.02242,-0.01199,-0.01101,0.00043,-0.02614,0.15742,-0.01296,-0.00173,0.28884,0.01726,-0.40162,-1.44816,0.26428,0.02691,0.02545,-0.0262,0.06928,-0.0998,-0.06438,0.01631,0.01012,0.00461
72.66,0.02546,0.01162,-0.02346,-0.14579,0.01548,0.03926,0.06511,-0.00262,0.07827,-0.3067,-0.03167,0,-0.03807,0.00706,-1e-05,-0.04555,-0.04516,0.1072,-0.02549,-0.00763,-0.0224,0.00071,-0.03006,0.13828,-0.00114,0.00091,0.27816,0.01007,-0.44414,-1.51298,0.26528,0.03074,0.02735,-0.0231,0.05331,-0.11297,-0.08721,0.03495,0.01317,0.00524
72.68,0.0286,0.01422,-0.0267,-0.13506,0.01214,0.04926,0.08443,-0.00899,0.07144,-0.32457,-0.02494,0,-0.00819,-0.01707,-1e-05,-0.02535,-0.04777,0.11749,-0.02778,-0.00481,-0.03555,0.00105,-0.03407,0.10939,0.01241,0.00435,0.25243,0.00128,-0.47151,-1.52697,0.26109,0.03264,0.02805,-0.01899,0.03265,-0.11766,-0.11544,0.0597,0.01649,0.00571
72.7,0.03056,0.01662,-0.0296,-0.11535,0.01062,0.05828,0.10132,-0.01502,0.06149,-0.34501,-0.0124,0,0.02282,-0.04375,-1e-05,-0.00199,-0.04919,0.12536,-0.02905,-0.00462,-0.05014,0.00143,-0.03759,0.07099,0.02706,0.00712,0.21431,-0.00899,-0.47941,-1.48885,0.25098,0.03253,0.02746,-0.0131,0.00653,-0.11438,-0.15125,0.09145,0.02037,0.00611
72.72,0.03106,0.01875,-0.03191,-0.08626,0.01184,0.06556,0.11487,-0.02036,0.04872,-0.3684,0.00657,0,0.05393,-0.0724,-0,0.02402,-0.04905,0.13151,-0.02905,-0.00815,-0.06562,0.00185,-0.03982,0.02369,0.04197,0.00751,0.16755,-0.02063,-0.46424,-1.40026,0.23429,0.03046,0.02563,-0.00423,-0.0256,-0.10408,-0.19715,0.13081,0.02514,0.00659
72.74,0.0299,0.02051,-0.03339,-0.04792,0.01652,0.07045,0.1245,-0.02472,0.03352,-0.39503,0.03223,0,0.08433,-0.10224,-0,0.05191,-0.04705,0.1369,-0.0276,-0.01609,-0.08122,0.00226,-0.03989,-0.03247,0.05627,0.00419,0.11569,-0.03364,-0.42455,-1.26543,0.21085,0.02669,0.02265,0.00944,-0.0637,-0.08742,-0.25589,0.17784,0.03111,0.00731
72.76,0.02706,0.02186,-0.0338,-0.00131,0.02493,0.07252,0.13021,-0.02787,0.01644,-0.42494,0.06418,0,0.11361,-0.13227,0,0.08066,-0.04303,0.14263,-0.0246,-0.02846,-0.09593,0.00261,-0.03684,-0.09837,0.0691,-0.00332,0.06137,-0.04822,-0.36222,-1.09164,0.18133,0.02158,0.01877,0.03051,-0.10664,-0.06435,-0.33022,0.23181,0.0385,0.00841
72.78,0.02269,0.02279,-0.03292,0.05141,0.03679,0.07159,0.13254,-0.02968,-0.00177,-0.45771,0.10109,0,0.14154,-0.16096,0,0.10875,-0.037,0.14998,-0.02009,-0.04443,-0.10838,0.00283,-0.02963,-0.17549,0.07953,-0.01448,0.00662,-0.06469,-0.28314,-0.89046,0.14756,0.01574,0.01434,0.06223,-0.15189,-0.03413,-0.42229,0.29066,0.04734,0.01002
72.8,0.01713,0.02327,-0.03056,0.1067,0.05134,0.06769,0.13244,-0.03005,-0.01996,-0.49231,0.14065,0,0.16785,-0.18618,1e-05,0.13402,-0.02912,0.16019,-0.01422,-0.06234,-0.11679,0.00284,-0.01727,-0.26527,0.08648,-0.02784,-0.04681,-0.08332,-0.19703,-0.6781,0.11257,0.00993,0.00988,0.10827,-0.19541,0.0044,-0.53312,0.35084,0.05749,0.01222
72.82,0.0108,0.02326,-0.02653,0.16035,0.06757,0.06107,0.13088,-0.02896,-0.03683,-0.5274,0.18005,0,0.192,-0.20551,1e-05,0.15408,-0.0197,0.17414,-0.00722,-0.08017,-0.11934,0.00255,0.001,-0.36835,0.089,-0.04149,-0.09745,-0.10407,-0.11493,-0.47249,0.07986,0.00494,0.00592,0.17223,-0.23251,0.05238,-0.66247,0.40789,0.06863,0.01508
72.84,0.00402,0.02273,-0.02075,0.2086,0.08472,0.05226,0.12829,-0.02662,-0.05113,-0.56186,0.21682,0,0.21312,-0.21693,1e-05,0.16695,-0.00902,0.1918,0.00073,-0.0961,-0.11474,0.00191,0.0253,-0.48375,0.0866,-0.05373,-0.1444,-0.12633,-0.04552,-0.28801,0.05228,0.00129,0.00284,0.25699,-0.25945,0.11034,-0.80891,0.45759,0.08037,0.01861
72.86,-0.00304,0.02158,-0.0132,0.2488,0.10246,0.04215,0.1242,-0.02348,-0.06187,-0.59513,0.24936,0,0.2298,-0.21917,1e-05,0.17154,0.00268,0.2118,0.00949,-0.10891,-0.1027,0.00094,0.05481,-0.60796,0.0796,-0.0635,-0.18739,-0.14861,0.00731,-0.13263,0.03133,-0.00092,0.00074,0.36393,-0.27435,0.17763,-0.96931,0.49659,0.09226,0.02274
72.88,-0.01037,0.01972,-0.00408,0.27929,0.12089,0.03206,0.1172,-0.02032,-0.06823,-0.62698,0.27674,0,0.23997,-0.21188,1e-05,0.16766,0.0151,0.2312,0.01897,-0.11801,-0.08405,-0.00027,0.08748,-0.73368,0.06917,-0.07042,-0.22646,-0.1683,0.04464,-0.00837,0.01715,-0.00205,-0.00053,0.49201,-0.27734,0.25175,-1.13758,0.52222,0.10376,0.02731
72.9,-0.01801,0.01703,0.00622,0.29899,0.14032,0.02374,0.10508,-0.01816,-0.0695,-0.65724,0.2985,0,0.24084,-0.19541,0,0.15593,0.02787,0.24552,0.02903,-0.12324,-0.06072,-0.00154,0.11992,-0.84956,0.05732,-0.07466,-0.26162,-0.18173,0.07148,0.08697,0.00885,-0.00283,-0.00137,0.63732,-0.27017,0.32816,-1.30397,0.53225,0.11409,0.03203
72.92,-0.02605,0.0134,0.0172,0.30736,0.16123,0.01904,0.08535,-0.0181,-0.0652,-0.68588,0.31448,0,0.22922,-0.17054,0,0.13735,0.04054,0.24956,0.0395,-0.12471,-0.03525,-0.00268,0.14809,-0.94227,0.04622,-0.07665,-0.29288,-0.18496,0.09491,0.15802,0.00493,-0.00419,-0.00228,0.79406,-0.2556,0.40141,-1.45691,0.52502,0.12244,0.03657
72.94,-0.03454,0.00873,0.02838,0.30456,0.1841,0.01932,0.05592,-0.02093,-0.05532,-0.7132,0.32496,0,0.20221,-0.13805,0,0.11291,0.0528,0.2386,0.05025,-0.1226,-0.00999,-0.00353,0.16827,-1.00019,0.03744,-0.07679,-0.32048,-0.17507,0.12145,0.21015,0.00385,-0.00689,-0.00371,0.95651,-0.23646,0.46703,-1.5864,0.49994,0.12814,0.04061
72.96,-0.04344,0.00297,0.03937,0.29157,0.20938,0.02512,0.01577,-0.02691,-0.04054,-0.73986,0.33062,0,0.15776,-0.0986,-0,0.08337,0.06451,0.20934,0.06119,-0.11703,0.01325,-0.00399,0.17772,-1.01587,0.03131,-0.07526,-0.34499,-0.15117,0.15533,0.24823,0.00435,-0.01136,-0.00592,1.11971,-0.21521,0.52264,-1.68597,0.45802,0.13087,0.04393
72.98,-0.05258,-0.00385,0.04982,0.27029,0.23717,0.03601,-0.03464,-0.03562,-0.02236,-0.7667,0.33255,0,0.09505,-0.05295,-0,0.04938,0.07563,0.16035,0.07221,-0.10808,0.0332,-0.00405,0.17475,-0.98637,0.0269,-0.07193,-0.36714,-0.11471,0.19769,0.27593,0.00561,-0.0176,-0.00893,1.27845,-0.19389,0.56775,-1.75237,0.40222,0.13062,0.04638
73,-0.06157,-0.01158,0.05933,0.24348,0.26717,0.05063,-0.09327,-0.04605,-0.00306,-0.7945,0.33206,0,0.01476,-0.00222,-0,0.01175,0.08613,0.09204,0.08306,-0.09583,0.04892,-0.00377,0.15855,-0.91273,0.0222,-0.06646,-0.38758,-0.06938,0.24671,0.2955,0.00717,-0.02519,-0.01256,1.42628,-0.17429,0.60325,-1.78449,0.33743,0.12763,0.04786
73.02,-0.06991,-0.01995,0.0675,0.2143,0.29863,0.0671,-0.15703,-0.05683,0.01465,-0.82371,0.33048,0,-0.08103,0.05211,-0,-0.02853,0.09598,0.00643,0.09344,-0.08044,0.05973,-0.00324,0.12922,-0.79903,0.01477,-0.05844,-0.40681,-0.02011,0.29865,0.30805,0.00887,-0.03341,-0.01649,1.55624,-0.15773,0.63108,-1.78292,0.2695,0.12233,0.04829
73.04,-0.07716,-0.02872,0.07405,0.18556,0.33069,0.08352,-0.22273,-0.06663,0.02841,-0.85421,0.32875,0,-0.18918,0.10842,-0,-0.07035,0.1052,-0.09341,0.10301,-0.0622,0.06532,-0.00255,0.08777,-0.65137,0.00274,-0.04765,-0.42511,0.02845,0.34949,0.31425,0.01071,-0.04149,-0.02032,1.66286,-0.14469,0.65406,-1.74979,0.20359,0.11514,0.04765
73.06,-0.08307,-0.03759,0.07886,0.15935,0.36231,0.09825,-0.28756,-0.07435,0.0366,-0.88508,0.32727,0,-0.30526,0.16486,-0,-0.11231,0.11382,-0.20329,0.11145,-0.04174,0.06581,-0.0018,0.0363,-0.47765,-0.01457,-0.03426,-0.44255,0.07287,0.39593,0.31476,0.01277,-0.0487,-0.02371,1.74316,-0.13461,0.67573,-1.68883,0.14326,0.10641,0.04597
73.08,-0.08753,-0.04622,0.08194,0.1371,0.3921,0.10992,-0.34864,-0.0792,0.03835,-0.91426,0.32579,0,-0.42267,0.21893,-0,-0.15242,0.12188,-0.31713,0.11841,-0.02014,0.0617,-0.00105,-0.0215,-0.28881,-0.03632,-0.01898,-0.45875,0.11072,0.43525,0.31038,0.01516,-0.05433,-0.02629,1.7963,-0.1259,0.70012,-1.60587,0.09078,0.09651,0.04333
73.1,-0.0905,-0.05417,0.08343,0.11984,0.41817,0.11729,-0.40266,-0.08056,0.03349,-0.93848,0.32351,0,-0.53218,0.26717,0,-0.18789,0.12931,-0.4265,0.12344,0.00098,0.05388,-0.00035,-0.08037,-0.09943,-0.06023,-0.00311,-0.47284,0.14034,0.46506,0.30194,0.01802,-0.05763,-0.02771,1.82271,-0.11618,0.73143,-1.50877,0.04757,0.08582,0.03991
73.12,-0.092,-0.06092,0.08348,0.1082,0.43834,0.11935,-0.44623,-0.07803,0.02241,-0.95384,0.31937,0,-0.62353,0.30576,0,-0.21566,0.13593,-0.52183,0.12602,0.01981,0.04339,0.00026,-0.1343,0.07446,-0.08318,0.0118,-0.48359,0.16076,0.48346,0.2902,0.02141,-0.05786,-0.02758,1.82369,-0.10298,0.77324,-1.40632,0.01438,0.07475,0.0359
73.14,-0.0921,-0.06606,0.08227,0.10224,0.45078,0.1155,-0.47669,-0.07148,0.00596,-0.95675,0.31236,0,-0.68818,0.33154,0,-0.23335,0.14144,-0.59478,0.1257,0.03492,0.03134,0.00076,-0.17823,0.21947,-0.1022,0.02436,-0.48975,0.17203,0.48975,0.27575,0.02531,-0.05432,-0.02558,1.80136,-0.08457,0.82749,-1.30624,-0.00885,0.06366,0.0315
73.16,-0.09086,-0.06936,0.08002,0.10142,0.45437,0.1057,-0.49267,-0.06115,-0.01448,-0.94466,0.30189,0,-0.7212,0.34277,1e-05,-0.23989,0.14545,-0.63969,0.12217,0.04562,0.01875,0.00113,-0.20898,0.32719,-0.11507,0.03366,-0.49021,0.17537,0.48479,0.25893,0.02952,-0.04645,-0.02142,1.75873,-0.06071,0.8936,-1.21419,-0.02305,0.05282,0.0269
73.18,-0.08842,-0.07076,0.07691,0.10454,0.44871,0.09063,-0.494,-0.04772,-0.03691,-0.91626,0.28787,0,-0.7213,0.33917,1e-05,-0.23557,0.1474,-0.65346,0.11528,0.052,0.00664,0.00138,-0.22522,0.39385,-0.1204,0.03925,-0.48405,0.17318,0.47114,0.23996,0.03361,-0.03388,-0.01497,1.69995,-0.03295,0.96773,-1.13427,-0.02985,0.04254,0.02231
73.2,-0.08491,-0.07034,0.07317,0.10992,0.43404,0.07155,-0.4815,-0.03231,-0.05863,-0.87147,0.27072,0,-0.69026,0.32164,1e-05,-0.22187,0.14661,-0.63506,0.10509,0.0547,-0.00387,0.00152,-0.2271,0.41912,-0.1174,0.04103,-0.47056,0.16881,0.45286,0.21905,0.03694,-0.01648,-0.0062,1.63036,-0.00457,1.04282,-1.06962,-0.0314,0.03318,0.01796
73.22,-0.08049,-0.06826,0.06903,0.11568,0.41105,0.05008,-0.45661,-0.01623,-0.0768,-0.81111,0.25126,0,-0.63185,0.29189,1e-05,-0.20091,0.14237,-0.58516,0.09181,0.05471,-0.01177,0.00156,-0.21578,0.40512,-0.10577,0.03917,-0.44924,0.1659,0.43445,0.19649,0.03867,0.00562,0.00478,1.55533,0.02015,1.1103,-1.02229,-0.02999,0.02512,0.01412
73.24,-0.07529,-0.06471,0.06463,0.12031,0.38066,0.02764,-0.42104,-0.00057,-0.08916,-0.73659,0.23032,0,-0.55075,0.25202,0,-0.1749,0.13427,-0.50606,0.07577,0.05306,-0.0164,0.00153,-0.19304,0.35567,-0.08551,0.03402,-0.41999,0.16739,0.4196,0.17269,0.03791,0.03201,0.01773,1.47868,0.03727,1.16291,-0.99237,-0.02762,0.01858,0.01095
73.26,-0.06945,-0.0599,0.06005,0.12292,0.344,0.00521,-0.37669,0.01406,-0.09459,-0.64991,0.20866,0,-0.45203,0.20437,0,-0.14577,0.12235,-0.40191,0.0575,0.05063,-0.01761,0.00144,-0.16107,0.2761,-0.05696,0.0261,-0.3833,0.17492,0.41017,0.14824,0.03374,0.0619,0.03221,1.40174,0.044,1.19652,-0.97754,-0.02575,0.01359,0.0085
73.28,-0.06309,-0.05411,0.05531,0.12335,0.3027,-0.01656,-0.32595,0.02744,-0.09318,-0.55428,0.18709,0,-0.34172,0.15181,0,-0.11528,0.10724,-0.27953,0.03783,0.04809,-0.01583,0.00131,-0.12264,0.17363,-0.0209,0.01614,-0.34053,0.18859,0.40615,0.12415,0.02532,0.09389,0.0475,1.32372,0.03879,1.21024,-0.97307,-0.02523,0.00991,0.0067
73.3,-0.05643,-0.04768,0.05042,0.12203,0.25898,-0.0372,-0.27184,0.03961,-0.08601,-0.45453,0.16657,0,-0.22727,0.09794,0,-0.08524,0.0902,-0.14859,0.01796,0.04597,-0.01197,0.00116,-0.08118,0.05749,0.02124,0.0051,-0.29405,0.20707,0.40585,0.10193,0.01192,0.12581,0.06251,1.24243,0.0212,1.20578,-0.97225,-0.02636,0.00721,0.0054
73.32,-0.04968,-0.04098,0.04535,0.1197,0.21534,-0.0563,-0.21762,0.05073,-0.07477,-0.35621,0.14811,0,-0.11647,0.04655,0,-0.0573,0.0728,-0.02,-0.00069,0.04456,-0.00718,0.001,-0.04023,-0.0626,0.06763,-0.00603,-0.24673,0.22821,0.40654,0.08322,-0.0069,0.15509,0.07598,1.15476,-0.00858,1.18621,-0.96737,-0.02902,0.00507,0.00442
73.34,-0.04301,-0.03426,0.04008,0.11701,0.17386,-0.0735,-0.16593,0.06093,-0.06113,-0.264,0.13248,0,-0.01558,0.00068,0,-0.03262,0.05654,0.09708,-0.01685,0.04396,-0.00248,0.00084,-0.0026,-0.17898,0.11643,-0.01647,-0.20105,0.24987,0.40533,0.06924,-0.03094,0.17938,0.08678,1.05709,-0.05016,1.15428,-0.95111,-0.0329,0.00313,0.00359
73.36,-0.03652,-0.02765,0.03454,0.1142,0.13583,-0.08847,-0.11839,0.07022,-0.04645,-0.18087,0.12,0,0.0717,-0.03798,0,-0.01167,0.04256,0.19683,-0.02964,0.04399,0.00139,0.00065,0.03021,-0.28741,0.16591,-0.02586,-0.15863,0.2704,0.39972,0.06028,-0.0591,0.19689,0.09408,0.94591,-0.10313,1.11153,-0.91748,-0.03759,0.00113,0.00278
73.38,-0.03025,-0.02117,0.02873,0.11112,0.10201,-0.10076,-0.07587,0.07834,-0.03175,-0.10851,0.11067,0,0.14378,-0.06884,0,0.00562,0.03172,0.27639,-0.03844,0.04421,0.00402,0.00041,0.05778,-0.38656,0.21413,-0.03417,-0.12042,0.28868,0.38781,0.05579,-0.08912,0.20637,0.09738,0.81878,-0.16679,1.05829,-0.86227,-0.04256,-0.00101,0.00192
73.4,-0.02425,-0.01481,0.02268,0.10721,0.07289,-0.10968,-0.03888,0.08478,-0.01785,-0.04801,0.10425,0,0.20037,-0.09208,-0,0.01969,0.02467,0.33486,-0.04287,0.04396,0.00532,8e-05,0.08051,-0.47695,0.25859,-0.04161,-0.08711,0.30389,0.36826,0.05448,-0.11751,0.20693,0.09641,0.67495,-0.23973,0.99408,-0.78324,-0.0472,-0.00325,0.001
73.42,-0.01855,-0.00849,0.01647,0.10168,0.04873,-0.11446,-0.00755,0.08884,-0.00537,0.00013,0.10023,0,0.24207,-0.10837,-0,0.03116,0.02186,0.37275,-0.04276,0.04249,0.00535,-0.00039,0.09921,-0.56007,0.29671,-0.04854,-0.0591,0.31547,0.34011,0.05468,-0.14036,0.19806,0.09108,0.51504,-0.31986,0.91816,-0.67976,-0.05082,-0.00543,6e-05
73.44,-0.01305,-0.0021,0.01018,0.0936,0.02936,-0.1145,0.0186,0.08989,0.00529,0.03648,0.09785,0,0.27022,-0.1187,-0,0.0408,0.02332,0.39158,-0.03828,0.03916,0.00433,-0.00107,0.1149,-0.63771,0.32649,-0.05533,-0.03637,0.32317,0.30248,0.0548,-0.15445,0.17978,0.08155,0.33994,-0.40455,0.8301,-0.55246,-0.05277,-0.00739,-0.00084
73.46,-0.00754,0.00452,0.00387,0.0821,0.01408,-0.10956,0.04071,0.08753,0.01397,0.06287,0.09594,0,0.28683,-0.1243,-0,0.04938,0.02861,0.39368,-0.03007,0.03361,0.00252,-0.002,0.12849,-0.71118,0.34708,-0.06225,-0.01844,0.32699,0.25458,0.05354,-0.15814,0.15283,0.06823,0.1508,-0.4905,0.73047,-0.4034,-0.05253,-0.00899,-0.00169
73.48,-0.00167,0.01151,-0.00239,0.06641,0.0018,-0.0998,0.06052,0.08163,0.02067,0.0822,0.09304,0,0.29433,-0.12651,-0,0.05762,0.0367,0.3821,-0.01932,0.02583,0.00026,-0.00324,0.14067,-0.78064,0.35863,-0.06939,-0.00448,0.32723,0.19597,0.05006,-0.15143,0.11891,0.05193,-0.04969,-0.57299,0.62178,-0.23716,-0.04969,-0.01017,-0.00247
73.5,0.00493,0.01898,-0.00847,0.04603,-0.0088,-0.08581,0.08001,0.07231,0.02547,0.09816,0.08739,0,0.2954,-0.12673,-0,0.06612,0.04608,0.36036,-0.00769,0.01616,-0.00206,-0.0048,0.15179,-0.84458,0.36211,-0.07665,0.00649,0.32432,0.12688,0.04392,-0.13578,0.0807,0.03388,-0.25614,-0.64562,0.50887,-0.0615,-0.04396,-0.01086,-0.00317
73.52,0.01265,0.02694,-0.01419,0.02067,-0.01912,-0.06842,0.10116,0.0599,0.02845,0.11481,0.07722,0,0.29275,-0.12632,-0,0.0754,0.05503,0.33215,0.00293,0.00533,-0.004,-0.00668,0.16198,-0.9004,0.35926,-0.08378,0.01542,0.31873,0.04801,0.03508,-0.11349,0.04132,0.01546,-0.46153,-0.70136,0.39778,0.11416,-0.03523,-0.01105,-0.00377
73.54,0.02178,0.0354,-0.01944,-0.00968,-0.03048,-0.04852,0.12559,0.04484,0.02968,0.13623,0.06108,0,0.28906,-0.12662,-0,0.08601,0.06206,0.30081,0.01098,-0.00558,-0.0051,-0.00884,0.17135,-0.94545,0.35258,-0.09057,0.02316,0.31081,-0.03987,0.02389,-0.08691,0.00352,-0.00208,-0.65951,-0.73473,0.29365,0.28163,-0.02358,-0.01075,-0.0043
73.56,0.03248,0.04429,-0.02414,-0.04463,-0.04402,-0.02698,0.15425,0.02771,0.02914,0.16617,0.03814,0,0.28685,-0.12884,-1e-05,0.09855,0.06625,0.26913,0.01547,-0.01514,-0.0049,-0.01116,0.18014,-0.97775,0.34542,-0.09688,0.0303,0.30066,-0.13595,0.01111,-0.05793,-0.03083,-0.01791,-0.84544,-0.7432,0.19959,0.43535,-0.00937,-0.01004,-0.00476
73.58,0.04462,0.05343,-0.02828,-0.08314,-0.06049,-0.00474,0.18714,0.00931,0.02676,0.20775,0.00844,0,0.28851,-0.13406,-1e-05,0.11362,0.06726,0.23954,0.01609,-0.02146,-0.00295,-0.01347,0.18869,-0.9958,0.34205,-0.10266,0.03714,0.2882,-0.23864,-0.002,-0.02815,-0.06056,-0.03149,-1.01512,-0.72733,0.11721,0.57159,0.00659,-0.00906,-0.00518
73.6,0.05781,0.06249,-0.03185,-0.12336,-0.0803,0.01698,0.22323,-0.00918,0.0224,0.2633,-0.02708,0,0.29628,-0.14323,-1e-05,0.13166,0.06523,0.21431,0.01305,-0.02215,0.00121,-0.01548,0.19733,-0.99824,0.34749,-0.10783,0.04364,0.27328,-0.34499,-0.01366,0.001,-0.08492,-0.04244,-1.16354,-0.6904,0.04727,0.68716,0.02307,-0.00802,-0.00559
73.62,0.07145,0.07103,-0.03482,-0.16302,-0.10351,0.03689,0.2608,-0.02646,0.0159,0.33432,-0.06697,0,0.312,-0.157,-1e-05,0.15294,0.06059,0.19541,0.00692,-0.01454,0.00827,-0.01691,0.20644,-0.98341,0.36679,-0.11232,0.04963,0.25583,-0.45117,-0.02188,0.02822,-0.10347,-0.05054,-1.28522,-0.63715,-0.0101,0.77932,0.0386,-0.00713,-0.00602
73.64,0.08499,0.07866,-0.03718,-0.20013,-0.13014,0.05387,0.29824,-0.04131,0.00711,0.42157,-0.1099,0,0.3368,-0.17558,-0,0.17741,0.05382,0.18411,-0.00165,0.00405,0.01927,-0.01753,0.21653,-0.94906,0.40386,-0.11598,0.05509,0.23602,-0.55347,-0.02502,0.05257,-0.11611,-0.05572,-1.37585,-0.57224,-0.05586,0.84636,0.05185,-0.0066,-0.00649
73.66,0.09799,0.08515,-0.03896,-0.23339,-0.16019,0.06714,0.33433,-0.0528,-0.00404,0.52477,-0.15498,0,0.37074,-0.19852,-0,0.20457,0.04531,0.18079,-0.01202,0.036,0.0358,-0.01728,0.22822,-0.89225,0.46049,-0.11863,0.06032,0.21444,-0.64878,-0.02213,0.07351,-0.12311,-0.05812,-1.43311,-0.49945,-0.09214,0.88794,0.06187,-0.00659,-0.00703
73.68,0.11011,0.09033,-0.04018,-0.26203,-0.19343,0.07616,0.36807,-0.06022,-0.01742,0.64184,-0.20148,0,0.41253,-0.22451,-0,0.23328,0.03536,0.18491,-0.02357,0.08308,0.05986,-0.01625,0.24219,-0.80965,0.53577,-0.11998,0.06601,0.19236,-0.73388,-0.01304,0.09075,-0.12502,-0.05803,-1.45637,-0.42192,-0.12201,0.90468,0.06804,-0.00719,-0.00765
73.7,0.12092,0.09409,-0.04083,-0.28548,-0.2292,0.08056,0.39843,-0.06299,-0.03267,0.76836,-0.2485,0,0.45937,-0.25134,0,0.26161,0.02426,0.19511,-0.03561,0.14619,0.09357,-0.01468,0.25902,-0.69827,0.6259,-0.11962,0.07309,0.17172,-0.80485,0.00164,0.10406,-0.12253,-0.05588,-1.44611,-0.3427,-0.14901,0.89779,0.07002,-0.00844,-0.00835
73.72,0.13001,0.09635,-0.04093,-0.30335,-0.26649,0.08013,0.42423,-0.06076,-0.04926,0.89841,-0.29499,0,0.50755,-0.2763,0,0.2872,0.01233,0.20954,-0.04741,0.22493,0.13849,-0.01288,0.27894,-0.55663,0.72476,-0.11704,0.0826,0.15477,-0.85739,0.02077,0.11322,-0.11646,-0.05213,-1.40363,-0.26461,-0.17659,0.86888,0.06766,-0.01033,-0.00913
73.74,0.13704,0.09707,-0.04047,-0.31551,-0.30416,0.075,0.44427,-0.0535,-0.06661,1.0262,-0.33998,0,0.55328,-0.29688,0,0.30788,-0.00011,0.22624,-0.05834,0.317,0.19457,-0.01112,0.3015,-0.38645,0.82507,-0.11167,0.09543,0.14335,-0.88795,0.04288,0.11808,-0.10757,-0.04724,-1.33121,-0.18971,-0.20747,0.82007,0.06106,-0.01283,-0.00995
73.76,0.14179,0.09627,-0.03945,-0.32213,-0.34096,0.06567,0.45733,-0.0417,-0.08418,1.134,-0.38253,0,0.59314,-0.31125,0,0.32203,-0.01268,0.24327,-0.06784,0.41754,0.25924,-0.00956,0.32525,-0.19445,0.91872,-0.1029,0.11216,0.13845,-0.89436,0.06627,0.11859,-0.09657,-0.04161,-1.23255,-0.11928,-0.24315,0.75428,0.05061,-0.01584,-0.01082
73.78,0.14413,0.09402,-0.03788,-0.3236,-0.37523,0.05318,0.46205,-0.02648,-0.10129,1.134,-0.384,0,0.62392,-0.31814,0,0.32854,-0.02482,0.25873,-0.07541,0.51814,0.32673,-0.00825,0.34752,0.00585,0.99618,-0.09017,0.13284,0.14014,-0.87592,0.08887,0.11481,-0.08421,-0.03559,-1.11346,-0.05423,-0.28347,0.67573,0.03709,-0.0192,-0.01168
73.8,0.144,0.09044,-0.03581,-0.32048,-0.40476,0.03906,0.45686,-0.00957,-0.11705,1.134,-0.384,0,0.64227,-0.31678,0,0.32669,-0.03578,0.27052,-0.08051,0.60673,0.38804,-0.00716,0.36433,0.19384,1.04609,-0.07306,0.15694,0.14771,-0.83318,0.10819,0.10684,-0.07127,-0.02957,-0.98217,0.0043,-0.32655,0.59014,0.02162,-0.02267,-0.01251
73.82,0.14137,0.0857,-0.03328,-0.31339,-0.4271,0.02502,0.44022,0.00702,-0.13036,1.134,-0.384,0,0.64486,-0.30676,0,0.31607,-0.04472,0.27639,-0.08267,0.66961,0.43261,-0.0062,0.37105,0.34623,1.0564,-0.05145,0.18343,0.15988,-0.76776,0.12167,0.09491,-0.05855,-0.02389,-0.84793,0.05509,-0.36948,0.50368,0.0055,-0.02599,-0.01324
73.84,0.13628,0.07992,-0.03035,-0.30292,-0.44022,0.0126,0.41103,0.02143,-0.14017,1.134,-0.384,0,0.62871,-0.28799,-0,0.29657,-0.05103,0.27394,-0.08157,0.69501,0.45114,-0.00524,0.36336,0.44424,1.01671,-0.02582,0.211,0.17508,-0.68231,0.12742,0.07943,-0.04665,-0.01882,-0.71844,0.09739,-0.40938,0.42123,-0.01017,-0.02894,-0.01383
73.86,0.12891,0.07323,-0.02708,-0.28968,-0.44301,0.00283,0.36907,0.03232,-0.14545,1.134,-0.384,0,0.59161,-0.26081,-0,0.26853,-0.05453,0.26071,-0.07721,0.67558,0.43747,-0.00419,0.338,0.47843,0.92008,0.00255,0.23807,0.19154,-0.58069,0.12474,0.06107,-0.03593,-0.01445,-0.5987,0.13113,-0.44407,0.34548,-0.02473,-0.03141,-0.01428
73.88,0.11961,0.06577,-0.0236,-0.27435,-0.43531,-0.00372,0.31538,0.03878,-0.14526,1.134,-0.384,0,0.5324,-0.22612,-0,0.23287,-0.05546,0.23424,-0.06992,0.60893,0.38906,-0.00299,0.29307,0.44945,0.76403,0.03124,0.26259,0.20725,-0.46882,0.11416,0.04096,-0.02653,-0.01081,-0.49148,0.15674,-0.47196,0.27724,-0.03783,-0.03336,-0.01458
73.9,0.10891,0.05774,-0.02006,-0.25775,-0.41777,-0.00681,0.2524,0.04029,-0.1387,1.134,-0.384,0,0.45116,-0.18555,-0,0.19128,-0.05439,0.19223,-0.06039,0.49745,0.30683,-0.0016,0.22815,0.36676,0.55089,0.05678,0.28201,0.2199,-0.35496,0.09738,0.02071,-0.0185,-0.00783,-0.39844,0.17481,-0.49176,0.21616,-0.04933,-0.03483,-0.01475
73.92,0.09746,0.04939,-0.01666,-0.24069,-0.39159,-0.00654,0.18337,0.03669,-0.12509,1.134,-0.384,0,0.34916,-0.14106,-0,0.14579,-0.05206,0.1331,-0.04946,0.34738,0.19464,0,0.1443,0.24582,0.2874,0.07547,0.29365,0.2272,-0.24822,0.07668,0.00211,-0.01184,-0.00543,-0.32034,0.186,-0.50251,0.16113,-0.05925,-0.03589,-0.01481
73.94,0.08582,0.04093,-0.01353,-0.22368,-0.3581,-0.00323,0.11138,0.02827,-0.10438,1.134,-0.37593,0,0.22872,-0.09445,-0,0.09826,-0.04914,0.05662,-0.03793,0.16768,0.05861,0.00181,0.04395,0.10427,-0.01628,0.08475,0.29555,0.22742,-0.1559,0.05425,-0.01339,-0.00646,-0.0035,-0.25681,0.19105,-0.50374,0.11044,-0.06766,-0.03658,-0.01477
73.96,0.07436,0.03253,-0.01076,-0.20683,-0.3187,0.0025,0.03896,0.01587,-0.0774,1.09115,-0.30772,0,0.0936,-0.04712,-0,0.05009,-0.04606,-0.03519,-0.02643,-0.03009,-0.09281,0.00382,-0.06875,-0.04002,-0.34597,0.08421,0.28699,0.21983,-0.08192,0.03175,-0.025,-0.00223,-0.00195,-0.20639,0.19081,-0.49571,0.06208,-0.07472,-0.03689,-0.01461
73.98,0.06335,0.02437,-0.00839,-0.18991,-0.27508,0.00975,-0.03152,0.00096,-0.04617,0.95674,-0.23062,0,-0.04997,-0.00034,0,0.00255,-0.04302,-0.13729,-0.01545,-0.23033,-0.24775,0.00601,-0.18704,-0.16838,-0.68096,0.07576,0.26873,0.2048,-0.02707,0.01038,-0.0326,0.00102,-0.00068,-0.16689,0.18625,-0.47947,0.01414,-0.08056,-0.03676,-0.01428
74,0.05305,0.01669,-0.0064,-0.17255,-0.22942,0.01734,-0.09731,-0.01435,-0.0139,0.81395,-0.15166,0,-0.19276,0.04439,0,-0.04289,-0.04001,-0.24142,-0.00549,-0.41295,-0.39056,0.00832,-0.30121,-0.2611,-0.99297,0.06333,0.24282,0.18371,0.01012,-0.00896,-0.03654,0.00342,0.00034,-0.13594,0.1784,-0.45676,-0.03474,-0.08521,-0.0361,-0.01373
74.02,0.04368,0.00976,-0.00479,-0.15431,-0.18414,0.02402,-0.15555,-0.02775,0.01573,0.67002,-0.07889,0,-0.32415,0.08548,0,-0.08465,-0.03693,-0.3378,0.00304,-0.55698,-0.50468,0.01066,-0.40043,-0.30029,-1.25135,0.05162,0.21211,0.15854,0.03251,-0.0256,-0.03745,0.00508,0.00113,-0.11123,0.16824,-0.42971,-0.08532,-0.08868,-0.03477,-0.01289
74.04,0.03537,0.00377,-0.00351,-0.13485,-0.14139,0.02878,-0.20397,-0.03736,0.03967,0.53134,-0.01883,0,-0.4352,0.12163,1e-05,-0.12147,-0.03363,-0.41806,0.00984,-0.64693,-0.57759,0.01294,-0.47596,-0.27509,-1.43229,0.04449,0.17942,0.13117,0.04336,-0.03917,-0.03605,0.0061,0.0017,-0.09062,0.15655,-0.40039,-0.13785,-0.09099,-0.03269,-0.01171
74.06,0.02811,-0.00118,-0.00255,-0.11401,-0.10275,0.0311,-0.24118,-0.04215,0.05626,0.40269,0.02501,0,-0.52041,0.15201,1e-05,-0.15249,-0.03006,-0.47702,0.01479,-0.67687,-0.60405,0.01504,-0.52309,-0.18544,-1.52472,0.04374,0.14713,0.10309,0.0458,-0.04961,-0.03297,0.0066,0.00209,-0.0723,0.14391,-0.37054,-0.19189,-0.09225,-0.02989,-0.0102
74.08,0.02185,-0.00508,-0.00187,-0.09205,-0.06951,0.03094,-0.2665,-0.04201,0.06521,0.28809,0.05224,0,-0.57741,0.17603,1e-05,-0.17708,-0.0263,-0.51263,0.01792,-0.65114,-0.58659,0.01682,-0.5413,-0.04349,-1.53084,0.04887,0.1173,0.07545,0.04255,-0.05706,-0.02877,0.00667,0.0023,-0.0549,0.13072,-0.34177,-0.24596,-0.09261,-0.02649,-0.00842
74.1,0.01652,-0.00798,-0.00146,-0.06969,-0.04298,0.02868,-0.27959,-0.03758,0.06736,0.19163,0.06483,0,-0.60606,0.19315,1e-05,-0.1946,-0.02252,-0.52525,0.01932,-0.58277,-0.53433,0.01807,-0.53334,0.12749,-1.46382,0.05734,0.09191,0.04934,0.03592,-0.06177,-0.02392,0.00641,0.00237,-0.03767,0.11732,-0.31572,-0.29727,-0.0923,-0.02276,-0.0065
74.12,0.01207,-0.00994,-0.00131,-0.04794,-0.02425,0.02497,-0.28044,-0.02998,0.06421,0.1171,0.0662,0,-0.6078,0.20289,0,-0.20448,-0.019,-0.51683,0.01915,-0.4894,-0.45995,0.01864,-0.504,0.29899,-1.34308,0.06563,0.07263,0.02572,0.02777,-0.06402,-0.01881,0.00589,0.00231,-0.02036,0.10407,-0.29387,-0.34233,-0.09156,-0.01902,-0.0046
74.14,0.00841,-0.01103,-0.00141,-0.02769,-0.01387,0.02041,-0.26955,-0.02035,0.05733,0.06658,0.05999,0,-0.58519,0.20519,0,-0.20653,-0.01599,-0.4902,0.0176,-0.38758,-0.37555,0.01838,-0.45848,0.44612,-1.18813,0.07057,0.06049,0.00526,0.0195,-0.06415,-0.01375,0.00519,0.00216,-0.00302,0.09134,-0.27713,-0.37818,-0.09063,-0.01557,-0.00286
74.16,0.00544,-0.01138,-0.00173,-0.00951,-0.01154,0.01548,-0.24818,-0.00959,0.04805,0.03966,0.0493,-0,-0.54176,0.2005,0,-0.20118,-0.01368,-0.44866,0.01488,-0.28934,-0.2902,0.01728,-0.40156,0.55322,-1.01499,0.07039,0.05557,-0.01169,0.01214,-0.06246,-0.00894,0.00435,0.00193,0.01411,0.07954,-0.26557,-0.40311,-0.08977,-0.01262,-0.00139
74.18,0.00305,-0.01112,-0.00222,0.00631,-0.01608,0.01047,-0.21847,0.00159,0.03741,0.03349,0.0366,0,-0.48226,0.18995,0,-0.18953,-0.01218,-0.39617,0.01125,-0.20196,-0.20987,0.01546,-0.3377,0.61434,-0.83653,0.0649,0.05704,-0.02499,0.00635,-0.05933,-0.00456,0.00341,0.00162,0.03049,0.06929,-0.25847,-0.4166,-0.08919,-0.01029,-0.00025
74.2,0.00115,-0.0104,-0.00281,0.01954,-0.02558,0.00558,-0.18347,0.01261,0.02624,0.04334,0.02375,0,-0.41263,0.17523,0,-0.17332,-0.01154,-0.33748,0.00701,-0.12907,-0.13827,0.01314,-0.27144,0.63159,-0.66369,0.05533,0.06327,-0.03457,0.00253,-0.0551,-0.00075,0.00243,0.00126,0.0452,0.06138,-0.25453,-0.419,-0.08914,-0.00867,0.00055
74.22,-0.00031,-0.00937,-0.00344,0.03004,-0.03781,0.00093,-0.14656,0.023,0.01517,0.0636,0.01214,0,-0.33936,0.15832,0,-0.15458,-0.01181,-0.27762,0.0025,-0.07159,-0.07735,0.01061,-0.20707,0.61238,-0.50539,0.04374,0.07227,-0.04042,0.00084,-0.05014,0.00235,0.00144,0.00085,0.05719,0.05668,-0.25213,-0.41121,-0.08984,-0.00779,0.00099
74.24,-0.0014,-0.00819,-0.00401,0.03777,-0.05072,-0.00341,-0.11065,0.03245,0.0047,0.08901,0.00266,0,-0.26809,0.14114,0,-0.13526,-0.01296,-0.22103,-0.00199,-0.02867,-0.02767,0.00814,-0.14801,0.56618,-0.36764,0.03217,0.08222,-0.04272,0.00117,-0.04478,0.00467,0.00046,0.00042,0.0657,0.05573,-0.24975,-0.39428,-0.0915,-0.00764,0.0011
74.26,-0.0022,-0.007,-0.00447,0.04285,-0.06282,-0.00739,-0.07769,0.04072,-0.00482,0.11539,-0.00417,0,-0.20308,0.12528,-0,-0.11696,-0.01492,-0.17116,-0.0062,0.00161,0.01123,0.00588,-0.09656,0.50251,-0.25328,0.02209,0.09173,-0.04187,0.00319,-0.0393,0.00621,-0.00048,-5e-05,0.07051,0.05855,-0.24623,-0.36927,-0.0943,-0.00815,0.00092
74.28,-0.0028,-0.00596,-0.00475,0.04551,-0.0731,-0.0109,-0.0488,0.04767,-0.01305,0.13965,-0.0082,0,-0.14753,0.11213,-0,-0.10104,-0.01757,-0.13072,-0.0099,0.02175,0.04041,0.00395,-0.05426,0.43084,-0.16287,0.01433,0.09992,-0.03855,0.00626,-0.03401,0.00703,-0.00138,-0.00053,0.07201,0.06456,-0.24087,-0.33739,-0.09836,-0.0092,0.00052
74.3,-0.00329,-0.00524,-0.00481,0.046,-0.08097,-0.01379,-0.02458,0.05313,-0.01962,0.15956,-0.00948,0,-0.10405,0.10293,-0,-0.08869,-0.0207,-0.10207,-0.01288,0.0345,0.06117,0.0024,-0.02228,0.36077,-0.09573,0.00924,0.10629,-0.03363,0.00952,-0.02922,0.00723,-0.00225,-0.001,0.07102,0.07265,-0.23339,-0.30008,-0.1037,-0.01061,0
74.32,-0.00372,-0.00498,-0.00458,0.04461,-0.08611,-0.01588,-0.00522,0.05692,-0.02419,0.17356,-0.00827,0,-0.07456,0.09864,-0,-0.08086,-0.02406,-0.08701,-0.01493,0.0425,0.07481,0.00121,-0.00139,0.30109,-0.05041,0.00677,0.1106,-0.02806,0.01204,-0.02523,0.00695,-0.00306,-0.00146,0.0686,0.08137,-0.22388,-0.25885,-0.11028,-0.0122,-0.00053
74.34,-0.00416,-0.00527,-0.00405,0.04164,-0.08846,-0.01704,0.00945,0.05892,-0.02653,0.18074,-0.00488,0,-0.05974,0.09964,-0,-0.07794,-0.02743,-0.0862,-0.01593,0.04798,0.08258,0.00039,0.00834,0.25807,-0.02468,0.00665,0.11275,-0.02264,0.01308,-0.02224,0.00632,-0.0038,-0.00187,0.06568,0.08931,-0.21258,-0.21488,-0.11791,-0.0138,-0.001
74.36,-0.00464,-0.0061,-0.00323,0.03741,-0.08811,-0.01722,0.01997,0.0591,-0.02664,0.18075,0.00028,0,-0.05869,0.10551,-0,-0.07961,-0.03064,-0.09875,-0.01591,0.05249,0.08564,-0.00013,0.00778,0.23441,-0.01554,0.00843,0.11276,-0.01793,0.01228,-0.02023,0.00542,-0.00445,-0.00222,0.06285,0.09527,-0.19985,-0.16891,-0.12625,-0.01531,-0.00137
74.38,-0.00516,-0.00736,-0.00218,0.03226,-0.08533,-0.01645,0.0271,0.05755,-0.02473,0.17376,0.00675,0,-0.06891,0.11493,-0,-0.08474,-0.03355,-0.12203,-0.01503,0.05687,0.08502,-0.0004,-0.00121,0.2292,-0.01934,0.01153,0.11065,-0.01421,0.00965,-0.01901,0.00438,-0.00499,-0.00249,0.06032,0.09829,-0.18625,-0.12158,-0.13474,-0.0167,-0.00166
74.4,-0.00568,-0.00886,-0.00097,0.02663,-0.08052,-0.01484,0.03174,0.0544,-0.02122,0.16041,0.01394,0,-0.0865,0.12576,-0,-0.09152,-0.036,-0.15186,-0.01355,0.06122,0.08152,-0.00047,-0.016,0.23854,-0.03205,0.01525,0.10652,-0.01159,0.00561,-0.01826,0.00327,-0.00534,-0.00266,0.05799,0.09757,-0.17255,-0.07377,-0.14255,-0.01796,-0.00191
74.42,-0.00615,-0.01035,0.00027,0.02097,-0.07414,-0.01257,0.03474,0.04985,-0.01659,0.14162,0.02125,0,-0.10697,0.13551,-0,-0.09785,-0.03786,-0.18328,-0.01183,0.06513,0.07577,-0.00041,-0.0336,0.25676,-0.04959,0.01881,0.10049,-0.00999,0.00079,-0.01759,0.00217,-0.00548,-0.00271,0.05554,0.09258,-0.15957,-0.02653,-0.14874,-0.01909,-0.00217
74.44,-0.00653,-0.01161,0.00145,0.01563,-0.06658,-0.0098,0.03676,0.04407,-0.01132,0.11843,0.02822,0,-0.12621,0.14192,-0,-0.10182,-0.03906,-0.21174,-0.01015,0.06804,0.06821,-0.00027,-0.05133,0.27805,-0.06835,0.02156,0.09271,-0.00926,-0.00411,-0.01668,0.00114,-0.00536,-0.00262,0.05264,0.08312,-0.14784,0.01917,-0.15244,-0.0201,-0.0025
74.46,-0.00678,-0.01251,0.00249,0.01088,-0.05816,-0.0067,0.03823,0.03721,-0.00575,0.0919,0.03454,0,-0.1412,0.14339,-0,-0.10212,-0.03954,-0.23382,-0.00873,0.06945,0.05915,-8e-05,-0.06725,0.29758,-0.08536,0.02299,0.08336,-0.00918,-0.00849,-0.01532,0.00021,-0.00498,-0.00241,0.04898,0.06949,-0.13741,0.06245,-0.15304,-0.02096,-0.00292
74.48,-0.0069,-0.013,0.00338,0.00689,-0.04911,-0.00348,0.03925,0.02947,-0.00018,0.06336,0.04007,0,-0.15,0.13909,-0,-0.09812,-0.03932,-0.24719,-0.0077,0.069,0.04882,0.00013,-0.08009,0.31152,-0.09829,0.02276,0.07275,-0.00946,-0.01179,-0.01351,-0.0006,-0.00439,-0.0021,0.04441,0.05261,-0.12788,0.1022,-0.15019,-0.02161,-0.00341
74.5,-0.0069,-0.0131,0.00408,0.00379,-0.03971,-0.00034,0.03961,0.02107,0.00519,0.03446,0.04478,0,-0.15162,0.12887,-0,-0.08974,-0.03846,-0.25042,-0.0071,0.06637,0.03748,0.00035,-0.08912,0.31694,-0.10531,0.0207,0.06138,-0.00978,-0.01349,-0.01138,-0.00128,-0.00367,-0.00174,0.03892,0.034,-0.11851,0.13683,-0.1438,-0.02193,-0.00392
74.52,-0.00678,-0.01285,0.0046,0.00164,-0.0302,0.00248,0.03898,0.01232,0.01015,0.00691,0.04867,0,-0.1458,0.11306,-0,-0.07737,-0.03702,-0.24284,-0.0069,0.06139,0.02538,0.00058,-0.09402,0.31169,-0.10513,0.01681,0.04978,-0.00981,-0.01317,-0.00917,-0.00182,-0.00291,-0.00137,0.03257,0.0155,-0.10846,0.16448,-0.13394,-0.0218,-0.00437
74.54,-0.00657,-0.01233,0.00495,0.00048,-0.02075,0.00481,0.03704,0.00345,0.01459,-0.01797,0.05183,0,-0.1329,0.09231,-0,-0.06158,-0.035,-0.22448,-0.007,0.05395,0.01275,0.00082,-0.09478,0.2944,-0.09724,0.01129,0.03841,-0.0093,-0.01056,-0.00712,-0.00222,-0.00221,-0.00105,0.02541,-0.00122,-0.09692,0.18363,-0.12088,-0.0211,-0.0047
74.56,-0.00626,-0.01161,0.00512,0.00021,-0.01143,0.00656,0.03369,-0.00534,0.01846,-0.03961,0.05437,0,-0.11386,0.06746,-0,-0.04303,-0.03236,-0.19619,-0.00719,0.04413,-0.00012,0.00109,-0.09166,0.26464,-0.08204,0.00461,0.02755,-0.00808,-0.00564,-0.00541,-0.00247,-0.00165,-0.00082,0.01747,-0.01492,-0.08334,0.19341,-0.10504,-0.01978,-0.00485
74.58,-0.00586,-0.01072,0.00514,0.00071,-0.00232,0.00771,0.02905,-0.01384,0.02177,-0.05803,0.05643,0,-0.09028,0.03978,-1e-05,-0.02261,-0.029,-0.15975,-0.00717,0.03221,-0.01286,0.0014,-0.08519,0.22307,-0.06106,-0.00243,0.01734,-0.00609,0.00133,-0.00419,-0.00258,-0.00126,-0.00069,0.00879,-0.02481,-0.06756,0.19363,-0.08716,-0.01784,-0.00477
74.6,-0.00535,-0.00971,0.005,0.00174,0.0065,0.0083,0.02351,-0.02177,0.02451,-0.07363,0.05814,0,-0.06449,0.01098,-1e-05,-0.00149,-0.0248,-0.118,-0.00659,0.01876,-0.02488,0.00173,-0.07615,0.17152,-0.03681,-0.00874,0.0079,-0.00342,0.00977,-0.00352,-0.00251,-0.00109,-0.00068,-0.00053,-0.03034,-0.04986,0.18459,-0.06834,-0.01535,-0.00445
74.62,-0.00473,-0.00862,0.00472,0.00308,0.01488,0.0084,0.01765,-0.02884,0.02672,-0.08701,0.05956,0,-0.03908,-0.01693,-1e-05,0.01898,-0.01964,-0.07435,-0.00508,0.00452,-0.03551,0.0021,-0.06542,0.1127,-0.01233,-0.01318,-0.0007,-0.00023,0.01893,-0.00344,-0.00227,-0.00114,-0.00079,-0.01027,-0.03133,-0.03077,0.16702,-0.0498,-0.0124,-0.00388
74.64,-0.00398,-0.00744,0.00431,0.00451,0.02274,0.00814,0.01216,-0.03481,0.02848,-0.09877,0.06071,0,-0.01623,-0.04214,-0,0.03758,-0.01353,-0.03199,-0.00242,-0.00976,-0.0442,0.00249,-0.05382,0.04947,0.00975,-0.01494,-0.00853,0.00322,0.02803,-0.0039,-0.00182,-0.00144,-0.001,-0.02014,-0.02795,-0.01083,0.14192,-0.0326,-0.00905,-0.00303
74.66,-0.00311,-0.00616,0.00378,0.00592,0.03006,0.00766,0.00779,-0.0396,0.02994,-0.1094,0.06149,0,0.0027,-0.06328,-0,0.05333,-0.00663,0.00648,0.00138,-0.02342,-0.05067,0.00285,-0.04196,-0.01524,0.02763,-0.01382,-0.01585,0.00659,0.03635,-0.00476,-0.00117,-0.00197,-0.00132,-0.02969,-0.02088,0.00966,0.1107,-0.01737,-0.00532,-0.00186
74.68,-0.00211,-0.00474,0.00314,0.00721,0.03684,0.00715,0.00537,-0.04322,0.0313,-0.11914,0.06167,0,0.0171,-0.07925,-0,0.06544,0.00069,0.03887,0.00605,-0.03576,-0.05482,0.00312,-0.03038,-0.07809,0.04038,-0.0103,-0.02301,0.00944,0.04316,-0.00577,-0.00031,-0.00269,-0.0017,-0.03827,-0.01135,0.0304,0.0753,-0.00444,-0.00117,-0.00034
74.7,-0.00103,-0.00312,0.00242,0.00837,0.04303,0.00679,0.00586,-0.04574,0.03279,-0.12792,0.06094,0,0.02696,-0.08916,0,0.07317,0.00781,0.06317,0.01103,-0.04598,-0.05673,0.00321,-0.01953,-0.13498,0.04772,-0.00547,-0.03042,0.01124,0.04771,-0.00658,0.00076,-0.00356,-0.00212,-0.04494,-0.00112,0.05108,0.03843,0.00605,0.00344,0.00156
74.72,9e-05,-0.00127,0.00168,0.00944,0.04859,0.0068,0.01023,-0.04724,0.03465,-0.13539,0.05886,0,0.03286,-0.09244,0,0.07601,0.01396,0.07783,0.01562,-0.05329,-0.05657,0.00304,-0.00981,-0.1818,0.04982,-0.00073,-0.03852,0.01142,0.04931,-0.00676,0.002,-0.00452,-0.00253,-0.04864,0.00788,0.07142,0.00331,0.01411,0.00852,0.00384
74.74,0.0012,0.00085,0.00098,0.01054,0.05356,0.00731,0.01937,-0.04783,0.03703,-0.1411,0.05491,0,0.03602,-0.08924,0,0.07397,0.01849,0.08248,0.01914,-0.05712,-0.05455,0.00255,-0.00127,-0.21577,0.04714,0.00262,-0.0478,0.00956,0.04748,-0.00586,0.00342,-0.00552,-0.00291,-0.04835,0.01393,0.0915,-0.02675,0.01983,0.01401,0.00649
74.76,0.00224,0.00323,0.0004,0.01186,0.05812,0.00835,0.03396,-0.0476,0.03995,-0.14457,0.04852,0,0.03839,-0.08073,1e-05,0.06784,0.02096,0.07832,0.0211,-0.05725,-0.05094,0.00176,0.00635,-0.23632,0.04033,0.00367,-0.05871,0.00549,0.04216,-0.00346,0.00498,-0.00649,-0.00322,-0.04324,0.01592,0.11185,-0.0486,0.02344,0.0198,0.00942
74.78,0.00311,0.0058,8e-05,0.01367,0.06253,0.00983,0.05431,-0.04665,0.04328,-0.14525,0.03915,0,0.04265,-0.06917,1e-05,0.05929,0.02113,0.06833,0.02112,-0.05387,-0.04604,0.00073,0.01368,-0.24514,0.03023,0.00194,-0.07162,-0.00068,0.03369,0.00084,0.00666,-0.00741,-0.00347,-0.03276,0.01333,0.13337,-0.0591,0.02523,0.0256,0.01245
74.8,0.0037,0.00842,0.00017,0.01626,0.06713,0.01156,0.08034,-0.04506,0.04676,-0.14254,0.02628,0,0.05201,-0.05783,1e-05,0.0507,0.01896,0.05695,0.019,-0.04748,-0.04023,-0.00039,0.02158,-0.24568,0.01792,-0.00266,-0.08673,-0.0085,0.02286,0.00737,0.00841,-0.00822,-0.00365,-0.01663,0.00619,0.15709,-0.05495,0.02553,0.03097,0.01532
74.82,0.00388,0.01093,0.00084,0.01992,0.07227,0.01328,0.11167,-0.04288,0.05006,-0.13579,0.00943,0,0.06981,-0.05025,1e-05,0.04472,0.01457,0.04917,0.01465,-0.03867,-0.03387,-0.00142,0.03101,-0.24223,0.00478,-0.00996,-0.10404,-0.01727,0.01089,0.01639,0.01015,-0.00889,-0.00378,0.00527,-0.00511,0.18393,-0.03293,0.02467,0.03544,0.01776
74.84,0.00351,0.01312,0.00223,0.02481,0.07824,0.01477,0.14783,-0.04011,0.05296,-0.12441,-0.01185,0,0.09874,-0.04915,0,0.04342,0.00819,0.04908,0.00814,-0.02781,-0.02713,-0.00222,0.04283,-0.23867,-0.00753,-0.01965,-0.12338,-0.02605,-0.0007,0.02802,0.01178,-0.00942,-0.00388,0.03303,-0.02008,0.21447,0.00967,0.023,0.03862,0.01953
74.86,0.00245,0.01481,0.00445,0.03089,0.08528,0.01589,0.1883,-0.0367,0.05547,-0.10796,-0.03788,0,0.14024,-0.0557,0,0.04773,0.00016,0.05894,-0.00027,-0.01489,-0.01999,-0.00275,0.05771,-0.23763,-0.01695,-0.03133,-0.14432,-0.0337,-0.01008,0.04219,0.01315,-0.00986,-0.00398,0.06669,-0.03822,0.24867,0.07449,0.0209,0.04042,0.02055
74.88,0.00058,0.01579,0.00756,0.03784,0.09347,0.01658,0.23218,-0.03255,0.05783,-0.0863,-0.06873,0,0.19411,-0.06929,0,0.05733,-0.00898,0.07887,-0.01007,0.00045,-0.01223,-0.00302,0.07589,-0.24031,-0.02098,-0.04452,-0.16602,-0.0388,-0.01501,0.05852,0.01407,-0.01031,-0.00415,0.10601,-0.05894,0.28552,0.16164,0.01878,0.04097,0.02086
74.9,-0.00221,0.01586,0.0115,0.04505,0.1027,0.01685,0.27803,-0.02758,0.06045,-0.0597,-0.10394,0,0.25838,-0.08772,0,0.07073,-0.01853,0.10699,-0.0205,0.0188,-0.00349,-0.00314,0.09722,-0.24664,-0.0166,-0.05846,-0.18716,-0.03972,-0.01297,0.07627,0.01431,-0.01089,-0.00443,0.15027,-0.08141,0.32294,0.26937,0.01708,0.04062,0.02064
74.92,-0.00602,0.01482,0.01621,0.05172,0.11281,0.01676,0.32406,-0.02173,0.0639,-0.02885,-0.14242,0,0.32988,-0.1078,0,0.08581,-0.0277,0.14022,-0.03069,0.04097,0.00678,-0.00324,0.12127,-0.25589,-0.00045,-0.07222,-0.20618,-0.03497,-0.00174,0.09436,0.01356,-0.01168,-0.00487,0.19836,-0.10448,0.35818,0.39458,0.0162,0.0398,0.0201
74.94,-0.01087,0.01253,0.02156,0.05707,0.12368,0.01637,0.36877,-0.01501,0.06879,0.00515,-0.18236,0,0.40529,-0.12642,0,0.10054,-0.03593,0.17538,-0.03993,0.06794,0.01937,-0.00347,0.14769,-0.2676,0.03087,-0.0846,-0.22181,-0.02388,0.01963,0.11166,0.01145,-0.01261,-0.00542,0.24909,-0.12671,0.38859,0.53381,0.01636,0.0389,0.01944
74.96,-0.01675,0.00893,0.02746,0.06041,0.13537,0.01576,0.41116,-0.00757,0.07576,0.04068,-0.22106,0,0.48153,-0.1411,0,0.11346,-0.04298,0.20982,-0.04784,0.10077,0.03536,-0.00395,0.17631,-0.28205,0.0804,-0.09421,-0.23334,-0.00706,0.0501,0.12698,0.00756,-0.01337,-0.00595,0.3012,-0.14629,0.41203,0.68332,0.01749,0.03813,0.01878
74.98,-0.02354,0.00411,0.03373,0.06114,0.148,0.01497,0.45048,0.00026,0.08539,0.07531,-0.25455,0,0.55533,-0.15005,0,0.12369,-0.04894,0.24135,-0.05433,0.14032,0.05597,-0.00476,0.20695,-0.30041,0.15047,-0.09933,-0.24061,0.01334,0.08614,0.13904,0.00143,-0.01342,-0.0062,0.35298,-0.16083,0.42684,0.83812,0.01921,0.0375,0.01818
75,-0.03096,-0.00172,0.0401,0.05875,0.16169,0.01406,0.48591,0.00793,0.09814,0.10567,-0.27753,0,0.62277,-0.15201,0,0.13082,-0.05413,0.26795,-0.05955,0.18711,0.08246,-0.00597,0.23926,-0.32429,0.2423,-0.09791,-0.24381,0.03375,0.12205,0.14628,-0.00738,-0.01195,-0.0058,0.40198,-0.16734,0.43151,0.99109,0.02087,0.03688,0.01761
75.02,-0.03866,-0.00826,0.04626,0.05278,0.1765,0.01307,0.51666,0.01475,0.11436,0.12805,-0.28421,0,0.67969,-0.14627,0,0.1348,-0.05897,0.28775,-0.06375,0.24143,0.11591,-0.00758,0.27256,-0.35474,0.35579,-0.08795,-0.24314,0.04994,0.15123,0.14698,-0.01932,-0.00812,-0.00437,0.44527,-0.16273,0.42449,1.13404,0.02156,0.03598,0.01698
75.04,-0.04636,-0.01526,0.05193,0.04293,0.19249,0.012,0.5423,0.02004,0.13422,0.13932,-0.26967,0,0.72281,-0.13273,-0,0.13591,-0.0638,0.29914,-0.06718,0.30367,0.15711,-0.00956,0.30594,-0.39075,0.4893,-0.06807,-0.23837,0.05812,0.16851,0.13936,-0.03485,-0.00121,-0.00157,0.48013,-0.14462,0.40402,1.25996,0.02026,0.03442,0.01617
75.06,-0.05382,-0.02255,0.05685,0.02909,0.20966,0.01078,0.56295,0.02326,0.15768,0.13768,-0.23105,0,0.75024,-0.11199,-0,0.13476,-0.06881,0.30087,-0.07007,0.37435,0.2062,-0.01179,0.33816,-0.42814,0.63902,-0.038,-0.22861,0.05581,0.17155,0.12176,-0.05435,0.00917,0.00276,0.50445,-0.11201,0.36813,1.36418,0.01586,0.03181,0.01503
75.08,-0.0609,-0.02998,0.06083,0.01145,0.22776,0.00932,0.57911,0.02396,0.18424,0.12275,-0.16793,0,0.76146,-0.08554,-0,0.13225,-0.07392,0.29201,-0.07252,0.45364,0.26232,-0.01407,0.36736,-0.45892,0.79774,0.00112,-0.21222,0.04197,0.16119,0.09276,-0.07801,0.02296,0.00858,0.51659,-0.06565,0.31479,1.44375,0.00725,0.0277,0.01338
75.1,-0.06741,-0.03741,0.06364,-0.0094,0.24627,0.00747,0.59147,0.02178,0.21288,0.09544,-0.08241,0,0.75693,-0.05579,-0,0.12957,-0.07881,0.27193,-0.07453,0.54061,0.32319,-0.0161,0.39088,-0.47189,0.95405,0.0466,-0.18704,0.01689,0.14106,0.0513,-0.10565,0.03963,0.01565,0.51511,-0.00805,0.24222,1.49657,-0.00666,0.02167,0.01104
75.12,-0.07319,-0.04465,0.06506,-0.03257,0.26444,0.00504,0.6007,0.01654,0.24214,0.0576,0.02165,0,0.73785,-0.02567,-0,0.12796,-0.08306,0.24036,-0.07606,0.63254,0.38498,-0.01757,0.40555,-0.45583,1.09346,0.09465,-0.15073,-0.01836,0.11628,-0.00328,-0.13658,0.0582,0.02353,0.49862,0.05717,0.14898,1.52106,-0.02677,0.01337,0.00787
75.14,-0.07809,-0.05156,0.06496,-0.05702,0.28154,0.00173,0.60729,0.0083,0.27052,0.01154,0.13972,0,0.70597,0.00205,-0,0.12849,-0.08643,0.19754,-0.07707,0.72417,0.44225,-0.01823,0.40824,-0.40438,1.20069,0.14096,-0.1013,-0.06253,0.09173,-0.07119,-0.16955,0.07749,0.03167,0.46578,0.1263,0.03408,1.51635,-0.05359,0.00256,0.00375
75.16,-0.08205,-0.05802,0.06333,-0.08162,0.29693,-0.00283,0.61145,-0.00248,0.29653,-0.04014,0.26697,0,0.6636,0.02506,-0,0.13183,-0.08901,0.14455,-0.07764,0.80681,0.4878,-0.01793,0.39625,-0.31969,1.26101,0.18105,-0.03769,-0.11453,0.07096,-0.15188,-0.20253,0.09604,0.03945,0.41542,0.19603,-0.10253,1.48257,-0.08699,-0.01076,-0.00133
75.18,-0.08504,-0.0639,0.06029,-0.10492,0.30999,-0.00909,0.61299,-0.01486,0.31859,-0.09419,0.384,0,0.61391,0.04143,-1e-05,0.13823,-0.09122,0.08368,-0.07793,0.86747,0.51215,-0.01671,0.36748,-0.21394,1.25986,0.20998,0.03968,-0.1731,0.05603,-0.24343,-0.23242,0.11204,0.04611,0.34686,0.26306,-0.25888,1.42098,-0.12589,-0.02623,-0.00726
75.2,-0.08703,-0.06897,0.05609,-0.12508,0.31998,-0.01751,0.61135,-0.02737,0.33481,-0.14654,0.384,0,0.56105,0.0495,-1e-05,0.14748,-0.0938,0.01871,-0.07817,0.88931,0.50395,-0.01472,0.32057,-0.10815,1.18315,0.22232,0.1286,-0.2365,0.04787,-0.3421,-0.25499,0.12326,0.05072,0.26017,0.32369,-0.43015,1.33402,-0.16813,-0.04311,-0.01378
75.22,-0.08796,-0.07299,0.05104,-0.14014,0.32614,-0.02848,0.60578,-0.03828,0.34321,-0.19281,0.384,0,0.50953,0.04797,-1e-05,0.15896,-0.09762,-0.04573,-0.07857,0.85575,0.45275,-0.01219,0.2554,-0.02601,1.02054,0.21331,0.22577,-0.30242,0.04686,-0.44283,-0.26562,0.12734,0.0523,0.15587,0.37446,-0.60924,1.22469,-0.21081,-0.06047,-0.02053
75.24,-0.08784,-0.07575,0.04541,-0.14855,0.32778,-0.04219,0.5956,-0.0459,0.34215,-0.22946,0.384,0,0.46318,0.03624,-1e-05,0.17173,-0.10354,-0.10516,-0.07914,0.7571,0.35346,-0.00936,0.17379,0.01553,0.77096,0.18072,0.32793,-0.3682,0.05366,-0.54029,-0.26059,0.12232,0.05003,0.03435,0.41335,-0.78811,1.09559,-0.25091,-0.0774,-0.02724
75.26,-0.08667,-0.07708,0.03938,-0.14957,0.32449,-0.05852,0.58045,-0.04885,0.33063,-0.25437,0.384,0,0.42452,0.01479,-1e-05,0.18447,-0.11223,-0.15587,-0.07959,0.59554,0.20984,-0.00645,0.08034,0.01266,0.44737,0.12635,0.43234,-0.43072,0.06962,-0.62933,-0.23795,0.1071,0.04344,-0.10412,0.44057,-0.95811,0.94881,-0.28554,-0.09328,-0.0337
75.28,-0.08455,-0.07692,0.03307,-0.1433,0.31608,-0.0769,0.56044,-0.04605,0.30844,-0.26685,0.384,0,0.39498,-0.0147,-0,0.19546,-0.12407,-0.19457,-0.07933,0.38747,0.03641,-0.00368,-0.01669,-0.0237,0.08028,0.05671,0.53609,-0.48588,0.09687,-0.70433,-0.19789,0.08157,0.03247,-0.25837,0.45847,-1.10874,0.78693,-0.31179,-0.1076,-0.03981
75.3,-0.08158,-0.07526,0.02659,-0.13059,0.30263,-0.0962,0.53624,-0.03672,0.27614,-0.26722,0.384,0,0.37518,-0.04932,-0,0.20249,-0.13924,-0.21819,-0.07747,0.1626,-0.14221,-0.00123,-0.10535,-0.06972,-0.28276,-0.01724,0.63548,-0.52843,0.13796,-0.75872,-0.14268,0.04667,0.01745,-0.42545,0.471,-1.22693,0.6139,-0.32654,-0.11989,-0.04547
75.32,-0.07792,-0.0721,0.02004,-0.11275,0.28424,-0.11504,0.50888,-0.02052,0.23497,-0.25643,0.384,0,0.36493,-0.0855,-0,0.20335,-0.15801,-0.22447,-0.07302,-0.04329,-0.29693,0.00069,-0.17254,-0.0948,-0.58712,-0.08266,0.72641,-0.55307,0.19476,-0.78565,-0.07607,0.00411,-0.00091,-0.60106,0.4824,-1.2994,0.43462,-0.32672,-0.12973,-0.05061
75.34,-0.07366,-0.06751,0.01346,-0.09118,0.2608,-0.1321,0.47957,0.00226,0.1866,-0.23555,0.384,0,0.36298,-0.11995,-0,0.19641,-0.18138,-0.21313,-0.06518,-0.19939,-0.40314,0.00196,-0.20806,-0.07052,-0.78719,-0.12871,0.80563,-0.55639,0.26693,-0.7795,-0.00232,-0.04394,-0.02174,-0.7807,0.49557,-1.31689,0.25362,-0.3101,-0.13681,-0.05519
75.36,-0.06888,-0.06162,0.00687,-0.06723,0.23192,-0.14643,0.44958,0.03038,0.13315,-0.20557,0.384,0,0.36683,-0.15017,0,0.1811,-0.21134,-0.18685,-0.0535,-0.28715,-0.44653,0.00254,-0.20736,0.02307,-0.85696,-0.14909,0.87125,-0.53832,0.35062,-0.73704,0.07415,-0.09499,-0.04398,-0.95988,0.51085,-1.27729,0.07476,-0.27584,-0.14104,-0.05918
75.38,-0.06363,-0.05466,0.0003,-0.04228,0.19708,-0.15729,0.42049,0.06148,0.07766,-0.16755,0.34004,0,0.37267,-0.17431,-0,0.15817,-0.25076,-0.15159,-0.03807,-0.3012,-0.42414,0.0025,-0.17219,0.19536,-0.79175,-0.14246,0.92236,-0.5025,0.43746,-0.65791,0.1483,-0.14582,-0.06627,-1.13281,0.5256,-1.18649,-0.09747,-0.22481,-0.14246,-0.06254
75.4,-0.05797,-0.047,-0.00618,-0.01793,0.15584,-0.16414,0.39424,0.092,0.02424,-0.12272,0.16024,0,0.37564,-0.19094,-0,0.12961,-0.30288,-0.11619,-0.01952,-0.24746,-0.34284,0.00194,-0.10983,0.44515,-0.60561,-0.11181,0.95849,-0.45586,0.51477,-0.54457,0.21412,-0.19233,-0.08679,-1.29139,0.53451,-1.0575,-0.2568,-0.15968,-0.14126,-0.06521
75.42,-0.05199,-0.03902,-0.01243,0.00412,0.10801,-0.16653,0.37273,0.11792,-0.02256,-0.07244,-0.01444,0,0.37096,-0.19911,-0,0.09807,-0.37012,-0.09018,0.00111,-0.13929,-0.21602,0.00104,-0.03078,0.76197,-0.32511,-0.06292,0.97938,-0.40658,0.56828,-0.40143,0.26553,-0.23015,-0.10362,-1.42643,0.53113,-0.90692,-0.39592,-0.08426,-0.13764,-0.06708
75.44,-0.04573,-0.03104,-0.01835,0.02236,0.05368,-0.1642,0.35693,0.13592,-0.05896,-0.01788,-0.16868,0,0.35547,-0.19851,-0,0.0661,-0.45236,-0.0804,0.02267,0.00734,-0.05925,-4e-05,0.05438,1.12828,0.01869,-0.00235,0.98518,-0.3612,0.58669,-0.23347,0.2981,-0.25589,-0.11525,-1.53044,0.51026,-0.74966,-0.50838,-0.00259,-0.13187,-0.06808
75.46,-0.03919,-0.02317,-0.02384,0.03556,-0.00652,-0.15716,0.34637,0.14416,-0.08267,0.03997,-0.29325,0,0.32885,-0.18965,-0,0.03561,-0.54554,-0.08879,0.04398,0.17648,0.1121,-0.00116,0.13694,1.51946,0.39444,0.06363,0.97659,-0.32273,0.56468,-0.04604,0.31013,-0.26795,-0.12094,-1.59918,0.46966,-0.59594,-0.5897,0.08147,-0.1242,-0.06813
75.48,-0.03238,-0.01541,-0.02879,0.04272,-0.07094,-0.14571,0.33911,0.14233,-0.09286,0.09987,-0.384,0,0.29406,-0.17397,-0,0.00803,-0.64056,-0.11172,0.06371,0.35174,0.28223,-0.0022,0.20986,1.90097,0.76882,0.12892,0.95486,-0.2905,0.50383,0.15394,0.30281,-0.26652,-0.1207,-1.63149,0.41072,-0.45169,-0.63687,0.16369,-0.11497,-0.06722
75.5,-0.02538,-0.00769,-0.03305,0.04295,-0.13665,-0.13048,0.33196,0.13148,-0.08986,0.16003,-0.384,0,0.25703,-0.15374,0,-0.01547,-0.72348,-0.14075,0.08026,0.51554,0.43417,-0.00307,0.2672,2.22775,1.10507,0.18723,0.92184,-0.26084,0.41183,0.35693,0.27974,-0.25334,-0.11522,-1.62835,0.33834,-0.31996,-0.64766,0.23897,-0.10462,-0.06534
75.52,-0.01829,7e-05,-0.03646,0.03545,-0.19996,-0.1122,0.32109,0.1135,-0.07479,0.2185,-0.384,0,0.22463,-0.13157,0,-0.03398,-0.77882,-0.16528,0.09207,0.65087,0.5518,-0.00369,0.3043,2.45283,1.3678,0.23277,0.87984,-0.22864,0.29955,0.55217,0.24584,-0.23099,-0.10555,-1.59203,0.25941,-0.20199,-0.62084,0.302,-0.09359,-0.06248
75.54,-0.01125,0.00786,-0.03894,0.01963,-0.25763,-0.09153,0.30277,0.09052,-0.04922,0.27409,-0.384,0,0.20171,-0.10976,0,-0.04702,-0.79474,-0.17646,0.09802,0.74468,0.62358,-0.00401,0.31841,2.54198,1.5319,0.26158,0.83159,-0.18939,0.17693,0.73039,0.2059,-0.20207,-0.09277,-1.52517,0.18059,-0.09791,-0.55697,0.34843,-0.08216,-0.05862
75.56,-0.00438,0.01558,-0.04054,-0.00478,-0.30744,-0.0689,0.27403,0.06459,-0.01514,0.32678,-0.384,0,0.18911,-0.08982,0,-0.05463,-0.76669,-0.16984,0.09784,0.79001,0.64507,-0.00403,0.30926,2.48375,1.58834,0.27234,0.78029,-0.14065,0.05054,0.88527,0.16373,-0.16874,-0.07778,-1.43061,0.10694,-0.00753,-0.45929,0.37572,-0.07038,-0.05366
75.58,0.00213,0.02293,-0.04146,-0.03749,-0.34796,-0.04472,0.23295,0.03774,0.02496,0.37741,-0.384,0,0.18325,-0.07259,0,-0.05734,-0.69844,-0.14606,0.09212,0.78605,0.6192,-0.00378,0.27911,2.2921,1.54492,0.26648,0.73007,-0.08287,-0.07612,1.01248,0.12229,-0.13287,-0.06142,-1.31187,0.04223,0.06873,-0.3346,0.383,-0.05812,-0.04754
75.6,0.00798,0.0294,-0.04198,-0.07758,-0.37808,-0.01947,0.1788,0.01217,0.06784,0.42722,-0.384,0,0.17683,-0.05839,0,-0.05602,-0.60115,-0.1103,0.08223,0.73708,0.55519,-0.00334,0.2325,2.00336,1.42362,0.24772,0.68614,-0.01931,-0.20142,1.10856,0.08394,-0.09619,-0.0445,-1.17363,-0.01055,0.12921,-0.19334,0.37076,-0.04519,-0.04021
75.62,0.01285,0.03437,-0.04243,-0.1235,-0.39712,0.00614,0.11182,-0.00999,0.10985,0.47748,-0.384,-0,0.16099,-0.04717,0,-0.0517,-0.4899,-0.07031,0.06995,0.65071,0.46573,-0.0028,0.17518,1.66545,1.25388,0.22092,0.65402,0.04519,-0.32464,1.17125,0.05048,-0.06031,-0.02779,-1.02122,-0.04922,0.1715,-0.04793,0.34055,-0.03147,-0.03168
75.64,0.01644,0.03733,-0.04303,-0.17329,-0.40502,0.03121,0.03281,-0.02703,0.14751,0.52924,-0.384,-0,0.12834,-0.03856,0,-0.04544,-0.37854,-0.03352,0.05698,0.53561,0.3631,-0.00225,0.11263,1.32233,1.06334,0.19047,0.63815,0.10628,-0.44516,1.20088,0.02292,-0.02647,-0.01192,-0.85936,-0.07297,0.19369,0.09017,0.29482,-0.01694,-0.0221
75.66,0.01857,0.03802,-0.04388,-0.22447,-0.4026,0.05456,-0.05683,-0.03798,0.17779,0.583,-0.384,-0,0.0752,-0.03199,0,-0.03821,-0.27663,-0.00524,0.04465,0.40052,0.25697,-0.00174,0.04926,1.00458,0.87236,0.15941,0.64097,0.16129,-0.56158,1.20137,0.00141,0.0045,0.0027,-0.69206,-0.08266,0.1951,0.212,0.23698,-0.00185,-0.01173
75.68,0.01914,0.03648,-0.04489,-0.2737,-0.39159,0.07451,-0.15447,-0.04249,0.1979,0.63822,-0.384,-0,0.0025,-0.02669,0,-0.03088,-0.1894,0.01162,0.03396,0.25487,0.15461,-0.0013,-0.01132,0.72938,0.69388,0.12934,0.66272,0.20913,-0.67051,1.18036,-0.01459,0.03197,0.01571,-0.5237,-0.08075,0.17647,0.31054,0.17184,0.01317,-0.0011
75.7,0.01814,0.03295,-0.04581,-0.31657,-0.37445,0.08883,-0.25586,-0.04071,0.20518,0.69303,-0.384,-0,-0.08432,-0.02186,0,-0.02432,-0.1188,0.01614,0.02565,0.10945,0.0617,-0.00097,-0.06582,0.50383,0.53534,0.10078,0.70163,0.24977,-0.76609,1.14854,-0.02608,0.05526,0.02675,-0.36009,-0.07103,0.13975,0.37979,0.10571,0.02704,0.00897
75.72,0.01561,0.02785,-0.04632,-0.34837,-0.35392,0.09521,-0.35585,-0.03314,0.19736,0.74477,-0.384,-0,-0.17719,-0.01668,1e-05,-0.01934,-0.06444,0.00897,0.02031,-0.0246,-0.01738,-0.00074,-0.1113,0.32788,0.40009,0.07349,0.75454,0.28397,-0.84119,1.11778,-0.03427,0.07371,0.03547,-0.20774,-0.05779,0.08776,0.41532,0.0453,0.03854,0.01759
75.74,0.01167,0.02163,-0.04613,-0.36556,-0.33234,0.09203,-0.45005,-0.02044,0.17337,0.7909,-0.384,-0,-0.26815,-0.01048,1e-05,-0.01663,-0.02435,-0.0082,0.01834,-0.13802,-0.07974,-0.0006,-0.14558,0.19683,0.2885,0.04682,0.81771,0.31323,-0.8899,1.09822,-0.04029,0.08689,0.04165,-0.07187,-0.0448,0.02386,0.41562,-0.00405,0.0467,0.02404
75.76,0.00649,0.01472,-0.04511,-0.36671,-0.3112,0.07899,-0.53555,-0.00343,0.13387,0.82956,-0.384,-0,-0.35097,-0.00277,1e-05,-0.01671,0.00438,-0.03282,0.02001,-0.22459,-0.12397,-0.00055,-0.16737,0.10337,0.19895,0.02003,0.88714,0.33959,-0.90912,1.09651,-0.04507,0.09482,0.04525,0.04449,-0.03467,-0.04815,0.38319,-0.03954,0.05118,0.02803
75.78,0.00036,0.00758,-0.04324,-0.35264,-0.29128,0.05733,-0.6105,0.01688,0.08168,0.85938,-0.384,-0,-0.42095,0.00663,0,-0.01992,0.02519,-0.0614,0.02542,-0.28064,-0.14971,-0.00057,-0.17613,0.03898,0.12896,-0.00745,0.95814,0.36546,-0.89872,1.11533,-0.04923,0.09784,0.04646,0.13978,-0.02872,-0.12343,0.32495,-0.06083,0.0522,0.02965
75.8,-0.0063,0.00072,-0.04067,-0.32617,-0.27279,0.02968,-0.67337,0.03917,0.02173,0.87915,-0.384,-0,-0.47425,0.01762,0,-0.02648,0.04169,-0.08957,0.03452,-0.3044,-0.15729,-0.00063,-0.17188,-0.00513,0.07584,-0.03579,1.025,0.39327,-0.86112,1.15379,-0.05307,0.09657,0.04558,0.21296,-0.02718,-0.19591,0.25175,-0.06956,0.05054,0.02932
75.82,-0.01301,-0.00533,-0.03762,-0.29121,-0.25556,-0.0006,-0.72293,0.06199,-0.0401,0.88776,-0.384,-0,-0.50815,0.02997,0,-0.03647,0.05732,-0.11284,0.04701,-0.29614,-0.1478,-0.00071,-0.1553,-0.03741,0.03655,-0.06477,1.08152,0.42511,-0.80079,1.20846,-0.05662,0.09179,0.043,0.26344,-0.02965,-0.25931,0.17604,-0.06851,0.04722,0.02768
75.84,-0.01936,-0.01017,-0.03429,-0.25156,-0.23916,-0.03037,-0.75864,0.08416,-0.09886,0.88439,-0.384,-0,-0.52171,0.04361,-0,-0.0499,0.0749,-0.12788,0.06224,-0.25901,-0.12356,-0.00075,-0.12801,-0.06556,0.00703,-0.09384,1.12227,0.46234,-0.72369,1.27479,-0.05983,0.0844,0.03916,0.29161,-0.03556,-0.3089,0.1085,-0.06065,0.04324,0.02532
75.86,-0.02503,-0.01359,-0.03082,-0.21017,-0.22304,-0.05737,-0.78084,0.10489,-0.15151,0.86863,-0.384,0,-0.51637,0.05874,-0,-0.06668,0.09636,-0.13333,0.0791,-0.19978,-0.0885,-0.00073,-0.09295,-0.0963,-0.01822,-0.12213,1.14322,0.50516,-0.6372,1.34783,-0.06262,0.07533,0.03455,0.29918,-0.04455,-0.34267,0.05586,-0.04858,0.03937,0.02276
75.88,-0.02981,-0.01553,-0.02728,-0.16931,-0.2067,-0.0801,-0.79055,0.12365,-0.19688,0.84062,-0.384,0,-0.49598,0.07581,-1e-05,-0.0865,0.12248,-0.12995,0.0958,-0.12946,-0.04853,-0.00059,-0.05468,-0.13501,-0.0461,-0.14819,1.14177,0.5522,-0.55074,1.42193,-0.06492,0.06568,0.0297,0.28916,-0.05649,-0.36131,0.02079,-0.03439,0.03615,0.02036
75.9,-0.03354,-0.01605,-0.02373,-0.13086,-0.18978,-0.09761,-0.78922,0.14005,-0.23504,0.80105,-0.384,0,-0.46647,0.0953,-1e-05,-0.10874,0.15291,-0.12027,0.10995,-0.06291,-0.01142,-0.00028,-0.01935,-0.18578,-0.08442,-0.16993,1.11639,0.60044,-0.47589,1.49033,-0.06659,0.0567,0.02523,0.26557,-0.07137,-0.36759,0.00268,-0.01977,0.03393,0.0184
75.92,-0.03607,-0.0153,-0.02019,-0.09624,-0.17211,-0.1094,-0.77836,0.15373,-0.26687,0.75077,-0.384,0,-0.43435,0.11747,-1e-05,-0.13244,0.18677,-0.10751,0.11894,-0.01601,0.01444,0.00028,0.00632,-0.25218,-0.14113,-0.18513,1.06639,0.64594,-0.42455,1.54583,-0.06749,0.04962,0.02175,0.23275,-0.08921,-0.36527,-0.0012,-0.006,0.03286,0.01704
75.94,-0.03729,-0.01344,-0.01667,-0.06614,-0.15356,-0.11543,-0.75921,0.16444,-0.29363,0.69041,-0.37488,0,-0.40466,0.1421,-1e-05,-0.15646,0.22361,-0.09414,0.12076,-0.0013,0.02206,0.00114,0.01671,-0.33854,-0.22318,-0.19233,0.99175,0.68517,-0.40575,1.58218,-0.06743,0.0454,0.01972,0.19459,-0.10987,-0.35772,0.00569,0.0061,0.03296,0.01636
75.96,-0.03713,-0.01061,-0.01317,-0.0404,-0.13412,-0.11617,-0.73262,0.17207,-0.31665,0.62016,-0.34718,0,-0.37966,0.16815,-1e-05,-0.17947,0.26393,-0.08088,0.11449,-0.02493,0.00724,0.00237,0.00845,-0.45051,-0.33544,-0.19146,0.89333,0.71581,-0.42348,1.59484,-0.06622,0.04449,0.01939,0.15406,-0.13285,-0.34699,0.01996,0.01622,0.03412,0.01633
75.98,-0.03556,-0.00697,-0.00967,-0.01824,-0.114,-0.11255,-0.69918,0.17653,-0.337,0.5403,-0.31674,0,-0.35862,0.19351,-1e-05,-0.19972,0.30903,-0.06652,0.10047,-0.08587,-0.03105,0.00401,-0.01934,-0.59448,-0.47971,-0.18397,0.77355,0.73667,-0.47612,1.58109,-0.06368,0.04687,0.02073,0.11343,-0.15714,-0.33368,0.03855,0.02445,0.03609,0.01683
76,-0.03258,-0.00268,-0.00623,0.00155,-0.09375,-0.10585,-0.65936,0.17769,-0.35533,0.45163,-0.28305,0,-0.33847,0.21499,-1e-05,-0.21503,0.36051,-0.04837,0.08021,-0.17649,-0.09083,0.00608,-0.0651,-0.77624,-0.65394,-0.17262,0.63682,0.74737,-0.55694,1.53966,-0.05963,0.05203,0.02351,0.07454,-0.18107,-0.31715,0.05857,0.03116,0.03849,0.01765
76.02,-0.02823,0.00207,-0.00293,0.0203,-0.07411,-0.09754,-0.61348,0.17541,-0.3719,0.35516,-0.24545,0,-0.31513,0.22912,-1e-05,-0.22315,0.41942,-0.02328,0.05591,-0.28515,-0.16776,0.00856,-0.12537,-0.99876,-0.85223,-0.16067,0.48861,0.74794,-0.65603,1.47019,-0.05393,0.05921,0.02735,0.03886,-0.20273,-0.29601,0.07752,0.03687,0.0409,0.01855
76.04,-0.02253,0.00715,0.00013,0.0393,-0.05573,-0.08889,-0.56152,0.1695,-0.38666,0.25154,-0.20305,0,-0.28536,0.23334,-0,-0.22255,0.48522,0.01079,0.02986,-0.39985,-0.25606,0.01136,-0.19539,-1.25936,-1.06513,-0.15082,0.33369,0.73852,-0.76309,1.37265,-0.04647,0.06756,0.03184,0.00731,-0.22051,-0.26883,0.09347,0.04209,0.04292,0.01929
76.06,-0.01554,0.01246,0.00284,0.05958,-0.03898,-0.08084,-0.50319,0.15978,-0.39932,0.1409,-0.15476,0,-0.24822,0.2269,-0,-0.21292,0.55482,0.05364,0.00408,-0.51035,-0.34888,0.01432,-0.26932,-1.54681,-1.2792,-0.14449,0.17551,0.71923,-0.86884,1.24732,-0.0373,0.07628,0.03658,-0.01979,-0.23355,-0.23479,0.10523,0.04723,0.04426,0.01971
76.08,-0.00738,0.01789,0.00503,0.08173,-0.02408,-0.07397,-0.43835,0.14619,-0.40929,0.02366,-0.09966,0,-0.20565,0.21112,-0,-0.19537,0.62181,0.10216,-0.01961,-0.60785,-0.43761,0.01714,-0.33967,-1.83842,-1.47514,-0.14164,0.01716,0.69021,-0.96471,1.09562,-0.02661,0.08456,0.04116,-0.04245,-0.24166,-0.19401,0.11224,0.05249,0.04474,0.01971
76.1,0.00171,0.02331,0.00648,0.10574,-0.01123,-0.0686,-0.3674,0.1288,-0.41555,-0.09875,-0.0373,0,-0.16232,0.18909,-0,-0.17227,0.67653,0.15055,-0.0394,-0.68426,-0.51173,0.01942,-0.39719,-2.09996,-1.62752,-0.14103,-0.13751,0.65172,-1.0421,0.9208,-0.01485,0.09158,0.04515,-0.06082,-0.24516,-0.1477,0.11445,0.05788,0.04428,0.01925
76.12,0.01141,0.02856,0.00696,0.13119,-0.00057,-0.06488,-0.29117,0.10776,-0.41683,-0.22416,0.03248,0,-0.12405,0.16473,0,-0.14652,0.7083,0.19184,-0.05373,-0.7326,-0.56047,0.02072,-0.43247,-2.29314,-1.70949,-0.14076,-0.28429,0.60415,-1.0929,0.72728,-0.00257,0.09653,0.04812,-0.07509,-0.24466,-0.09773,0.11213,0.06325,0.04284,0.01834
76.14,0.02145,0.03351,0.00626,0.15747,0.00787,-0.06279,-0.21044,0.08326,-0.41189,-0.35062,0.11006,0,-0.09541,0.14136,0,-0.12054,0.709,0.22048,-0.0617,-0.7482,-0.57588,0.02068,-0.43854,-2.38794,-1.70092,-0.13906,-0.41998,0.54787,-1.11086,0.51919,0.00974,0.09874,0.04973,-0.08558,-0.24075,-0.04582,0.10569,0.06839,0.04044,0.01698
76.16,0.03157,0.03811,0.00424,0.18392,0.01423,-0.06222,-0.12596,0.05552,-0.39971,-0.47661,0.19604,0,-0.07806,0.12083,0,-0.0956,0.67567,0.23399,-0.06339,-0.72958,-0.55489,0.01915,-0.41279,-2.37095,-1.59427,-0.13483,-0.54284,0.48347,-1.09249,0.30015,0.02174,0.09783,0.04975,-0.09272,-0.23386,0.00676,0.09562,0.0731,0.03715,0.01521
76.18,0.0415,0.04229,0.00088,0.20963,0.01875,-0.06296,-0.03905,0.025,-0.37965,-0.60015,0.29065,0,-0.07055,0.10344,0,-0.07186,0.61124,0.23325,-0.05988,-0.67869,-0.49992,0.01619,-0.35754,-2.2474,-1.39652,-0.12781,-0.65175,0.4122,-1.03732,0.07479,0.03315,0.09366,0.04812,-0.097,-0.22426,0.05889,0.08249,0.07715,0.03308,0.0131
76.2,0.05089,0.046,-0.00378,0.23332,0.02176,-0.06475,0.04787,-0.00743,-0.35149,-0.71798,0.384,0,-0.06881,0.08823,0,-0.04868,0.52408,0.22203,-0.0531,-0.60044,-0.41822,0.01206,-0.27956,-2.03868,-1.12793,-0.11851,-0.74532,0.33632,-0.94771,-0.14989,0.0437,0.08636,0.04488,-0.0989,-0.21209,0.10924,0.06701,0.08028,0.02841,0.01072
76.22,0.05932,0.04917,-0.0096,0.25354,0.02358,-0.06729,0.13177,-0.04064,-0.31531,-0.82606,0.384,-0,-0.0674,0.0736,0,-0.02502,0.42539,0.2057,-0.04531,-0.50086,-0.31933,0.00715,-0.1879,-1.77438,-0.81552,-0.10778,-0.82196,0.25865,-0.82797,-0.36548,0.05312,0.07623,0.04016,-0.09883,-0.19754,0.15626,0.04997,0.08219,0.02338,0.00819
76.24,0.06646,0.05171,-0.0164,0.26913,0.02452,-0.07034,0.20997,-0.07358,-0.27146,-0.92095,0.384,-0,-0.06132,0.05796,0,7e-05,0.3256,0.18957,-0.03843,-0.38447,-0.21135,0.00186,-0.09082,-1.48111,-0.48346,-0.09629,-0.88076,0.18167,-0.68328,-0.56467,0.06124,0.06365,0.03415,-0.09714,-0.18092,0.1984,0.03208,0.08265,0.01822,0.00562
76.26,0.07206,0.05361,-0.02402,0.27949,0.02489,-0.07375,0.28069,-0.10543,-0.22053,-1.00048,0.384,-0,-0.04714,0.0403,1e-05,0.02704,0.23212,0.17781,-0.03357,-0.25289,-0.09888,-0.00344,0.00607,-1.17583,-0.14771,-0.0841,-0.92191,0.1071,-0.51944,-0.74226,0.06802,0.04909,0.02709,-0.09409,-0.16287,0.23422,0.01396,0.08149,0.01313,0.0031
76.28,0.07596,0.05482,-0.0322,0.28456,0.02493,-0.0774,0.34256,-0.13532,-0.16381,-1.06323,0.384,0,-0.02349,0.02048,1e-05,0.05553,0.14955,0.17321,-0.03095,-0.10542,0.01679,-0.00843,0.0995,-0.86633,0.18299,-0.07075,-0.94646,0.03641,-0.344,-0.89407,0.07351,0.03315,0.01928,-0.08992,-0.14449,0.26208,-0.00378,0.07871,0.00831,0.00075
76.3,0.07805,0.0553,-0.04056,0.28467,0.02488,-0.08123,0.39408,-0.16218,-0.10355,-1.10793,0.384,0,0.00911,-0.00076,1e-05,0.08427,0.08049,0.17739,-0.03005,0.05964,0.1364,-0.01275,0.18764,-0.55443,0.50394,-0.05531,-0.95581,-0.02868,-0.167,-1.01563,0.07777,0.01672,0.01119,-0.0848,-0.12741,0.27995,-0.02036,0.07436,0.00401,-0.00131
76.32,0.07822,0.05501,-0.04867,0.28037,0.0249,-0.08515,0.43375,-0.18482,-0.04254,-1.13338,0.384,0,0.04873,-0.02202,1e-05,0.11132,0.0261,0.19099,-0.02988,0.24356,0.26131,-0.01609,0.26947,-0.23933,0.81245,-0.03664,-0.95139,-0.08639,0.00051,-1.10269,0.08086,0.00076,0.00331,-0.07891,-0.11337,0.28586,-0.03499,0.06863,0.00045,-0.00295
76.34,0.07644,0.0539,-0.05617,0.27222,0.02516,-0.08906,0.46052,-0.20221,0.01654,-1.134,0.384,0,0.09289,-0.04163,1e-05,0.13469,-0.0137,0.21386,-0.02944,0.44561,0.39186,-0.01823,0.34429,0.07899,1.10636,-0.01355,-0.93441,-0.13551,0.14943,-1.15289,0.08286,-0.01389,-0.00393,-0.07245,-0.10364,0.27877,-0.04702,0.06173,-0.00219,-0.00408
76.36,0.07273,0.05194,-0.06276,0.26074,0.02579,-0.0928,0.47418,-0.21366,0.07146,-1.12505,0.384,0,0.13901,-0.05793,1e-05,0.15255,-0.03998,0.2451,-0.02801,0.66127,0.52588,-0.01912,0.41123,0.39635,1.38225,0.01491,-0.90573,-0.17572,0.27423,-1.16692,0.08379,-0.02668,-0.01025,-0.06565,-0.09856,0.25917,-0.05613,0.05395,-0.00389,-0.00469
76.38,0.06725,0.04912,-0.06826,0.24643,0.02687,-0.0961,0.47518,-0.21878,0.12013,-1.09294,0.384,0,0.18413,-0.06914,1e-05,0.16325,-0.05448,0.28287,-0.0252,0.88018,0.65722,-0.01884,0.46849,0.70106,1.63267,0.0492,-0.86606,-0.20734,0.37228,-1.14854,0.08368,-0.03722,-0.01546,-0.05888,-0.09749,0.2294,-0.06222,0.04567,-0.00474,-0.00482
76.4,0.06028,0.04548,-0.07245,0.22987,0.02846,-0.09858,0.46451,-0.21734,0.16019,-1.04496,0.384,0,0.22469,-0.07336,0,0.16516,-0.05928,0.32426,-0.02098,1.0855,0.77546,-0.01762,0.51305,0.97284,1.84483,0.08911,-0.81611,-0.23093,0.44273,-1.104,0.08251,-0.04525,-0.01944,-0.0526,-0.09903,0.19346,-0.06536,0.03745,-0.0049,-0.0046
76.42,0.05217,0.04107,-0.07519,0.21163,0.03058,-0.09985,0.44342,-0.20926,0.18935,-0.98389,0.384,0,0.25694,-0.06885,0,0.15689,-0.05657,0.36567,-0.01554,1.25733,0.86828,-0.01575,0.54139,1.18777,2.00328,0.13365,-0.75664,-0.24709,0.48604,-1.04074,0.08028,-0.0506,-0.02211,-0.04733,-0.10139,0.156,-0.06573,0.02986,-0.00461,-0.00415
76.44,0.04327,0.03599,-0.07637,0.1922,0.0332,-0.09958,0.41325,-0.19469,0.20612,-0.91225,0.384,0,0.27779,-0.05464,-0,0.13777,-0.04842,0.40346,-0.0092,1.37886,0.9257,-0.01352,0.55086,1.32713,2.09544,0.18106,-0.68836,-0.25644,0.50403,-0.96561,0.07698,-0.05327,-0.0235,-0.04341,-0.10302,0.12087,-0.06364,0.02336,-0.00408,-0.0036
76.46,0.0339,0.03034,-0.076,0.172,0.03624,-0.09766,0.37538,-0.17415,0.2103,-0.83213,0.384,0,0.28534,-0.03101,-0,0.10824,-0.03664,0.43424,-0.00233,1.44023,0.94284,-0.01115,0.54069,1.38321,2.11525,0.22861,-0.6122,-0.25953,0.49993,-0.88402,0.0727,-0.0535,-0.02373,-0.04087,-0.10302,0.09012,-0.05955,0.01814,-0.00344,-0.00302
76.48,0.02444,0.02429,-0.0742,0.15149,0.03953,-0.0942,0.33152,-0.14865,0.20305,-0.74567,0.384,0,0.27887,0.00027,-0,0.07012,-0.02291,0.45475,0.00463,1.43892,0.92042,-0.0088,0.51225,1.36008,2.06364,0.27223,-0.52986,-0.25682,0.47834,-0.80028,0.06763,-0.05178,-0.02301,-0.03944,-0.10125,0.06409,-0.0541,0.01416,-0.00277,-0.00246
76.5,0.01533,0.01809,-0.07117,0.13133,0.04279,-0.08951,0.28384,-0.11978,0.18662,-0.65558,0.384,0,0.25878,0.03593,-1e-05,0.02664,-0.00875,0.46169,0.01111,1.37847,0.8639,-0.00661,0.46882,1.2717,1.94761,0.30643,-0.44424,-0.24864,0.44495,-0.71821,0.06209,-0.04878,-0.02168,-0.03862,-0.09819,0.04175,-0.04808,0.01124,-0.00209,-0.00192
76.52,0.00708,0.01208,-0.06717,0.11225,0.04573,-0.08401,0.23479,-0.08949,0.16385,-0.56479,0.384,-0,0.22631,0.0719,-1e-05,-0.01815,0.00447,0.45223,0.01653,1.26662,0.78151,-0.00468,0.41471,1.13746,1.77792,0.32541,-0.3589,-0.23525,0.40561,-0.6411,0.05643,-0.04521,-0.02005,-0.03781,-0.09464,0.02152,-0.04233,0.00909,-0.00139,-0.00138
76.54,6e-05,0.00652,-0.06243,0.09478,0.04805,-0.07812,0.18646,-0.05964,0.13741,-0.47572,0.384,-0,0.18347,0.1043,-1e-05,-0.0604,0.01573,0.42495,0.02042,1.11291,0.68156,-0.00306,0.35407,0.97629,1.56636,0.32497,-0.27693,-0.21705,0.36502,-0.57143,0.0509,-0.04166,-0.01841,-0.03652,-0.09119,0.00205,-0.03747,0.00746,-0.00068,-0.00083
76.56,-0.00551,0.00159,-0.05712,0.0792,0.04956,-0.07214,0.1404,-0.03184,0.1094,-0.38994,0.384,-0,0.13307,0.13007,-1e-05,-0.09702,0.02443,0.38059,0.02255,0.92787,0.57099,-0.00178,0.29021,0.80327,1.32459,0.30383,-0.20044,-0.19473,0.32596,-0.51075,0.04564,-0.03844,-0.0169,-0.03451,-0.0879,-0.01707,-0.03382,0.00616,3e-05,-0.00028
76.58,-0.00955,-0.00257,-0.05139,0.06554,0.05014,-0.06629,0.09793,-0.0076,0.08143,-0.3088,0.23894,0,0.07911,0.14689,-0,-0.12548,0.03028,0.32259,0.0229,0.72399,0.45583,-0.00081,0.22595,0.63001,1.06558,0.2641,-0.13103,-0.16946,0.28941,-0.46018,0.04059,-0.03558,-0.01555,-0.03185,-0.08427,-0.03498,-0.03136,0.00512,0.00067,0.00024
76.6,-0.01209,-0.00586,-0.0454,0.0538,0.04973,-0.06077,0.06045,0.0115,0.05488,-0.23401,0.10031,0,0.02688,0.15304,-0,-0.14362,0.03326,0.25692,0.02166,0.51648,0.34187,-0.00013,0.16403,0.46592,0.80483,0.21096,-0.07036,-0.14299,0.25501,-0.42085,0.03567,-0.03293,-0.01431,-0.02889,-0.07927,-0.04963,-0.02983,0.00438,0.00115,0.00066
76.62,-0.0132,-0.00821,-0.03933,0.04391,0.04832,-0.05576,0.02927,0.024,0.03086,-0.16743,-0.01578,0,-0.01799,0.1474,-0,-0.14977,0.03355,0.19074,0.01911,0.32117,0.23446,0.00032,0.10698,0.31837,0.55841,0.15125,-0.02003,-0.11729,0.22165,-0.39366,0.03072,-0.03018,-0.01306,-0.02611,-0.07178,-0.05848,-0.02878,0.00405,0.00134,0.0009
76.64,-0.01302,-0.00957,-0.03328,0.03576,0.04595,-0.0513,0.00519,0.02902,0.01017,-0.11021,-0.10407,0,-0.05117,0.12981,-0,-0.14323,0.03143,0.13022,0.01559,0.15059,0.13748,0.00059,0.05657,0.19198,0.33896,0.09134,0.01901,-0.0939,0.18819,-0.37862,0.02565,-0.02709,-0.01169,-0.02393,-0.06098,-0.05962,-0.02777,0.00419,0.00119,0.00092
76.66,-0.01176,-0.01,-0.02735,0.02916,0.04268,-0.04736,-0.01177,0.02657,-0.00677,-0.06246,-0.16299,0,-0.07064,0.10134,-0,-0.1247,0.02733,0.07917,0.01143,0.0118,0.05311,0.00071,0.01364,0.08854,0.15366,0.03588,0.04671,-0.07366,0.15402,-0.37436,0.02044,-0.02353,-0.01016,-0.02257,-0.04676,-0.05259,-0.02642,0.00475,0.00068,0.0007
76.68,-0.00967,-0.00962,-0.0216,0.02391,0.03867,-0.04382,-0.02228,0.01759,-0.01975,-0.02354,-0.19441,0,-0.07681,0.06457,-0,-0.0964,0.02181,0.03917,0.00699,-0.09302,-0.01768,0.00074,-0.02164,0.00783,0.00519,-0.01207,0.0638,-0.05674,0.11947,-0.37813,0.01521,-0.01958,-0.00849,-0.022,-0.02993,-0.03863,-0.02446,0.00561,-0.00011,0.00028
76.7,-0.0071,-0.00858,-0.01617,0.01984,0.03412,-0.04053,-0.02746,0.00389,-0.02863,0.0075,-0.20281,0,-0.07205,0.02352,-0,-0.06205,0.01556,0.01013,0.00264,-0.16509,-0.07433,0.00069,-0.04937,-0.05141,-0.10653,-0.05058,0.07145,-0.04287,0.08595,-0.38602,0.01023,-0.0155,-0.00678,-0.02202,-0.01213,-0.02045,-0.02177,0.00651,-0.00101,-0.00024
76.72,-0.00438,-0.00709,-0.01118,0.01685,0.02935,-0.03732,-0.02867,-0.01229,-0.03339,0.03168,-0.1941,0,-0.05987,-0.01711,-0,-0.02605,0.00932,-0.00911,-0.00124,-0.20785,-0.11663,0.00061,-0.06978,-0.09107,-0.18343,-0.07864,0.07112,-0.03154,0.05553,-0.39365,0.00585,-0.01166,-0.00518,-0.02238,0.00457,-0.00143,-0.01828,0.00719,-0.00183,-0.00077
76.74,-0.00182,-0.00534,-0.00677,0.01486,0.02464,-0.03408,-0.02721,-0.02879,-0.0342,0.05,-0.17426,0,-0.04385,-0.05319,-0,0.00759,0.00373,-0.02023,-0.00432,-0.22609,-0.14495,0.00051,-0.08328,-0.11364,-0.22915,-0.09624,0.0644,-0.0222,0.03009,-0.39713,0.00228,-0.00841,-0.00383,-0.02287,0.01849,0.01555,-0.01404,0.00743,-0.00243,-0.00121
76.76,0.00034,-0.00347,-0.00299,0.01382,0.02031,-0.03076,-0.0242,-0.04389,-0.03156,0.0633,-0.14859,0,-0.02701,-0.0819,-0,0.03597,-0.00077,-0.02503,-0.00644,-0.22536,-0.16039,0.00041,-0.09049,-0.12218,-0.24881,-0.10436,0.05305,-0.01444,0.01088,-0.39371,-0.00041,-0.00597,-0.00282,-0.02352,0.02874,0.02891,-0.00917,0.00718,-0.00269,-0.0015
76.78,0.00195,-0.00164,0.0001,0.01367,0.01673,-0.02744,-0.02054,-0.05625,-0.02631,0.0722,-0.12164,0,-0.01168,-0.10167,-0,0.05724,-0.00393,-0.02521,-0.00749,-0.21173,-0.16467,0.00031,-0.09214,-0.12022,-0.24871,-0.10488,0.03901,-0.00804,-0.00147,-0.38194,-0.00238,-0.00444,-0.00222,-0.02457,0.03532,0.03843,-0.00388,0.0065,-0.00261,-0.00162
76.8,0.0029,4e-05,0.00246,0.01441,0.01428,-0.02429,-0.01692,-0.06482,-0.01957,0.07694,-0.09736,-0,0.00031,-0.11193,-0,0.07027,-0.0056,-0.0224,-0.00749,-0.19157,-0.15991,0.00022,-0.089,-0.11154,-0.23594,-0.10037,0.02447,-0.00309,-0.00673,-0.36155,-0.00396,-0.00385,-0.00204,-0.02643,0.0389,0.045,0.00147,0.00562,-0.00224,-0.00158
76.82,0.00311,0.00145,0.00404,0.01604,0.01339,-0.02157,-0.01384,-0.06882,-0.01256,0.07754,-0.07894,-0,0.00763,-0.11277,-0,0.07462,-0.00577,-0.01803,-0.0065,-0.17092,-0.14835,0.00014,-0.08184,-0.09977,-0.21756,-0.0936,0.01163,0.00012,-0.00505,-0.33307,-0.00553,-0.00416,-0.00229,-0.02958,0.04048,0.05004,0.00644,0.00481,-0.00166,-0.00143
76.84,0.00257,0.00249,0.00484,0.01851,0.01437,-0.01948,-0.01162,-0.06792,-0.00622,0.0741,-0.06842,-0,0.00959,-0.10486,0,0.07042,-0.00449,-0.01334,-0.00462,-0.15459,-0.13215,7e-05,-0.07149,-0.08792,-0.19968,-0.08699,0.0024,0.00111,0.00306,-0.29723,-0.00747,-0.00534,-0.00297,-0.0344,0.041,0.0548,0.01061,0.00436,-0.00094,-0.00119
76.86,0.00131,0.0031,0.00492,0.02173,0.01737,-0.01811,-0.01041,-0.06228,-0.00104,0.06699,-0.06652,-0,0.00619,-0.08933,0,0.05847,-0.00191,-0.0094,-0.00198,-0.14557,-0.11329,2e-05,-0.05889,-0.07812,-0.18685,-0.08215,-0.00178,-0.00063,0.01659,-0.25468,-0.01008,-0.00732,-0.00408,-0.04102,0.041,0.05981,0.01364,0.00445,-0.00014,-0.00088
76.88,-0.00056,0.00323,0.00443,0.02547,0.02234,-0.01744,-0.01016,-0.05267,0.00298,0.05698,-0.07254,-0,-0.00189,-0.06786,0,0.04028,0.00174,-0.00712,0.00124,-0.14499,-0.09367,-3e-05,-0.04518,-0.07158,-0.18207,-0.07989,4e-05,-0.00567,0.03397,-0.20629,-0.01354,-0.01004,-0.00559,-0.04923,0.04059,0.06472,0.01525,0.00516,0.00072,-0.00052
76.9,-0.00288,0.00285,0.00354,0.02941,0.02902,-0.01736,-0.01071,-0.04035,0.00619,0.04519,-0.08462,-0,-0.0133,-0.04268,1e-05,0.01803,0.00612,-0.00726,0.0048,-0.15239,-0.07524,-6e-05,-0.03176,-0.06879,-0.18694,-0.08029,0.00838,-0.01463,0.05313,-0.15333,-0.01791,-0.01342,-0.00749,-0.05849,0.03946,0.06836,0.0152,0.00649,0.00164,-0.00011
76.92,-0.00546,0.00194,0.0025,0.03316,0.03703,-0.01771,-0.01186,-0.02689,0.00928,0.033,-0.10021,-0,-0.02639,-0.01626,1e-05,-0.00575,0.01082,-0.01048,0.00842,-0.16638,-0.05986,-0.0001,-0.0201,-0.06983,-0.2021,-0.08298,0.02349,-0.02812,0.07195,-0.09734,-0.02313,-0.01739,-0.00973,-0.06801,0.03711,0.06909,0.01325,0.00833,0.00262,0.00035
76.94,-0.00812,0.00048,0.00154,0.03639,0.04598,-0.0183,-0.01345,-0.01373,0.01308,0.0218,-0.11685,-0,-0.03962,0.00922,1e-05,-0.02879,0.01547,-0.01727,0.01185,-0.18548,-0.04906,-0.00012,-0.01143,-0.07475,-0.22768,-0.08757,0.04543,-0.04665,0.08903,-0.03969,-0.02915,-0.02189,-0.01231,-0.07697,0.03313,0.06533,0.00917,0.01049,0.00364,0.00085
76.96,-0.01074,-0.00157,0.00087,0.03885,0.05555,-0.01899,-0.01545,-0.00199,0.0185,0.01288,-0.1326,-0,-0.05187,0.03213,0,-0.04935,0.01977,-0.02791,0.01489,-0.20867,-0.04389,-0.00015,-0.00652,-0.08384,-0.26346,-0.0938,0.07409,-0.07056,0.10421,0.01851,-0.03586,-0.02691,-0.01521,-0.08458,0.0274,0.056,0.00274,0.01268,0.00462,0.00135
76.98,-0.01325,-0.0042,0.00068,0.04039,0.06539,-0.01965,-0.01795,0.00752,0.02644,0.00744,-0.14602,-0,-0.06238,0.05129,0,-0.06614,0.02345,-0.04237,0.01736,-0.23533,-0.04492,-0.00017,-0.0057,-0.09766,-0.30877,-0.10163,0.10899,-0.09977,0.11851,0.07599,-0.04312,-0.03243,-0.01841,-0.09007,0.02022,0.04062,-0.00617,0.01447,0.00543,0.00179
77,-0.01559,-0.00742,0.00118,0.04092,0.07509,-0.02015,-0.02116,0.01419,0.03777,0.0067,-0.15604,-0,-0.07066,0.06577,0,-0.07814,0.02622,-0.06029,0.01909,-0.26511,-0.05238,-0.00018,-0.00897,-0.11689,-0.36222,-0.11113,0.14908,-0.13373,0.13394,0.13093,-0.05066,-0.0384,-0.02185,-0.09262,0.01229,0.01933,-0.01762,0.01534,0.00588,0.0021
77.02,-0.0177,-0.01119,0.0025,0.04034,0.08418,-0.02037,-0.02529,0.01757,0.05322,0.01178,-0.16198,-0,-0.0764,0.07482,-0,-0.0846,0.02782,-0.08101,0.01989,-0.29777,-0.06634,-0.00018,-0.01616,-0.1422,-0.42207,-0.12233,0.19298,-0.17155,0.15298,0.18116,-0.05817,-0.04467,-0.02543,-0.09143,0.00461,-0.00731,-0.03153,0.01469,0.00569,0.00215
77.04,-0.01959,-0.01548,0.00473,0.0385,0.09226,-0.02018,-0.03052,0.01752,0.07326,0.02351,-0.16359,-0,-0.07942,0.07795,-0,-0.08507,0.028,-0.10373,0.0196,-0.33321,-0.08688,-0.00017,-0.02724,-0.17402,-0.48664,-0.13499,0.23925,-0.21244,0.17803,0.22465,-0.06534,-0.051,-0.02901,-0.08583,-0.00167,-0.03862,-0.04774,0.01203,0.00454,0.00178
77.06,-0.02129,-0.02027,0.00788,0.03515,0.09902,-0.01942,-0.03685,0.01418,0.09797,0.04224,-0.16111,0,-0.07969,0.07491,-0,-0.07952,0.02656,-0.12745,0.01804,-0.37129,-0.1142,-0.00013,-0.04238,-0.21225,-0.55447,-0.14844,0.28647,-0.25578,0.21085,0.25977,-0.07192,-0.05703,-0.03237,-0.07541,-0.00536,-0.07391,-0.06593,0.00704,0.00205,0.00082
77.08,-0.02286,-0.02553,0.01182,0.02996,0.10419,-0.01787,-0.0441,0.00805,0.12678,0.06772,-0.15531,0,-0.07726,0.06579,-0,-0.06832,0.02332,-0.15087,0.01509,-0.41153,-0.14844,-6e-05,-0.06192,-0.25595,-0.62385,-0.1614,0.33292,-0.30086,0.25225,0.28505,-0.07763,-0.06219,-0.03521,-0.06008,-0.00524,-0.11227,-0.0855,-0.00037,-0.00222,-0.00097
77.1,-0.02438,-0.03112,0.0163,0.02254,0.10748,-0.01534,-0.05185,-9e-05,0.15842,0.09898,-0.14739,0,-0.0723,0.05089,-0,-0.05228,0.01816,-0.17225,0.01064,-0.45287,-0.18948,5e-05,-0.08624,-0.30315,-0.69242,-0.172,0.37627,-0.34658,0.30193,0.29888,-0.08219,-0.06568,-0.03712,-0.04016,-3e-05,-0.15235,-0.10544,-0.01006,-0.00871,-0.0038
77.12,-0.02592,-0.0369,0.02097,0.01257,0.10859,-0.01155,-0.05948,-0.00935,0.19109,0.1346,-0.13883,0,-0.06503,0.03075,-0,-0.03241,0.01095,-0.1898,0.00458,-0.49391,-0.23693,0.00021,-0.11556,-0.35114,-0.75765,-0.17807,0.41392,-0.3917,0.35884,0.29948,-0.0853,-0.06671,-0.03768,-0.01626,0.01134,-0.19284,-0.12434,-0.02171,-0.01787,-0.00792
77.14,-0.02751,-0.04268,0.02553,-0.00014,0.10722,-0.00616,-0.06635,-0.01904,0.22289,0.17306,-0.131,0,-0.05579,0.00599,0,-0.00976,0.00147,-0.20235,-0.00319,-0.53346,-0.29022,0.00043,-0.1498,-0.39718,-0.81772,-0.17769,0.44356,-0.43527,0.42178,0.28507,-0.08682,-0.06466,-0.03659,0.01086,0.0294,-0.23309,-0.14056,-0.03501,-0.03014,-0.01356
77.16,-0.02915,-0.04827,0.02971,-0.01548,0.10311,0.00121,-0.07183,-0.02886,0.25199,0.21288,-0.12503,0,-0.04505,-0.02268,0,0.01472,-0.0106,-0.20974,-0.01276,-0.57067,-0.34844,0.00072,-0.18831,-0.4387,-0.8721,-0.16957,0.46365,-0.47683,0.48963,0.25403,-0.08676,-0.05935,-0.03376,0.04022,0.05383,-0.27354,-0.15226,-0.04963,-0.04586,-0.02091
77.18,-0.03077,-0.05345,0.03329,-0.03291,0.09609,0.01099,-0.07525,-0.03883,0.27644,0.25237,-0.12178,0,-0.03349,-0.05416,-0,0.04001,-0.02561,-0.21288,-0.02415,-0.6049,-0.40989,0.00107,-0.22954,-0.4731,-0.92116,-0.15319,0.47321,-0.51619,0.5609,0.20519,-0.08537,-0.05109,-0.02938,0.0705,0.08317,-0.3155,-0.15729,-0.06519,-0.06517,-0.03006
77.2,-0.03224,-0.0579,0.03603,-0.05144,0.08606,0.02352,-0.0759,-0.04924,0.29403,0.28937,-0.12195,0,-0.02206,-0.08692,-0,0.06484,-0.04383,-0.21351,-0.03725,-0.63519,-0.47162,0.00149,-0.27079,-0.49717,-0.96538,-0.12877,0.47169,-0.55303,0.63327,0.13794,-0.08307,-0.04065,-0.02386,0.09984,0.11484,-0.36067,-0.1532,-0.08113,-0.08788,-0.04092
77.22,-0.03338,-0.06127,0.03773,-0.06989,0.07298,0.03907,-0.0731,-0.06033,0.30255,0.32163,-0.12628,0,-0.01176,-0.11908,-0,0.08775,-0.06549,-0.21363,-0.05185,-0.65956,-0.52922,0.00196,-0.30831,-0.50606,-1.00363,-0.09696,0.45873,-0.58685,0.70383,0.05214,-0.08036,-0.02908,-0.01779,0.1262,0.14571,-0.41058,-0.13773,-0.09675,-0.11348,-0.05327
77.24,-0.034,-0.06323,0.03823,-0.08732,0.05685,0.05773,-0.06632,-0.07215,0.30033,0.34746,-0.13577,0,-0.00328,-0.14883,-0,0.10731,-0.09082,-0.21465,-0.06778,-0.67424,-0.57682,0.00245,-0.33761,-0.49216,-1.03103,-0.05847,0.43416,-0.6171,0.76975,-0.05211,-0.07773,-0.01738,-0.01168,0.14799,0.17296,-0.466,-0.10951,-0.11133,-0.14112,-0.0667
77.26,-0.03394,-0.06356,0.03742,-0.10333,0.03775,0.0793,-0.0553,-0.08425,0.2867,0.36612,-0.15184,0,0.00317,-0.17461,0,0.12218,-0.12001,-0.21691,-0.0849,-0.673,-0.60696,0.0029,-0.35366,-0.44436,-1.03746,-0.01394,0.39795,-0.64314,0.82844,-0.17415,-0.07553,-0.00635,-0.00598,0.16441,0.19466,-0.52622,-0.06874,-0.12421,-0.16957,-0.08061
77.28,-0.03306,-0.06211,0.03529,-0.11797,0.01593,0.10313,-0.04019,-0.09557,0.26213,0.37775,-0.17622,0,0.00785,-0.1949,0,0.13099,-0.15297,-0.21943,-0.10298,-0.64701,-0.61023,0.00323,-0.35067,-0.34802,-1.00693,0.0358,0.35056,-0.664,0.8772,-0.31189,-0.07401,0.00338,-0.00101,0.17541,0.20974,-0.58851,-0.01759,-0.13463,-0.19695,-0.09406
77.3,-0.03125,-0.05884,0.03191,-0.13158,-0.00801,0.12804,-0.02153,-0.10446,0.22821,0.38315,-0.21077,0,0.01146,-0.20812,0,0.13232,-0.18912,-0.22014,-0.12156,-0.58545,-0.57567,0.00336,-0.32236,-0.18656,-0.91894,0.0894,0.293,-0.67828,0.91283,-0.46113,-0.07331,0.01128,0.00295,0.18153,0.21773,-0.64791,0.03973,-0.14171,-0.22068,-0.10576
77.32,-0.02843,-0.05375,0.02739,-0.14464,-0.03336,0.15251,-0.00017,-0.10908,0.18726,0.38354,-0.25679,0,0.01496,-0.21287,0,0.12501,-0.2274,-0.21642,-0.13998,-0.47844,-0.49347,0.00318,-0.2634,0.05368,-0.75408,0.14501,0.22662,-0.68429,0.93195,-0.61617,-0.07355,0.0169,0.0057,0.18377,0.21866,-0.69813,0.09771,-0.14452,-0.2379,-0.11431
77.34,-0.02458,-0.04694,0.02189,-0.15757,-0.05955,0.17513,0.02301,-0.10811,0.14177,0.38032,-0.31428,0,0.01948,-0.20844,1e-05,0.10874,-0.26628,-0.20611,-0.15734,-0.32128,-0.35913,0.00263,-0.17177,0.37625,-0.50235,0.20048,0.15251,-0.68054,0.93187,-0.77133,-0.07483,0.02,0.00711,0.18351,0.21297,-0.73323,0.15087,-0.14238,-0.24634,-0.11856
77.36,-0.01974,-0.03854,0.01563,-0.1706,-0.0863,0.19485,0.04715,-0.10118,0.0942,0.37493,-0.38112,0,0.02615,-0.19528,1e-05,0.0845,-0.30378,-0.18811,-0.17251,-0.11805,-0.17691,0.00172,-0.05074,0.76834,-0.16998,0.25335,0.07144,-0.66603,0.91117,-0.92138,-0.07724,0.02057,0.00718,0.18247,0.20155,-0.74866,0.19439,-0.13504,-0.24483,-0.11794
77.38,-0.01404,-0.02886,0.00892,-0.18361,-0.11342,0.21086,0.07121,-0.08905,0.04725,0.36885,-0.384,0,0.0361,-0.17509,1e-05,0.05485,-0.33709,-0.1627,-0.18401,0.11604,0.03799,0.00054,0.08982,1.19643,0.2165,0.30036,-0.01561,-0.64045,0.86998,-1.06057,-0.08088,0.01886,0.00605,0.18273,0.18577,-0.74131,0.224,-0.12274,-0.23348,-0.11251
77.4,-0.00778,-0.01836,0.00218,-0.19611,-0.14066,0.22242,0.09394,-0.07353,0.00408,0.36359,-0.384,0,0.05031,-0.1508,0,0.02387,-0.3625,-0.1315,-0.18996,0.35496,0.25989,-0.00075,0.23359,1.6069,0.6111,0.33731,-0.10693,-0.60421,0.80994,-1.18168,-0.08583,0.01532,0.00393,0.18661,0.16746,-0.70939,0.23571,-0.1062,-0.21347,-0.10285
77.42,-0.00126,-0.00761,-0.00412,-0.20733,-0.16769,0.22899,0.11395,-0.05694,-0.03211,0.36052,-0.384,0,0.06935,-0.1258,0,-0.00377,-0.37613,-0.09701,-0.1885,0.56794,0.45872,-0.00197,0.36161,1.93855,0.95947,0.35984,-0.20033,-0.5582,0.73369,-1.27703,-0.09202,0.01054,0.00114,0.19626,0.14856,-0.65249,0.22641,-0.08638,-0.18663,-0.08989
77.44,0.00527,0.00291,-0.00958,-0.21647,-0.19432,0.23032,0.13017,-0.04146,-0.05909,0.36056,-0.384,0,0.09307,-0.10305,0,-0.02426,-0.3752,-0.06177,-0.17838,0.72941,0.60966,-0.00295,0.45834,2.14274,1.2168,0.36488,-0.29384,-0.50359,0.64417,-1.34063,-0.0991,0.00517,-0.00197,0.2131,0.13057,-0.572,0.19494,-0.06411,-0.15479,-0.07454
77.46,0.01172,0.01284,-0.014,-0.22288,-0.22044,0.22668,0.14206,-0.02859,-0.07613,0.36396,-0.384,0,0.1202,-0.08435,-0,-0.03554,-0.3589,-0.02802,-0.15951,0.8253,0.69937,-0.0036,0.51553,2.19684,1.35929,0.35167,-0.38596,-0.44179,0.54453,-1.36959,-0.10634,-0.00015,-0.00505,0.23734,0.11418,-0.47164,0.14304,-0.03991,-0.11944,-0.05755
77.48,0.01811,0.02192,-0.01732,-0.22602,-0.2459,0.21886,0.14953,-0.01921,-0.08402,0.37028,-0.384,0,0.14815,-0.07041,-0,-0.0375,-0.32877,0.00219,-0.13319,0.85375,0.72678,-0.0039,0.53272,2.10682,1.3858,0.32208,-0.47494,-0.37494,0.43874,-1.36407,-0.11255,-0.00477,-0.00771,0.26764,0.09934,-0.35833,0.07591,-0.01415,-0.08192,-0.0396
77.5,0.02453,0.0299,-0.01959,-0.2254,-0.27031,0.20812,0.15282,-0.01371,-0.08472,0.37842,-0.384,0,0.17296,-0.06106,-1e-05,-0.0316,-0.28844,0.02681,-0.10204,0.82301,0.70095,-0.0039,0.51586,1.90322,1.31401,0.28034,-0.55823,-0.30614,0.33215,-1.32678,-0.11607,-0.00796,-0.00952,0.30121,0.0855,-0.24226,0.00201,0.01281,-0.04364,-0.02139
77.52,0.03107,0.03654,-0.02089,-0.22056,-0.2931,0.19589,0.15234,-0.01205,-0.08084,0.38691,-0.384,0,0.19017,-0.05551,-1e-05,-0.02026,-0.24263,0.04394,-0.0693,0.74712,0.63669,-0.00369,0.47447,1.62979,1.17213,0.23182,-0.63274,-0.23889,0.23069,-1.26195,-0.1151,-0.00907,-0.01005,0.33453,0.07184,-0.13479,-0.06884,0.04053,-0.00601,-0.00361
77.54,0.03784,0.04171,-0.02136,-0.21111,-0.3138,0.18336,0.14845,-0.01389,-0.07496,0.39443,-0.384,0,0.19621,-0.05275,-1e-05,-0.006,-0.19564,0.05236,-0.03774,0.64037,0.54874,-0.00332,0.41791,1.32767,0.98781,0.18139,-0.69576,-0.17587,0.13933,-1.17429,-0.10819,-0.00762,-0.00901,0.36452,0.05774,-0.04474,-0.12849,0.06855,0.02987,0.0132
77.56,0.04489,0.04536,-0.02109,-0.19681,-0.33213,0.1712,0.14147,-0.0186,-0.06916,0.40005,-0.384,0,0.18928,-0.05167,-1e-05,0.0091,-0.15049,0.05186,-0.00905,0.514,0.44827,-0.00285,0.3531,1.02576,0.78137,0.13239,-0.74544,-0.11835,0.06128,-1.06863,-0.09461,-0.00348,-0.00629,0.38924,0.04299,0.02373,-0.17236,0.09632,0.06327,0.02872
77.58,0.05219,0.04755,-0.02015,-0.17766,-0.34789,0.15961,0.13158,-0.02528,-0.065,0.40325,-0.37628,0,0.16964,-0.05121,-1e-05,0.02345,-0.10902,0.04327,0.01611,0.37614,0.34259,-0.00228,0.2843,0.74039,0.56544,0.08677,-0.78043,-0.06647,-0.00163,-0.95051,-0.07453,0.00311,-0.00202,0.40793,0.02803,0.0712,-0.1995,0.12299,0.09362,0.0427
77.6,0.05953,0.04838,-0.0186,-0.15394,-0.3608,0.14846,0.11894,-0.0327,-0.06354,0.40387,-0.31824,0,0.13941,-0.05035,-1e-05,0.03579,-0.07231,0.02838,0.0378,0.23283,0.23609,-0.0016,0.2138,0.47837,0.34685,0.04549,-0.79953,-0.01984,-0.04823,-0.82668,-0.04901,0.01157,0.00343,0.42062,0.01396,0.10191,-0.21189,0.14722,0.12023,0.05487
77.62,0.06663,0.04799,-0.01649,-0.12618,-0.37046,0.1374,0.10348,-0.03952,-0.06549,0.40195,-0.26249,0,0.1018,-0.04817,-0,0.04516,-0.04065,0.00952,0.05664,0.08824,0.13078,-0.00078,0.14225,0.23959,0.12769,0.00879,-0.80171,0.02218,-0.07799,-0.7041,-0.01962,0.02101,0.00955,0.42776,0.00228,0.12216,-0.21313,0.16741,0.14237,0.06494
77.64,0.07318,0.04648,-0.01386,-0.0949,-0.37641,0.12607,0.08481,-0.04443,-0.07126,0.3976,-0.21056,0,0.05999,-0.0439,-0,0.05089,-0.01353,-0.01089,0.07353,-0.05559,0.02673,0.00026,0.06909,0.0193,-0.09396,-0.02375,-0.78657,0.06016,-0.09134,-0.58804,0.01203,0.03045,0.01577,0.42976,-0.00563,0.13842,-0.20686,0.18216,0.15947,0.07272
77.66,0.07892,0.04399,-0.0108,-0.06068,-0.37815,0.11419,0.0621,-0.04632,-0.08105,0.3909,-0.16384,0,0.0166,-0.03702,0,0.05262,0.01047,-0.03063,0.08959,-0.19841,-0.07734,0.00156,-0.00706,-0.18969,-0.32283,-0.05309,-0.75474,0.09439,-0.08993,-0.48115,0.04461,0.03889,0.02152,0.42668,-0.00882,0.15593,-0.19568,0.19051,0.17128,0.07812
77.68,0.08355,0.04064,-0.00744,-0.02432,-0.37512,0.10171,0.03424,-0.04427,-0.09478,0.38194,-0.12406,0,-0.02622,-0.02731,0,0.05021,0.03347,-0.0476,0.10589,-0.34061,-0.18315,0.00319,-0.08764,-0.39484,-0.56447,-0.08037,-0.70809,0.12449,-0.07663,-0.384,0.07685,0.04522,0.02618,0.41818,-0.0068,0.17827,-0.18095,0.19193,0.17777,0.08118
77.7,0.08677,0.03657,-0.00399,0.01291,-0.36669,0.08885,6e-05,-0.03754,-0.11208,0.3708,-0.09355,0,-0.0665,-0.01478,1e-05,0.04372,0.05793,-0.05975,0.12337,-0.48197,-0.2918,0.00518,-0.17353,-0.60166,-0.82313,-0.10672,-0.64984,0.14927,-0.05536,-0.29618,0.10734,0.04824,0.02909,0.40354,0.00052,0.20721,-0.16296,0.18623,0.17902,0.08195
77.72,0.08823,0.03194,-0.00068,0.04953,-0.35223,0.07594,-0.04152,-0.02546,-0.13248,0.3575,-0.07503,0,-0.10298,0.00061,1e-05,0.03301,0.08618,-0.06536,0.14258,-0.62112,-0.40306,0.00756,-0.26458,-0.81155,-1.10004,-0.13282,-0.58386,0.16715,-0.03044,-0.2168,0.13463,0.04685,0.02962,0.38197,0.01276,0.24289,-0.14139,0.17338,0.17526,0.08055
77.74,0.08766,0.0269,0.00228,0.08436,-0.33127,0.06315,-0.09128,-0.00742,-0.15575,0.3418,-0.07112,0,-0.1359,0.01945,1e-05,0.01737,0.11979,-0.06369,0.16346,-0.75534,-0.5146,0.01025,-0.3593,-1.01957,-1.39199,-0.15859,-0.51378,0.17686,-0.00576,-0.14494,0.15745,0.04034,0.02738,0.35292,0.02912,0.28398,-0.11584,0.15345,0.16695,0.07723
77.76,0.0849,0.02156,0.0048,0.11668,-0.30368,0.05027,-0.14938,0.01712,-0.18196,0.32316,-0.08382,0,-0.16753,0.04318,1e-05,-0.00473,0.15898,-0.05534,0.18518,-0.88002,-0.62124,0.01316,-0.45433,-1.21225,-1.68936,-0.1829,-0.44248,0.17802,0.0157,-0.08,0.17491,0.02867,0.02229,0.3165,0.0482,0.32774,-0.08636,0.12655,0.15488,0.07237
77.78,0.07995,0.01608,0.00683,0.14611,-0.26989,0.03684,-0.21492,0.04847,-0.21142,0.30083,-0.11446,0,-0.20205,0.07394,1e-05,-0.03557,0.20223,-0.0424,0.20585,-0.98755,-0.7138,0.01603,-0.54359,-1.36539,-1.9733,-0.20323,-0.37259,0.17122,0.03187,-0.02243,0.18634,0.01261,0.01474,0.2738,0.06791,0.36963,-0.05376,0.09307,0.14031,0.06658
77.8,0.07293,0.01066,0.00837,0.1723,-0.23104,0.02223,-0.28558,0.0865,-0.24433,0.27408,-0.16354,0,-0.24494,0.11425,1e-05,-0.0778,0.24619,-0.02832,0.22259,-1.06697,-0.77919,0.01855,-0.61807,-1.44491,-2.21525,-0.21582,-0.30688,0.15787,0.04136,0.02603,0.19118,-0.00628,0.0055,0.22701,0.08542,0.40339,-0.01975,0.05383,0.12492,0.06068
77.82,0.06412,0.00555,0.00945,0.19488,-0.18874,0.00591,-0.35803,0.13052,-0.2806,0.24236,-0.23044,0,-0.30137,0.16616,0,-0.13359,0.2866,-0.01697,0.23219,-1.10654,-0.80347,0.02033,-0.66786,-1.41538,-2.38334,-0.21659,-0.24802,0.13983,0.04344,0.06296,0.18902,-0.02605,-0.00447,0.17894,0.09779,0.42237,0.0135,0.01004,0.1105,0.0555
77.84,0.05383,0.00093,0.01011,0.2135,-0.14465,-0.01237,-0.42869,0.17926,-0.31955,0.20557,-0.31295,0,-0.37414,0.23021,0,-0.20342,0.31965,-0.01143,0.23223,-1.09804,-0.7771,0.02109,-0.68563,-1.25377,-2.45336,-0.20275,-0.19781,0.11894,0.03813,0.08667,0.17988,-0.04489,-0.01423,0.13213,0.1028,0.42169,0.04401,-0.03679,0.09843,0.05165
77.86,0.0425,-0.00306,0.01041,0.22788,-0.10032,-0.03232,-0.4941,0.23058,-0.35955,0.16435,-0.384,0,-0.46191,0.30437,-0,-0.28503,0.34288,-0.01305,0.22188,-1.04003,-0.69868,0.02074,-0.669,-0.95974,-2.4163,-0.17398,-0.15678,0.09674,0.02625,0.09705,0.16435,-0.06147,-0.0231,0.08843,0.09967,0.39979,0.0704,-0.0848,0.08933,0.04935
77.88,0.03069,-0.00636,0.0104,0.2376,-0.05752,-0.05292,-0.55044,0.28109,-0.39771,0.12043,-0.384,0,-0.55813,0.38328,-0,-0.37251,0.35522,-0.02129,0.20217,-0.93884,-0.57635,0.01936,-0.62122,-0.56012,-2.28018,-0.13289,-0.12442,0.07458,0.00952,0.09569,0.14381,-0.07491,-0.03059,0.04922,0.08917,0.35899,0.09177,-0.13137,0.08307,0.0484
77.9,0.0192,-0.00891,0.01012,0.2421,-0.01847,-0.07236,-0.59317,0.32594,-0.42973,0.07681,-0.384,0,-0.6511,0.45819,-1e-05,-0.45624,0.35663,-0.03389,0.17578,-0.80794,-0.42707,0.0172,-0.55045,-0.10728,-2.06807,-0.08481,-0.09964,0.05375,-0.00949,0.08557,0.12033,-0.08461,-0.03633,0.01574,0.07344,0.30504,0.10748,-0.17294,0.07888,0.04825
77.92,0.0089,-0.01064,0.00962,0.24064,0.01446,-0.08844,-0.61747,0.35959,-0.4506,0.03704,-0.384,0,-0.72649,0.51866,-1e-05,-0.52481,0.34771,-0.04765,0.14624,-0.66433,-0.27224,0.01461,-0.46742,0.3335,-1.8108,-0.0365,-0.08102,0.0354,-0.02781,0.07033,0.09632,-0.09016,-0.04003,-0.01093,0.05537,0.2455,0.11707,-0.20554,0.07566,0.04816
77.94,0.0005,-0.01155,0.00892,0.23257,0.03944,-0.09922,-0.6193,0.3773,-0.4559,0.00416,-0.384,0,-0.77139,0.55544,-1e-05,-0.56811,0.3292,-0.05947,0.11678,-0.52325,-0.13115,0.01193,-0.38195,0.70351,-1.53662,0.006,-0.06703,0.02034,-0.04289,0.05332,0.07383,-0.09137,-0.04153,-0.03016,0.03762,0.18728,0.1203,-0.22582,0.07227,0.04739
77.96,-0.00561,-0.01164,0.00804,0.21746,0.05554,-0.10345,-0.59618,0.37598,-0.44268,-0.02006,-0.384,0,-0.77703,0.56237,-1e-05,-0.57945,0.30176,-0.06711,0.08961,-0.39495,-0.01698,0.00937,-0.30083,0.96287,-1.26516,0.03857,-0.05614,0.00892,-0.05297,0.03705,0.05412,-0.08825,-0.04079,-0.04192,0.0221,0.1351,0.11723,-0.23177,0.06777,0.04538
77.98,-0.00931,-0.01099,0.00699,0.19523,0.06274,-0.10063,-0.54745,0.35445,-0.40967,-0.035,-0.384,0,-0.73928,0.53669,-1e-05,-0.55583,0.2661,-0.06926,0.06594,-0.28493,0.06334,0.00707,-0.22798,1.09133,-1.00781,0.05909,-0.04702,0.00109,-0.05716,0.02309,0.03781,-0.08098,-0.03789,-0.04669,0.00992,0.09154,0.10821,-0.22277,0.06151,0.04177
78,-0.01301,-0.01033,0.00595,0.173,0.06995,-0.09781,-0.49873,0.33291,-0.37667,-0.04994,-0.384,0,-0.70153,0.51102,-1e-05,-0.53221,0.23044,-0.0714,0.04227,-0.17492,0.14366,0.00478,-0.15512,1.21978,-0.75045,0.07962,-0.03789,-0.00675,-0.06134,0.00913,0.02149,-0.07372,-0.035,-0.05145,-0.00227,0.04798,0.09918,-0.21376,0.05524,0.03815
